416 837 
626 1298 
121 570 
89 497 
122 771 
192 743 
82 596 
235 954 
176 404 
73 79 
237 78 
284 383 
431 717 
96 1384 
153 667 
619 1373 
155 517 
107 884 
75 79 
203 1228 
287 785 
240 542 
82 79 
113 427 
243 545 
218 1047 
159 870 
141 550 
908 1401 
537 617 
87 681 
125 477 
84 79 
223 809 
1334 800 
309 967 
117 335 
214 540 
187 672 
172 87 
234 689 
733 750 
185 549 
330 618 
158 595 
214 477 
482 1374 
157 516 
93 495 
175 849 
209 641 
549 859 
293 812 
208 357 
172 698 
406 674 
129 592 
372 743 
152 443 
310 853 
325 657 
297 531 
212 242 
126 644 
184 747 
322 854 
105 743 
114 612 
289 579 
151 361 
293 876 
92 674 
91 562 
73 174 
181 617 
132 947 
103 492 
221 622 
241 488 
169 525 
302 713 
77 1077 
95 541 
438 569 
177 620 
103 594 
278 738 
128 563 
264 548 
92 892 
315 901 
161 655 
119 1123 
324 828 
204 639 
239 923 
197 279 
72 581 
463 551 
497 1375 
108 677 
93 856 
199 990 
378 966 
674 776 
179 542 
109 899 
188 711 
566 613 
183 902 
112 485 
75 78 
109 452 
72 80 
269 965 
213 476 
222 565 
116 451 
689 1010 
237 637 
119 841 
191 625 
277 648 
107 588 
231 607 
425 946 
218 930 
572 987 
144 608 
133 562 
461 1208 
101 349 
73 79 
126 588 
121 976 
139 896 
248 773 
157 307 
124 79 
133 221 
272 682 
101 978 
93 468 
92 541 
116 429 
274 1432 
274 741 
146 399 
272 627 
166 780 
254 582 
333 627 
152 419 
303 603 
180 102 
184 678 
242 846 
72 78 
399 599 
209 677 
590 1438 
317 1224 
170 901 
389 811 
72 82 
140 306 
143 408 
76 79 
763 1123 
192 604 
182 625 
375 948 
138 691 
98 172 
126 606 
121 741 
80 289 
543 906 
155 377 
142 371 
246 541 
169 632 
175 617 
467 772 
107 929 
184 499 
353 754 
209 812 
589 1057 
117 214 
242 677 
310 1106 
109 625 
308 727 
372 518 
155 648 
260 662 
395 716 
242 620 
103 903 
471 1385 
181 550 
554 524 
74 80 
354 516 
96 575 
74 79 
753 763 
577 1183 
153 292 
163 86 
275 844 
148 859 
78 337 
513 1290 
198 657 
200 498 
162 560 
74 382 
204 399 
239 1035 
156 826 
118 498 
196 1443 
159 666 
176 533 
212 783 
262 518 
371 438 
289 1079 
348 988 
173 1153 
150 799 
146 421 
407 682 
159 505 
118 456 
252 784 
99 308 
232 825 
128 761 
174 853 
425 78 
191 641 
418 653 
140 724 
624 641 
288 602 
650 1297 
194 549 
87 850 
420 1292 
110 417 
185 890 
678 755 
110 518 
180 796 
248 599 
331 874 
202 591 
653 1088 
284 1414 
156 501 
101 666 
252 215 
295 1388 
882 984 
182 784 
874 817 
269 657 
77 78 
704 486 
301 723 
726 1457 
197 820 
326 617 
127 1229 
127 720 
218 782 
178 721 
242 954 
224 1081 
359 871 
285 778 
499 928 
101 506 
146 638 
223 859 
172 605 
219 793 
121 681 
161 599 
289 407 
269 658 
267 784 
183 520 
155 941 
353 812 
343 544 
131 135 
660 816 
137 182 
219 474 
73 775 
369 962 
217 365 
317 883 
506 749 
102 333 
168 579 
106 624 
739 1562 
319 1193 
202 987 
174 319 
273 422 
418 1155 
206 422 
177 657 
477 688 
189 860 
541 634 
100 332 
728 1442 
262 476 
395 848 
294 979 
360 749 
540 970 
140 350 
251 483 
471 386 
467 1007 
186 511 
539 1061 
551 925 
227 706 
207 723 
94 595 
451 494 
96 770 
732 1299 
319 983 
374 979 
542 836 
118 754 
1261 909 
457 863 
327 621 
252 900 
229 552 
263 772 
108 717 
401 807 
140 786 
307 1484 
549 1283 
166 898 
129 440 
72 84 
458 1174 
73 83 
99 218 
323 326 
291 958 
73 78 
1099 1561 
191 714 
514 1119 
244 447 
195 518 
153 275 
321 958 
203 701 
195 687 
210 504 
171 357 
81 79 
119 936 
309 757 
280 784 
159 967 
238 657 
86 695 
185 528 
141 443 
102 492 
167 608 
177 582 
132 683 
149 480 
420 586 
293 978 
130 494 
235 227 
178 761 
212 730 
165 1148 
159 509 
273 420 
419 863 
277 1022 
80 559 
551 1088 
113 472 
212 778 
103 1234 
1072 772 
188 1232 
138 359 
77 716 
209 753 
437 966 
155 344 
119 541 
140 997 
100 587 
227 813 
256 1323 
329 961 
81 1050 
106 567 
326 847 
1537 645 
274 866 
143 443 
207 732 
207 911 
149 388 
99 415 
135 553 
149 735 
152 79 
202 670 
329 912 
500 917 
159 406 
781 1388 
226 696 
133 686 
153 487 
353 1271 
78 86 
253 552 
73 79 
128 364 
879 766 
1027 1391 
135 386 
95 529 
250 615 
240 498 
149 368 
221 648 
79 704 
383 1116 
128 591 
106 192 
701 1452 
263 795 
245 773 
212 824 
215 675 
161 811 
176 613 
105 334 
109 648 
798 1289 
446 525 
130 408 
165 758 
72 552 
153 481 
185 488 
699 1141 
258 590 
204 615 
102 792 
122 432 
81 398 
97 688 
144 565 
458 137 
383 888 
109 618 
284 495 
318 663 
394 639 
489 1008 
105 658 
225 440 
275 409 
189 500 
341 125 
128 534 
175 564 
570 538 
240 660 
613 314 
156 78 
181 340 
73 81 
351 755 
410 729 
576 873 
94 922 
127 395 
88 744 
886 1301 
135 734 
128 457 
633 1027 
154 722 
174 531 
73 201 
149 548 
147 276 
192 667 
203 586 
76 714 
155 604 
151 629 
558 1205 
132 875 
103 734 
328 434 
364 667 
244 491 
78 83 
176 676 
133 373 
86 79 
138 599 
476 911 
189 466 
166 769 
516 896 
150 571 
156 79 
207 881 
572 1224 
900 1698 
108 790 
157 79 
239 479 
83 482 
253 438 
104 711 
241 78 
147 603 
225 747 
73 231 
455 386 
113 117 
232 907 
145 538 
237 78 
192 1014 
371 1108 
167 588 
261 959 
369 954 
430 849 
155 483 
136 363 
220 553 
220 1324 
628 1480 
773 1559 
172 748 
116 688 
164 674 
85 78 
120 656 
150 275 
132 580 
826 602 
468 908 
181 598 
632 790 
538 80 
343 909 
279 391 
383 432 
764 422 
190 899 
179 949 
143 615 
466 502 
150 869 
197 768 
120 568 
431 883 
176 1257 
249 932 
172 759 
365 414 
147 451 
155 891 
146 891 
170 636 
341 620 
292 510 
487 286 
436 80 
392 1028 
120 484 
239 1312 
224 746 
713 1606 
346 846 
544 1169 
119 551 
80 340 
238 694 
716 1392 
139 542 
176 787 
386 877 
132 601 
363 610 
762 1118 
389 1223 
197 837 
197 979 
394 416 
112 472 
329 854 
300 581 
374 1213 
268 914 
819 1373 
214 931 
88 584 
91 79 
666 1192 
89 398 
72 78 
126 695 
138 870 
155 395 
259 718 
115 961 
236 604 
183 628 
109 567 
137 367 
78 608 
732 1271 
183 329 
528 1168 
199 425 
272 808 
456 826 
609 823 
191 807 
409 143 
119 364 
201 1280 
150 434 
127 1104 
327 860 
261 651 
151 883 
137 503 
243 630 
175 630 
635 1284 
203 384 
404 685 
499 951 
128 587 
119 316 
166 726 
1059 1277 
73 78 
86 430 
130 704 
513 667 
274 572 
266 894 
83 334 
114 493 
396 730 
73 562 
141 79 
109 80 
231 549 
375 720 
74 79 
212 770 
515 835 
356 950 
271 615 
263 815 
177 990 
229 731 
516 589 
285 489 
221 576 
127 366 
282 697 
91 424 
319 672 
198 606 
147 687 
96 542 
249 791 
201 629 
155 1377 
112 305 
129 724 
155 775 
159 517 
135 481 
88 719 
424 871 
578 894 
258 632 
100 80 
264 790 
201 461 
266 627 
184 990 
341 422 
229 633 
341 646 
87 370 
168 682 
209 1242 
260 1182 
136 865 
113 459 
261 796 
788 996 
191 589 
76 782 
200 709 
211 1042 
163 514 
125 633 
233 728 
286 882 
78 98 
491 1008 
113 78 
315 1323 
438 768 
585 157 
886 1687 
158 1209 
124 493 
145 629 
176 817 
607 1548 
73 80 
155 600 
974 1607 
101 783 
183 783 
258 394 
257 582 
147 883 
685 789 
205 870 
89 261 
131 594 
267 506 
72 88 
342 512 
495 873 
239 342 
530 78 
74 524 
303 684 
151 1306 
283 698 
235 80 
161 624 
362 908 
239 607 
75 507 
227 826 
290 589 
664 665 
107 635 
104 484 
356 561 
143 649 
169 532 
164 79 
278 680 
82 427 
91 767 
225 662 
144 606 
208 1076 
203 1173 
356 1123 
267 396 
293 218 
310 643 
554 486 
414 949 
266 1027 
357 1033 
289 620 
554 536 
179 671 
383 83 
82 113 
211 389 
792 898 
295 805 
385 759 
93 481 
219 567 
181 484 
159 398 
161 793 
512 982 
73 277 
360 574 
122 435 
380 761 
104 346 
179 782 
178 532 
120 805 
270 1235 
959 1392 
392 783 
134 599 
249 861 
125 499 
350 913 
268 873 
533 822 
118 1161 
156 597 
187 754 
420 93 
79 432 
287 358 
388 853 
236 980 
417 78 
77 418 
228 532 
740 1442 
236 426 
220 604 
274 872 
74 450 
170 620 
361 614 
127 674 
141 654 
166 422 
151 78 
102 477 
608 928 
177 624 
108 902 
299 425 
122 426 
564 919 
185 1363 
100 600 
98 746 
93 427 
190 1459 
1055 445 
233 576 
144 584 
154 538 
145 542 
322 1089 
190 619 
309 556 
186 612 
106 584 
275 487 
144 478 
363 994 
132 841 
125 967 
203 570 
332 659 
159 570 
154 316 
236 670 
360 847 
78 291 
294 784 
134 512 
163 542 
238 695 
192 548 
213 490 
273 1020 
206 1044 
115 213 
653 1414 
339 840 
121 257 
175 421 
387 554 
189 548 
171 387 
73 97 
250 363 
155 659 
516 934 
342 749 
193 413 
111 1037 
141 888 
170 623 
365 909 
175 599 
289 746 
496 1075 
216 1032 
129 558 
1362 1458 
557 490 
270 642 
165 428 
249 782 
220 270 
245 492 
563 802 
824 589 
188 1457 
541 1133 
112 1061 
73 78 
180 766 
73 78 
271 762 
320 437 
321 830 
411 526 
176 694 
256 1100 
250 884 
258 708 
128 577 
95 269 
147 596 
155 833 
1646 960 
258 709 
140 648 
160 582 
243 395 
252 629 
207 847 
246 534 
150 461 
351 590 
101 80 
429 808 
78 698 
173 989 
147 600 
301 933 
193 481 
74 519 
135 875 
127 462 
590 834 
369 79 
72 228 
143 484 
130 1021 
189 580 
155 353 
155 317 
220 1099 
133 320 
163 483 
710 671 
142 832 
592 1621 
206 262 
90 607 
232 466 
84 1367 
416 993 
114 301 
135 759 
425 550 
189 782 
82 476 
93 1249 
360 1046 
166 191 
119 427 
476 1140 
209 80 
147 853 
660 1238 
200 647 
105 736 
302 821 
171 394 
631 710 
174 537 
520 527 
196 843 
233 573 
86 786 
230 781 
235 469 
74 78 
210 524 
220 595 
378 1446 
73 82 
200 716 
459 947 
480 1698 
134 499 
108 314 
797 1367 
146 459 
94 443 
73 129 
436 839 
302 756 
194 645 
726 1333 
218 320 
256 357 
135 507 
122 501 
164 919 
108 501 
282 593 
411 1034 
237 743 
288 560 
239 801 
267 1077 
301 1314 
143 1211 
127 565 
287 729 
175 660 
1753 445 
233 439 
75 103 
87 488 
288 738 
315 791 
359 634 
1503 1528 
1348 115 
114 400 
168 874 
74 79 
74 895 
327 721 
104 611 
577 1362 
294 699 
180 589 
161 426 
74 79 
260 955 
318 760 
239 533 
413 320 
201 684 
436 404 
476 790 
1856 1526 
400 702 
108 536 
277 1356 
430 1202 
239 727 
297 982 
362 373 
268 564 
733 607 
457 1030 
372 84 
327 709 
324 950 
545 1385 
123 759 
164 513 
143 615 
193 595 
213 908 
160 476 
258 361 
159 575 
585 1231 
156 1089 
322 832 
326 698 
195 655 
243 659 
624 1074 
168 606 
286 547 
117 478 
158 399 
184 643 
298 508 
110 594 
338 1236 
331 701 
311 1037 
239 550 
210 772 
1490 643 
294 642 
160 493 
118 760 
82 80 
302 879 
243 535 
316 749 
90 512 
418 1256 
462 376 
240 576 
280 526 
192 390 
515 570 
140 659 
137 780 
192 530 
164 1131 
112 306 
359 850 
675 559 
173 465 
339 1239 
158 488 
413 206 
202 504 
278 630 
154 690 
138 373 
117 563 
289 590 
1048 1633 
90 95 
369 987 
243 957 
159 424 
73 79 
191 624 
108 570 
228 505 
205 1185 
300 599 
206 812 
138 452 
80 82 
171 436 
76 222 
449 1029 
117 630 
74 229 
226 919 
315 675 
228 1243 
260 593 
147 363 
222 1167 
160 702 
321 1127 
108 251 
160 311 
125 78 
444 1003 
133 544 
125 876 
700 1592 
702 956 
190 813 
294 911 
231 649 
176 599 
123 681 
86 952 
198 1279 
120 392 
287 732 
178 79 
116 682 
176 880 
157 465 
393 615 
493 983 
160 714 
195 415 
208 826 
74 110 
126 79 
85 810 
677 86 
245 445 
86 83 
79 86 
294 823 
188 804 
307 602 
235 331 
169 653 
80 363 
125 883 
321 839 
247 612 
1451 79 
119 351 
92 500 
314 611 
758 877 
258 672 
187 697 
233 558 
179 552 
121 672 
741 980 
297 663 
284 675 
333 430 
130 625 
238 466 
156 534 
84 394 
194 957 
612 932 
449 1567 
276 604 
93 146 
179 1346 
256 912 
544 465 
77 96 
275 913 
241 511 
329 883 
262 1330 
151 366 
104 437 
585 886 
159 545 
304 565 
188 401 
1217 1558 
262 612 
179 567 
297 836 
203 479 
679 797 
147 770 
157 481 
597 1375 
276 395 
125 613 
593 666 
141 673 
110 649 
176 621 
180 957 
243 885 
89 546 
299 623 
284 713 
518 1311 
138 403 
286 856 
562 589 
86 303 
303 432 
103 849 
76 79 
93 488 
72 808 
240 347 
71 79 
91 343 
150 618 
281 1054 
268 589 
153 561 
343 565 
241 708 
115 442 
119 568 
214 268 
234 79 
365 546 
194 474 
321 413 
130 670 
263 511 
182 949 
418 1094 
113 466 
327 477 
336 989 
226 763 
205 652 
140 381 
392 78 
280 602 
181 785 
118 633 
94 405 
166 473 
120 325 
909 1516 
142 562 
139 865 
74 636 
174 641 
74 79 
285 946 
188 804 
137 529 
186 632 
103 712 
1496 1013 
74 705 
211 611 
347 429 
341 972 
218 79 
85 915 
111 761 
114 464 
496 104 
149 737 
199 798 
305 623 
147 430 
90 732 
75 79 
270 790 
73 79 
278 936 
190 80 
224 821 
135 288 
150 768 
157 461 
159 184 
496 972 
159 447 
205 910 
249 867 
201 701 
208 730 
955 1512 
226 770 
157 783 
136 386 
134 851 
330 516 
236 909 
108 743 
538 1112 
273 1618 
203 763 
159 523 
165 616 
124 735 
159 676 
224 637 
246 673 
168 592 
74 82 
293 919 
74 937 
186 895 
163 593 
93 143 
478 1013 
151 607 
241 514 
112 467 
241 1011 
401 1298 
525 587 
195 644 
349 991 
140 697 
184 537 
299 953 
163 579 
530 1107 
74 80 
162 79 
146 662 
166 831 
73 104 
252 1021 
200 622 
306 584 
357 254 
120 350 
982 1058 
258 750 
214 771 
74 953 
180 390 
124 550 
95 614 
91 644 
206 680 
300 805 
168 864 
107 747 
167 895 
147 299 
296 1240 
303 863 
748 1455 
139 80 
556 849 
340 1199 
357 915 
389 677 
211 795 
190 467 
137 407 
180 513 
260 934 
233 496 
135 583 
291 704 
197 79 
119 784 
236 377 
760 859 
164 562 
413 420 
179 852 
272 1165 
319 1032 
209 824 
229 838 
221 79 
117 499 
126 815 
343 984 
217 309 
334 1429 
128 339 
723 144 
115 397 
308 974 
108 106 
506 854 
344 509 
100 83 
92 876 
218 601 
165 1012 
142 502 
166 538 
291 80 
93 464 
195 939 
328 591 
381 261 
144 623 
172 789 
90 455 
104 529 
167 379 
409 174 
248 541 
94 584 
256 401 
690 632 
164 820 
289 764 
86 521 
119 841 
85 771 
334 936 
238 729 
106 665 
141 384 
147 455 
372 505 
73 87 
179 411 
113 220 
255 746 
336 418 
296 430 
235 708 
249 490 
336 980 
273 710 
490 1040 
151 586 
161 824 
275 954 
179 487 
428 1152 
364 751 
131 1351 
93 920 
373 613 
247 1054 
165 665 
105 730 
580 1268 
380 652 
147 458 
234 610 
202 624 
129 610 
161 510 
153 401 
100 412 
124 862 
214 649 
229 727 
359 868 
370 1384 
417 854 
151 550 
451 785 
140 480 
231 672 
126 584 
132 802 
168 670 
108 833 
150 551 
327 868 
596 936 
168 479 
301 790 
222 681 
202 828 
216 396 
156 1383 
211 590 
441 822 
486 390 
224 318 
81 452 
199 854 
249 707 
249 767 
295 1507 
84 240 
485 1009 
187 694 
129 517 
187 623 
98 312 
459 1164 
120 301 
269 453 
295 687 
354 842 
550 723 
202 557 
192 790 
163 521 
332 598 
208 1253 
171 426 
386 912 
74 212 
99 416 
229 512 
268 873 
217 824 
94 361 
82 331 
74 639 
169 533 
73 86 
524 795 
292 654 
208 594 
193 589 
163 618 
89 229 
434 1066 
225 517 
76 509 
866 1129 
322 785 
229 483 
76 488 
229 737 
536 873 
227 729 
174 178 
80 79 
384 1106 
829 1702 
171 926 
182 666 
499 878 
204 471 
188 213 
91 894 
356 640 
149 505 
125 378 
157 867 
399 850 
283 730 
536 1112 
95 698 
271 865 
129 715 
158 444 
131 1148 
275 518 
819 775 
719 1203 
104 479 
100 870 
110 535 
313 597 
76 137 
157 402 
145 375 
349 422 
183 826 
198 254 
72 78 
94 78 
218 501 
266 517 
286 627 
197 423 
174 1070 
87 597 
141 641 
130 488 
143 550 
379 807 
272 712 
201 866 
249 418 
478 679 
168 448 
99 681 
266 663 
95 406 
73 150 
195 832 
278 350 
203 296 
155 684 
140 899 
152 709 
221 370 
212 495 
271 688 
497 1226 
365 1051 
189 478 
701 1452 
73 78 
424 598 
659 1431 
724 373 
162 147 
83 826 
280 1307 
146 728 
230 891 
165 627 
204 403 
89 284 
583 1509 
230 313 
260 525 
72 177 
165 365 
122 525 
296 584 
258 864 
163 871 
73 359 
182 618 
614 1472 
455 788 
429 1123 
142 460 
77 160 
278 877 
95 524 
73 118 
375 588 
178 628 
335 698 
626 774 
217 489 
554 883 
344 770 
229 687 
1064 1635 
878 1325 
379 287 
275 915 
88 561 
315 1016 
80 593 
172 381 
126 393 
189 829 
79 656 
453 378 
148 640 
172 1156 
388 843 
127 516 
506 774 
175 1288 
740 1104 
239 488 
161 452 
162 545 
243 621 
264 686 
310 686 
286 886 
197 1329 
110 797 
572 784 
152 533 
114 336 
217 643 
158 706 
398 719 
194 567 
279 660 
422 368 
311 590 
208 555 
1906 1486 
100 512 
354 720 
296 652 
98 408 
90 419 
245 835 
113 548 
494 1327 
196 638 
681 861 
113 729 
284 823 
485 934 
627 612 
282 1003 
208 483 
142 751 
817 841 
170 450 
238 895 
489 1158 
566 622 
216 832 
276 1075 
75 152 
134 655 
256 713 
454 1489 
746 957 
89 565 
232 641 
620 1141 
447 1186 
150 504 
215 1008 
160 865 
176 471 
170 666 
193 448 
87 379 
72 225 
288 1043 
243 557 
142 862 
316 502 
275 523 
401 1255 
430 683 
221 447 
274 658 
181 594 
160 851 
54 435 
82 881 
132 997 
107 522 
73 86 
168 414 
318 941 
418 905 
73 79 
127 588 
376 1133 
200 755 
76 78 
169 594 
316 446 
88 78 
252 648 
397 1051 
211 955 
157 591 
318 630 
295 78 
118 319 
164 959 
293 1006 
202 848 
598 1113 
568 896 
74 91 
264 346 
409 768 
199 79 
281 245 
180 83 
320 892 
411 887 
164 510 
315 1498 
327 844 
440 850 
1885 257 
257 83 
171 820 
372 605 
109 754 
141 713 
211 664 
219 566 
126 480 
131 575 
199 784 
154 786 
74 308 
157 907 
121 257 
241 421 
293 1169 
262 909 
182 511 
126 592 
90 634 
106 339 
129 657 
183 663 
450 1442 
246 459 
767 1354 
365 1464 
286 498 
131 503 
213 966 
1568 1619 
167 219 
77 79 
193 889 
476 81 
480 906 
209 638 
434 595 
110 691 
102 390 
309 783 
253 782 
116 587 
173 589 
400 1452 
220 645 
228 192 
336 826 
234 418 
185 897 
164 388 
98 91 
74 461 
256 618 
124 565 
316 1085 
85 670 
177 365 
163 427 
136 395 
131 497 
147 761 
173 405 
96 78 
79 692 
245 684 
169 906 
887 1110 
240 864 
310 842 
163 972 
167 632 
471 497 
141 78 
300 409 
357 558 
160 680 
266 546 
405 777 
748 1310 
451 78 
97 635 
73 78 
282 532 
635 1126 
496 597 
340 890 
345 519 
128 435 
245 709 
238 948 
370 1211 
316 963 
259 860 
161 448 
117 352 
75 103 
270 462 
83 554 
240 825 
97 345 
266 971 
501 1117 
283 1025 
142 759 
202 496 
305 735 
223 983 
284 559 
192 584 
244 101 
131 829 
418 1026 
295 470 
228 592 
242 385 
419 1490 
278 758 
274 714 
161 453 
105 763 
371 669 
186 255 
130 591 
81 807 
218 1244 
431 881 
88 288 
455 793 
209 726 
355 1126 
86 79 
86 526 
132 366 
276 1378 
269 811 
464 803 
73 79 
177 1098 
185 1565 
73 270 
162 889 
170 577 
491 1437 
107 699 
168 459 
769 1309 
661 972 
276 760 
162 384 
391 744 
73 294 
151 619 
709 610 
249 698 
276 1126 
256 506 
123 324 
406 555 
412 1429 
334 98 
249 610 
734 827 
103 239 
111 439 
107 795 
565 809 
249 496 
349 1267 
577 92 
117 664 
546 991 
305 883 
316 878 
280 905 
121 921 
180 619 
234 78 
120 415 
143 1204 
234 640 
139 263 
274 308 
342 140 
168 458 
166 645 
133 1057 
77 117 
131 533 
155 736 
301 713 
127 467 
169 473 
233 773 
324 350 
685 683 
166 1482 
73 80 
100 388 
204 1238 
122 353 
182 824 
94 684 
230 442 
628 80 
228 518 
138 506 
160 440 
241 702 
309 1031 
162 726 
93 442 
412 1289 
301 1034 
177 687 
141 462 
98 595 
196 977 
172 641 
142 824 
1195 856 
96 731 
128 80 
455 1324 
232 1305 
222 647 
147 788 
533 679 
155 1325 
945 1571 
125 928 
396 719 
119 794 
179 609 
139 814 
94 398 
308 672 
139 585 
136 535 
671 1162 
160 1371 
299 869 
197 319 
96 1486 
140 687 
119 375 
876 840 
199 1126 
392 939 
367 138 
158 941 
78 129 
216 475 
122 508 
164 723 
686 868 
74 79 
390 889 
170 471 
230 676 
223 670 
312 964 
409 1212 
260 776 
277 625 
142 632 
146 820 
173 542 
224 533 
110 618 
1227 1605 
90 1118 
581 1508 
127 693 
181 695 
467 1216 
160 578 
86 451 
354 638 
419 620 
514 606 
72 184 
229 803 
166 319 
138 651 
112 670 
116 317 
161 822 
678 1004 
169 481 
557 1138 
152 486 
304 866 
462 317 
81 80 
382 953 
193 494 
212 770 
170 586 
73 100 
277 603 
218 619 
928 1544 
117 395 
112 636 
124 623 
365 653 
139 838 
437 314 
80 694 
966 991 
200 626 
216 79 
196 1255 
239 779 
304 787 
88 79 
652 870 
356 899 
975 765 
164 662 
126 719 
85 500 
89 822 
671 1433 
422 722 
121 464 
606 809 
249 610 
214 670 
78 95 
81 636 
391 961 
413 717 
238 618 
411 1019 
78 476 
147 613 
107 553 
220 805 
375 913 
145 1513 
315 681 
110 464 
75 79 
205 528 
151 460 
73 78 
353 807 
409 580 
275 700 
116 949 
173 379 
128 792 
194 478 
377 486 
110 78 
74 215 
203 544 
1586 1157 
610 476 
355 463 
317 493 
153 684 
327 865 
375 838 
359 1103 
200 401 
248 618 
316 971 
282 1120 
100 542 
220 702 
194 1221 
192 476 
169 441 
227 463 
225 487 
415 1601 
222 939 
230 616 
193 580 
339 667 
400 471 
346 1518 
202 563 
182 787 
146 699 
283 700 
220 725 
418 79 
139 473 
185 716 
118 1140 
155 361 
276 924 
1395 638 
166 700 
542 831 
555 111 
112 462 
189 584 
162 481 
74 158 
205 483 
260 418 
175 697 
297 433 
510 1283 
81 1291 
72 412 
182 549 
153 226 
145 908 
260 728 
250 520 
304 941 
393 569 
116 90 
103 302 
208 79 
128 749 
309 79 
467 1071 
203 671 
522 871 
742 446 
574 1457 
186 831 
101 486 
121 379 
346 952 
250 444 
123 719 
113 226 
112 798 
1016 1111 
89 505 
95 336 
187 707 
73 137 
88 480 
405 938 
85 371 
249 935 
368 758 
194 533 
263 971 
307 79 
524 707 
350 276 
260 931 
83 394 
593 941 
99 661 
373 928 
73 238 
183 816 
258 1027 
370 847 
148 627 
165 403 
165 711 
113 578 
156 515 
255 1079 
135 742 
355 1119 
821 1269 
793 784 
416 813 
98 376 
157 436 
651 1318 
84 142 
75 120 
166 987 
286 820 
217 885 
179 629 
279 1703 
162 702 
117 561 
148 692 
271 755 
282 955 
188 1157 
230 426 
106 680 
198 784 
217 536 
130 360 
480 1118 
137 596 
256 621 
105 78 
179 518 
173 663 
241 662 
219 603 
305 1357 
99 580 
311 476 
251 720 
77 535 
207 660 
498 1088 
484 890 
982 1363 
247 1222 
92 820 
72 119 
180 613 
116 104 
153 543 
73 79 
152 667 
255 843 
250 739 
182 604 
77 535 
1828 1701 
73 80 
571 1252 
305 989 
132 541 
126 932 
1088 1577 
387 908 
176 684 
546 1266 
110 687 
80 562 
217 625 
273 283 
101 851 
1003 1099 
330 679 
88 530 
735 1582 
318 496 
678 712 
334 1610 
461 623 
103 557 
171 735 
80 835 
237 1110 
229 619 
288 1011 
1265 888 
232 1032 
296 548 
266 729 
163 845 
96 514 
264 513 
73 111 
428 628 
284 1010 
264 511 
139 371 
312 461 
199 719 
249 669 
176 608 
110 495 
252 826 
482 767 
261 1525 
175 510 
125 452 
256 1180 
473 656 
146 305 
411 852 
132 636 
86 358 
436 1228 
500 611 
315 1030 
362 697 
190 574 
242 487 
183 836 
424 1088 
273 1048 
74 255 
73 97 
202 698 
695 1369 
90 425 
75 584 
121 560 
114 850 
620 482 
128 501 
198 615 
628 1177 
127 387 
174 699 
167 628 
73 129 
167 745 
445 321 
313 79 
73 324 
150 1049 
366 1013 
131 393 
333 1377 
327 642 
185 645 
221 534 
322 83 
596 379 
293 164 
196 784 
162 654 
73 79 
450 1300 
243 754 
204 615 
149 480 
86 136 
447 1440 
168 690 
90 374 
272 467 
332 1157 
229 536 
209 457 
267 540 
738 1262 
348 858 
168 669 
73 79 
176 1350 
560 505 
101 397 
169 894 
297 873 
144 421 
561 598 
523 617 
380 653 
146 1261 
253 990 
204 1269 
153 724 
173 951 
125 501 
286 743 
378 931 
432 1193 
182 562 
312 732 
521 1121 
248 711 
184 640 
162 742 
90 331 
192 900 
222 693 
199 318 
317 628 
113 961 
351 893 
197 525 
74 553 
282 637 
201 709 
270 331 
278 750 
897 260 
374 868 
216 554 
364 617 
231 341 
225 726 
198 413 
177 182 
204 497 
121 362 
215 377 
157 563 
73 112 
237 564 
509 1082 
129 573 
201 969 
232 536 
122 272 
1031 1056 
186 569 
88 586 
367 864 
263 810 
208 768 
75 79 
221 1212 
458 1062 
105 388 
367 1187 
238 499 
119 606 
104 312 
206 1434 
306 470 
137 948 
260 969 
150 649 
104 233 
245 670 
402 758 
305 769 
111 160 
126 431 
804 894 
212 764 
287 548 
210 413 
128 426 
318 534 
142 428 
169 397 
828 1478 
273 656 
209 641 
180 651 
126 1240 
581 590 
434 893 
92 987 
338 1014 
231 687 
77 235 
287 639 
160 460 
193 541 
81 80 
205 595 
123 230 
141 490 
371 517 
157 634 
119 579 
92 168 
193 571 
340 609 
277 770 
337 1302 
144 570 
200 442 
203 746 
192 667 
117 649 
196 808 
404 792 
73 79 
175 856 
279 771 
99 794 
77 865 
395 808 
231 700 
487 740 
253 528 
206 748 
324 1280 
274 1470 
321 857 
362 1421 
297 635 
498 1533 
74 109 
290 768 
104 391 
89 119 
278 79 
167 706 
151 620 
177 804 
204 748 
155 709 
186 637 
478 596 
400 931 
133 813 
176 683 
319 729 
739 680 
280 843 
334 80 
163 528 
235 579 
275 590 
425 983 
303 784 
298 838 
465 688 
117 340 
148 1109 
380 915 
146 466 
314 1021 
106 825 
467 1204 
256 702 
193 384 
257 764 
199 532 
229 581 
284 716 
112 618 
135 731 
117 520 
643 887 
208 444 
344 1075 
362 662 
178 847 
186 579 
215 484 
463 1101 
292 440 
412 493 
169 740 
145 369 
196 270 
320 113 
106 551 
240 620 
74 388 
74 79 
329 1001 
557 1578 
75 525 
435 690 
271 695 
97 644 
381 1208 
516 79 
163 302 
251 529 
202 539 
433 1451 
75 80 
233 331 
78 613 
118 732 
171 407 
134 696 
487 1198 
151 765 
259 185 
370 626 
430 1343 
74 178 
176 714 
161 860 
293 652 
87 336 
291 596 
163 539 
738 801 
137 912 
73 391 
101 485 
271 984 
266 604 
1021 1261 
230 690 
208 701 
130 592 
145 602 
136 480 
299 582 
129 531 
103 367 
172 543 
288 950 
260 537 
310 498 
169 710 
316 892 
186 603 
73 80 
175 475 
189 686 
75 79 
246 458 
575 643 
160 634 
203 779 
187 942 
162 565 
140 484 
171 624 
133 846 
347 1268 
76 293 
434 362 
103 1109 
604 1456 
394 890 
87 308 
136 881 
375 678 
1112 1524 
131 700 
179 215 
427 605 
106 1059 
200 677 
187 582 
78 292 
195 615 
274 895 
114 79 
371 832 
200 1427 
304 904 
396 842 
104 80 
158 1151 
382 911 
125 672 
88 305 
73 80 
312 663 
94 421 
343 581 
147 692 
97 281 
161 632 
157 503 
147 889 
159 820 
621 1533 
558 724 
99 146 
1102 1114 
97 580 
83 303 
187 1404 
346 746 
199 789 
253 1503 
132 560 
121 436 
131 467 
303 506 
515 749 
146 498 
599 1344 
112 811 
193 599 
122 393 
74 80 
221 560 
315 466 
364 744 
171 679 
225 814 
181 592 
308 1078 
129 510 
117 454 
528 79 
217 288 
84 727 
155 243 
314 1159 
343 1121 
425 534 
241 641 
164 721 
227 1229 
231 635 
79 721 
168 448 
418 1313 
279 1018 
317 761 
81 454 
223 315 
198 848 
80 496 
160 650 
152 515 
435 1145 
219 560 
143 936 
167 400 
124 477 
422 881 
348 796 
402 999 
374 425 
300 246 
478 704 
132 585 
122 377 
348 1085 
74 243 
239 1004 
361 813 
1935 1702 
285 1170 
73 147 
295 923 
109 513 
195 497 
191 514 
144 586 
193 357 
272 472 
180 966 
215 725 
243 791 
218 1204 
211 564 
386 1271 
130 494 
790 81 
73 145 
136 384 
134 430 
241 539 
441 673 
318 883 
82 80 
241 632 
169 539 
157 590 
474 1249 
484 1111 
141 1437 
233 1006 
245 79 
256 778 
73 283 
87 529 
309 797 
240 388 
156 657 
355 1055 
273 593 
210 689 
299 746 
207 654 
290 80 
179 665 
228 383 
204 574 
224 556 
668 1649 
138 879 
323 567 
332 712 
203 710 
153 85 
324 867 
196 648 
76 221 
109 80 
243 998 
173 817 
74 393 
98 523 
307 505 
222 870 
131 407 
344 873 
180 1029 
103 544 
213 773 
119 648 
108 501 
214 1063 
252 1106 
266 1301 
216 848 
225 991 
74 79 
150 373 
363 847 
149 329 
278 752 
209 677 
216 755 
203 267 
78 418 
219 1183 
542 939 
74 415 
140 693 
124 573 
355 533 
1213 121 
111 398 
380 620 
192 777 
129 442 
124 324 
171 458 
274 718 
241 441 
214 515 
86 118 
288 651 
109 569 
107 601 
74 86 
100 685 
208 506 
136 688 
120 577 
744 1311 
191 537 
230 81 
132 703 
105 607 
166 602 
115 626 
739 1577 
115 574 
346 353 
209 447 
159 1148 
98 578 
236 844 
152 80 
74 79 
126 280 
413 1100 
177 644 
126 384 
307 1318 
221 1367 
259 570 
191 855 
87 861 
174 443 
142 252 
144 549 
184 417 
94 523 
211 796 
165 986 
111 881 
159 449 
