298 520 
195 645 
340 737 
496 790 
427 1085 
581 1231 
175 772 
382 1094 
207 553 
346 442 
274 763 
249 714 
863 1189 
242 307 
263 917 
741 1077 
327 924 
193 587 
198 643 
436 1015 
137 510 
550 649 
347 876 
116 937 
292 80 
311 370 
356 429 
368 577 
568 1131 
510 576 
75 493 
337 574 
395 1330 
616 1110 
629 865 
451 777 
384 811 
272 523 
392 463 
423 344 
500 658 
144 887 
541 585 
443 586 
299 591 
77 85 
94 544 
243 429 
576 498 
75 79 
276 543 
373 778 
384 887 
505 907 
76 601 
1812 146 
763 1078 
147 913 
596 1021 
231 766 
367 557 
77 79 
160 265 
73 102 
84 759 
350 627 
481 1001 
959 1327 
497 1282 
73 252 
1052 1362 
371 340 
226 554 
891 1082 
450 693 
385 644 
167 79 
1016 973 
1009 1537 
353 545 
534 1471 
209 510 
259 548 
525 576 
399 1048 
903 1385 
612 923 
311 539 
217 351 
311 450 
1313 1530 
248 466 
77 81 
308 605 
380 670 
670 839 
75 79 
574 1120 
165 713 
1217 1640 
189 566 
641 663 
74 79 
580 715 
564 553 
292 247 
74 301 
273 622 
418 438 
382 1124 
73 78 
320 648 
421 607 
351 80 
735 495 
517 507 
147 420 
281 737 
233 80 
293 600 
461 572 
405 583 
370 589 
392 531 
233 773 
268 403 
597 556 
74 79 
622 1280 
294 514 
1355 1634 
311 464 
141 608 
482 603 
356 813 
488 843 
575 573 
523 511 
329 408 
428 448 
517 562 
198 458 
354 941 
399 698 
385 592 
518 824 
558 752 
249 750 
203 568 
85 79 
925 956 
319 884 
78 211 
455 110 
112 572 
547 79 
72 275 
1070 609 
528 703 
285 497 
329 318 
304 647 
515 326 
399 479 
90 370 
868 1438 
73 330 
196 759 
453 897 
203 372 
492 865 
480 470 
443 609 
741 1171 
428 413 
315 806 
337 615 
614 874 
467 815 
180 621 
323 430 
74 348 
107 82 
1103 996 
248 516 
73 79 
346 501 
91 355 
291 590 
128 79 
408 396 
231 514 
487 564 
756 1334 
306 635 
77 92 
163 410 
319 532 
936 561 
487 920 
273 576 
1009 1015 
166 473 
529 770 
301 485 
136 331 
298 569 
474 877 
1077 1409 
358 602 
140 695 
1204 411 
311 619 
627 373 
89 98 
349 579 
658 93 
340 642 
1024 1075 
94 103 
338 647 
400 657 
440 494 
845 1280 
75 79 
803 1475 
1053 79 
364 370 
158 621 
873 1233 
361 551 
418 1067 
710 803 
327 889 
836 735 
370 492 
73 82 
392 955 
270 404 
90 79 
117 80 
282 555 
420 354 
929 937 
578 79 
86 170 
233 680 
606 861 
302 589 
351 630 
823 760 
632 1141 
836 1474 
381 567 
533 503 
61 784 
590 526 
459 681 
535 704 
228 668 
698 689 
569 957 
208 79 
140 569 
505 918 
590 422 
74 120 
500 566 
73 79 
163 1122 
970 595 
129 526 
82 79 
339 616 
75 93 
157 818 
373 900 
128 696 
425 583 
314 1155 
200 775 
861 643 
352 552 
538 619 
261 408 
363 807 
307 445 
75 79 
364 715 
74 81 
337 805 
85 273 
235 365 
648 764 
518 894 
73 79 
1012 405 
931 1384 
278 498 
218 1008 
266 670 
559 662 
381 542 
577 848 
370 777 
530 1373 
76 126 
561 1527 
912 766 
523 823 
536 823 
172 80 
284 555 
314 993 
486 565 
232 644 
446 719 
120 79 
293 490 
356 862 
253 586 
133 797 
277 613 
148 79 
940 341 
428 399 
275 553 
289 572 
600 972 
72 196 
381 533 
431 546 
860 420 
489 1296 
456 664 
318 782 
707 534 
257 694 
1464 1500 
219 554 
424 314 
1114 600 
462 754 
155 688 
602 671 
103 79 
257 701 
581 694 
498 605 
627 670 
189 1396 
171 579 
293 699 
72 118 
625 1162 
250 401 
426 454 
445 1092 
293 726 
1862 1375 
854 1230 
249 529 
367 746 
148 757 
469 1440 
521 793 
73 78 
429 910 
287 740 
75 133 
501 979 
346 548 
269 572 
594 1054 
589 1510 
216 775 
262 426 
572 733 
305 712 
281 313 
422 639 
247 441 
194 208 
775 1458 
104 182 
74 168 
231 271 
487 761 
329 705 
617 356 
361 197 
193 910 
172 710 
160 431 
873 560 
222 750 
360 616 
1068 589 
296 751 
123 178 
619 691 
222 662 
264 501 
217 599 
590 893 
763 1465 
539 876 
1604 78 
312 802 
108 141 
227 376 
332 433 
552 930 
514 1180 
244 457 
303 559 
583 641 
338 742 
73 79 
790 743 
619 1542 
698 1023 
146 617 
262 520 
351 699 
869 706 
322 401 
256 420 
222 79 
193 384 
615 764 
74 607 
73 534 
255 973 
474 903 
416 510 
142 79 
672 913 
301 517 
187 722 
73 431 
620 969 
304 611 
330 506 
96 961 
308 311 
305 79 
206 370 
683 1526 
217 616 
320 758 
286 437 
468 724 
305 835 
399 814 
1013 79 
505 994 
78 136 
834 1385 
379 646 
254 406 
391 372 
296 694 
625 80 
146 469 
444 664 
777 822 
598 87 
715 790 
314 1090 
311 308 
669 797 
566 981 
385 659 
210 623 
249 555 
304 761 
79 100 
1340 85 
571 485 
73 79 
203 314 
379 685 
512 1194 
256 373 
203 553 
241 735 
498 740 
437 78 
210 511 
532 1559 
200 746 
357 511 
444 420 
286 834 
647 734 
296 739 
203 512 
222 82 
610 626 
336 80 
515 601 
1207 1265 
434 443 
268 565 
367 411 
453 979 
1083 1133 
382 1368 
340 900 
707 1475 
177 84 
696 832 
194 163 
401 800 
73 578 
300 371 
485 1249 
293 861 
405 672 
1681 1290 
182 527 
550 621 
1273 986 
555 499 
846 952 
1529 1693 
74 79 
212 626 
323 520 
561 774 
290 665 
322 478 
328 625 
391 627 
449 802 
240 591 
204 469 
408 814 
395 527 
454 630 
135 787 
194 1172 
74 79 
230 718 
77 79 
507 466 
367 407 
74 79 
74 79 
182 467 
456 574 
273 694 
397 436 
220 440 
227 328 
244 555 
78 78 
580 1036 
362 578 
998 921 
783 938 
308 833 
551 1034 
772 744 
579 85 
114 554 
260 550 
203 663 
514 79 
367 667 
349 893 
251 494 
233 528 
239 323 
727 554 
283 825 
351 495 
73 145 
351 577 
252 482 
372 1112 
136 211 
578 897 
325 589 
164 677 
365 424 
526 468 
293 639 
364 1476 
511 1636 
431 669 
442 589 
291 689 
474 1132 
270 217 
707 607 
141 126 
206 642 
476 769 
379 694 
444 684 
938 596 
1161 639 
477 1250 
88 79 
190 939 
743 1237 
416 524 
584 1223 
587 614 
581 1363 
260 81 
247 446 
734 1428 
272 753 
544 668 
239 637 
948 1051 
298 540 
485 669 
471 532 
607 681 
194 82 
418 855 
261 663 
88 898 
493 774 
206 420 
354 1256 
236 530 
76 122 
224 765 
435 826 
434 1043 
546 533 
377 686 
414 792 
628 499 
195 507 
476 711 
177 503 
330 613 
214 456 
931 79 
288 501 
1132 187 
445 349 
364 650 
297 566 
300 825 
213 326 
362 406 
211 1212 
532 790 
467 660 
542 618 
516 937 
440 893 
403 646 
460 840 
310 610 
622 576 
652 573 
277 689 
411 539 
250 422 
396 715 
799 396 
834 919 
360 708 
262 392 
324 546 
872 544 
768 1586 
669 694 
225 400 
570 1112 
808 912 
327 479 
343 161 
348 913 
225 573 
801 528 
262 852 
272 287 
361 1381 
801 695 
340 404 
509 632 
354 766 
430 385 
688 814 
403 797 
214 551 
77 101 
367 552 
624 1196 
622 1020 
283 821 
303 514 
175 697 
73 78 
539 991 
388 1107 
74 79 
512 981 
735 1306 
485 764 
555 504 
582 898 
628 1380 
1150 1451 
73 922 
519 532 
211 446 
76 80 
638 415 
616 841 
237 748 
407 796 
133 969 
227 855 
347 851 
446 839 
565 417 
533 1131 
117 129 
547 929 
382 765 
265 700 
76 79 
287 1049 
190 373 
605 1247 
74 131 
444 593 
325 766 
353 1099 
226 956 
471 777 
455 565 
732 1178 
391 821 
651 774 
1434 1329 
501 794 
315 701 
273 614 
549 807 
169 412 
73 109 
132 535 
335 795 
490 835 
123 786 
204 1000 
449 632 
833 1040 
456 634 
359 708 
104 821 
240 580 
459 477 
220 658 
199 138 
295 638 
88 79 
422 433 
430 490 
399 735 
271 683 
164 617 
262 246 
73 102 
468 79 
253 574 
153 529 
354 1026 
568 994 
842 1191 
567 734 
459 799 
559 811 
284 368 
203 770 
426 714 
479 527 
230 438 
646 899 
1022 79 
280 790 
594 752 
74 79 
228 441 
933 1408 
659 1213 
243 618 
326 341 
921 482 
475 1135 
310 778 
513 873 
607 1495 
74 271 
85 79 
534 999 
627 490 
416 593 
644 835 
357 797 
73 79 
165 578 
243 692 
274 430 
383 513 
242 495 
367 841 
251 372 
305 976 
95 81 
359 568 
262 1232 
362 1091 
315 729 
363 1156 
197 465 
279 732 
293 529 
427 807 
378 987 
426 1144 
495 1404 
409 805 
275 763 
78 79 
320 552 
795 612 
390 692 
339 643 
506 808 
194 477 
613 711 
453 586 
516 970 
288 715 
284 370 
272 448 
276 837 
86 621 
585 1125 
257 616 
240 762 
89 118 
76 82 
493 1307 
583 869 
75 117 
655 453 
299 850 
260 683 
328 445 
351 558 
96 160 
532 815 
365 819 
110 79 
434 481 
1682 1668 
225 343 
380 727 
295 853 
375 675 
988 925 
343 749 
669 581 
344 943 
438 363 
675 943 
178 499 
400 512 
73 78 
398 947 
74 1381 
377 340 
385 565 
435 1252 
310 817 
275 393 
790 773 
427 704 
72 937 
702 1365 
1322 1307 
258 675 
196 712 
420 151 
870 628 
317 570 
462 914 
211 690 
411 722 
390 724 
566 885 
321 619 
73 78 
74 83 
309 799 
413 669 
197 546 
275 713 
345 1163 
116 439 
78 79 
1935 1262 
581 922 
118 509 
459 708 
218 392 
401 587 
364 629 
193 515 
237 829 
891 119 
122 514 
294 850 
290 404 
287 1380 
470 656 
1156 590 
355 1107 
1935 1645 
346 481 
504 413 
1548 1483 
487 591 
524 459 
317 468 
276 557 
192 360 
1139 1510 
711 1282 
336 653 
332 498 
304 375 
806 484 
77 79 
333 495 
316 465 
859 1585 
326 710 
369 446 
240 575 
353 368 
254 783 
586 79 
739 142 
703 992 
850 804 
1050 892 
351 611 
319 689 
390 874 
172 737 
112 271 
74 80 
536 516 
935 1610 
1921 1684 
299 765 
669 305 
166 957 
398 552 
154 79 
227 610 
751 640 
540 1337 
380 388 
338 700 
149 575 
358 794 
520 661 
471 597 
195 687 
254 921 
294 630 
79 78 
382 750 
379 399 
73 157 
78 79 
612 778 
1014 1160 
106 138 
482 879 
373 697 
749 1239 
273 589 
204 357 
91 79 
279 464 
477 945 
343 753 
313 660 
665 830 
479 936 
260 632 
125 79 
179 1382 
484 599 
307 569 
1021 870 
313 745 
148 788 
513 844 
564 678 
73 79 
284 322 
573 732 
290 440 
562 830 
80 79 
542 1438 
304 566 
511 463 
81 126 
72 208 
271 984 
280 254 
880 1699 
574 530 
188 79 
173 1316 
231 639 
272 585 
200 335 
73 79 
281 703 
190 839 
284 578 
1301 1251 
277 558 
531 79 
561 1159 
287 958 
328 761 
158 327 
296 941 
411 953 
392 237 
813 412 
406 119 
527 624 
367 631 
360 566 
497 904 
100 540 
385 450 
81 274 
175 79 
352 570 
316 616 
330 526 
229 712 
73 103 
518 1141 
172 756 
343 840 
1627 1670 
576 707 
73 80 
298 923 
354 840 
488 287 
137 370 
76 79 
148 616 
137 1591 
300 872 
109 352 
630 723 
340 432 
103 97 
503 558 
559 777 
367 829 
265 586 
773 693 
247 1277 
517 902 
340 442 
223 1048 
255 584 
723 917 
360 843 
523 1064 
757 1130 
322 705 
1175 1073 
304 636 
688 918 
311 544 
281 719 
224 545 
72 116 
397 1270 
166 346 
439 266 
325 83 
219 605 
789 1056 
85 131 
399 567 
353 475 
407 523 
409 746 
228 590 
487 393 
95 81 
968 839 
245 642 
340 249 
504 1040 
842 1415 
1067 1017 
73 79 
145 592 
624 542 
318 532 
416 629 
73 282 
213 926 
489 735 
268 773 
166 499 
711 1187 
438 358 
1557 988 
894 1506 
197 79 
193 473 
379 78 
74 79 
870 125 
691 1341 
247 732 
911 87 
277 315 
285 812 
382 895 
835 1541 
504 667 
116 82 
493 865 
446 619 
392 275 
73 80 
335 638 
328 537 
348 1010 
111 1289 
344 938 
279 705 
79 82 
277 656 
493 563 
479 863 
868 1055 
131 110 
310 446 
392 693 
187 732 
73 78 
256 635 
94 732 
444 1399 
799 579 
311 747 
317 680 
336 593 
78 79 
449 632 
331 786 
289 491 
391 539 
588 533 
482 891 
73 79 
596 1008 
318 691 
1001 1355 
405 315 
217 937 
444 273 
850 1049 
241 550 
306 89 
74 89 
247 692 
208 514 
235 481 
243 505 
487 1199 
335 828 
358 374 
179 560 
380 490 
723 1206 
384 475 
426 904 
291 683 
75 796 
491 1483 
74 92 
177 135 
552 615 
222 634 
355 603 
473 643 
744 1101 
472 440 
389 494 
77 80 
437 557 
394 554 
344 703 
74 84 
264 611 
401 749 
522 394 
772 863 
109 79 
256 1042 
838 890 
655 472 
303 966 
239 1034 
334 585 
75 167 
181 85 
253 587 
73 145 
633 1028 
599 548 
499 528 
367 545 
332 365 
314 589 
165 573 
461 511 
441 761 
383 1103 
253 657 
672 1327 
327 936 
312 671 
303 611 
278 458 
425 1060 
273 453 
409 847 
833 633 
450 811 
195 474 
105 79 
329 542 
270 416 
405 387 
421 767 
599 722 
259 692 
84 85 
575 1185 
210 314 
1066 1381 
446 767 
406 858 
637 985 
77 109 
757 1204 
674 821 
233 279 
141 1584 
411 620 
543 1168 
364 297 
509 1006 
251 612 
306 539 
218 431 
81 82 
297 719 
327 492 
356 503 
555 516 
315 756 
335 816 
225 617 
298 256 
1061 1606 
708 878 
294 341 
204 644 
74 79 
132 187 
769 1024 
103 79 
295 196 
217 319 
76 105 
201 492 
203 692 
73 79 
602 1524 
191 808 
354 421 
211 606 
77 79 
670 324 
210 572 
747 965 
353 1057 
367 984 
122 91 
231 398 
294 473 
322 314 
530 561 
250 563 
805 430 
424 734 
315 1495 
131 558 
85 79 
400 553 
519 718 
381 1296 
308 920 
588 1357 
221 381 
319 439 
936 1478 
72 78 
217 729 
295 555 
410 948 
477 1096 
73 323 
473 675 
265 570 
490 1420 
384 502 
688 1134 
197 562 
78 241 
73 79 
92 246 
330 628 
794 1302 
351 751 
385 80 
481 875 
656 464 
380 536 
164 499 
609 1004 
569 364 
444 950 
230 501 
420 597 
839 1250 
532 772 
341 495 
588 972 
310 622 
520 895 
161 482 
73 84 
349 996 
366 419 
91 79 
238 618 
189 313 
368 1016 
538 946 
273 670 
629 1198 
555 448 
262 928 
1553 1423 
464 607 
577 686 
83 193 
403 557 
119 81 
382 438 
409 790 
845 1112 
203 449 
74 134 
265 88 
181 550 
472 670 
372 530 
301 844 
899 1653 
73 84 
928 1462 
208 734 
491 901 
385 1297 
442 139 
513 839 
73 79 
471 80 
76 437 
407 1056 
537 488 
271 636 
222 442 
341 597 
301 794 
335 877 
544 817 
491 714 
822 1090 
964 948 
463 367 
432 799 
368 1082 
491 912 
488 693 
265 994 
753 1130 
187 607 
322 699 
803 839 
326 543 
270 672 
128 725 
406 615 
337 422 
228 505 
784 1394 
270 362 
178 303 
270 714 
548 99 
499 499 
248 415 
353 773 
823 876 
397 994 
327 784 
391 660 
501 677 
495 1109 
620 935 
84 125 
327 663 
299 535 
683 1283 
507 1240 
514 673 
321 489 
454 848 
360 499 
431 915 
73 89 
265 81 
270 761 
73 235 
161 88 
436 209 
208 707 
352 561 
175 774 
73 85 
496 1247 
331 615 
77 79 
416 747 
93 540 
233 480 
313 495 
315 768 
234 80 
496 633 
260 558 
562 788 
285 589 
391 1278 
286 884 
343 689 
260 483 
380 618 
449 809 
254 573 
178 666 
407 926 
881 81 
490 79 
162 141 
338 648 
667 1043 
77 95 
256 542 
500 858 
263 612 
73 314 
372 473 
186 793 
445 763 
401 732 
506 422 
278 625 
129 413 
386 778 
75 127 
233 721 
1447 1654 
197 381 
225 818 
530 1002 
468 648 
256 479 
951 911 
676 835 
211 526 
138 330 
1025 1467 
83 303 
290 1181 
249 1238 
77 79 
513 400 
557 821 
223 409 
797 270 
74 83 
219 534 
296 747 
432 982 
308 967 
457 1368 
213 360 
589 1414 
250 361 
73 88 
185 884 
256 787 
267 963 
400 1078 
271 548 
328 919 
621 513 
335 916 
419 83 
397 839 
323 579 
113 79 
420 999 
644 109 
306 868 
508 875 
73 93 
214 977 
848 992 
199 623 
446 822 
147 436 
514 671 
153 558 
606 1394 
181 361 
649 785 
365 492 
154 1096 
149 481 
389 771 
89 231 
74 81 
807 1150 
850 1277 
140 719 
286 685 
82 80 
499 707 
93 82 
468 510 
213 572 
74 80 
258 997 
160 79 
340 598 
282 503 
211 483 
179 342 
345 884 
297 816 
662 1086 
482 473 
586 465 
383 1529 
74 196 
811 916 
80 106 
741 1235 
627 557 
410 1382 
1213 1238 
554 868 
359 659 
228 817 
253 794 
74 219 
220 824 
132 81 
557 820 
249 657 
427 658 
673 704 
109 79 
76 79 
207 670 
187 79 
393 1070 
518 1247 
212 261 
1354 1526 
257 421 
891 1323 
309 503 
483 832 
251 478 
299 231 
280 536 
594 239 
850 1449 
184 115 
405 609 
218 457 
477 824 
218 407 
461 501 
74 79 
202 363 
808 1096 
445 853 
213 983 
266 786 
204 479 
496 88 
275 749 
1114 1159 
250 404 
204 911 
98 78 
176 671 
277 458 
447 804 
287 1011 
155 786 
414 625 
1528 123 
1702 1668 
406 1156 
329 725 
73 87 
629 400 
364 825 
343 556 
236 902 
257 518 
216 559 
334 365 
103 489 
344 423 
612 1042 
284 708 
332 571 
240 79 
495 771 
176 891 
113 521 
131 119 
78 79 
325 612 
218 631 
516 566 
126 627 
418 85 
213 569 
386 557 
877 626 
143 460 
250 603 
412 780 
362 530 
294 718 
125 90 
206 377 
358 669 
516 381 
234 391 
634 981 
75 79 
329 327 
353 482 
341 887 
73 79 
91 80 
832 1166 
845 1325 
335 461 
76 80 
315 363 
245 620 
194 722 
73 81 
235 510 
583 1040 
190 971 
73 94 
318 850 
483 890 
358 610 
673 984 
311 444 
815 1423 
87 80 
344 518 
434 978 
459 755 
311 82 
292 535 
289 699 
537 903 
357 1136 
165 722 
597 1214 
405 885 
393 781 
569 636 
369 79 
495 413 
286 450 
348 494 
306 379 
629 552 
277 437 
415 615 
405 992 
273 799 
740 1151 
274 450 
452 441 
202 83 
345 461 
694 1608 
220 388 
349 777 
366 966 
159 80 
295 883 
310 1279 
235 516 
668 1061 
138 635 
431 570 
338 795 
379 788 
1025 670 
649 756 
78 82 
863 1534 
90 391 
913 80 
385 424 
271 875 
814 1260 
237 467 
656 1321 
352 683 
726 513 
141 497 
416 833 
276 448 
510 480 
93 79 
384 476 
1115 1172 
245 354 
241 670 
331 803 
380 460 
442 835 
440 747 
1302 1478 
459 1420 
444 1486 
697 1001 
518 1026 
320 382 
297 634 
999 753 
153 419 
613 79 
288 475 
79 256 
215 643 
186 230 
309 402 
685 870 
76 97 
390 904 
457 703 
991 1635 
366 382 
257 444 
253 792 
75 84 
73 79 
150 1235 
307 643 
351 612 
296 539 
945 633 
124 426 
482 1237 
313 376 
503 1166 
356 972 
376 544 
130 80 
172 913 
470 379 
208 486 
448 996 
1363 79 
779 80 
90 536 
172 267 
496 1173 
232 327 
516 903 
241 95 
369 696 
136 620 
611 649 
339 546 
265 389 
596 731 
78 181 
406 872 
303 689 
792 867 
123 81 
459 587 
300 803 
426 541 
506 348 
86 278 
382 757 
246 440 
454 640 
324 581 
263 620 
1214 1587 
357 79 
75 79 
946 1126 
533 731 
228 743 
847 1125 
438 618 
370 471 
296 536 
386 191 
460 780 
246 678 
241 461 
1114 876 
76 265 
197 706 
222 392 
220 489 
356 801 
599 682 
763 941 
429 620 
652 1354 
74 80 
260 448 
516 696 
142 80 
742 1295 
294 720 
716 1463 
789 1174 
525 83 
612 847 
74 157 
74 127 
407 604 
528 691 
448 1253 
446 1096 
166 716 
393 883 
667 792 
280 730 
400 573 
1127 1152 
188 342 
371 515 
1298 1519 
311 521 
276 856 
516 496 
460 821 
74 84 
791 1335 
387 760 
855 966 
698 1272 
1935 623 
432 1690 
681 768 
1294 629 
312 716 
239 612 
220 619 
540 891 
302 942 
325 717 
621 1141 
306 331 
73 92 
320 1213 
551 317 
983 883 
78 79 
391 806 
387 407 
281 483 
358 538 
572 651 
465 887 
631 814 
389 567 
1231 469 
191 524 
182 374 
444 689 
335 397 
84 99 
205 665 
336 1302 
221 784 
591 1251 
423 859 
416 796 
136 82 
1007 1433 
262 625 
300 1549 
368 640 
263 1364 
742 700 
231 378 
361 667 
458 429 
182 817 
218 223 
642 1175 
842 1443 
174 475 
297 665 
172 253 
314 832 
423 1045 
424 557 
222 573 
237 477 
554 1089 
305 493 
703 825 
93 163 
236 1009 
171 108 
606 751 
502 707 
490 712 
1094 991 
159 506 
81 79 
688 570 
460 663 
327 616 
253 812 
592 1328 
394 565 
725 956 
401 817 
525 819 
279 431 
289 699 
581 762 
411 1069 
448 817 
145 469 
191 464 
252 447 
261 721 
519 809 
378 779 
332 455 
330 551 
242 438 
255 515 
1684 1578 
255 396 
76 80 
74 88 
271 650 
687 1004 
493 839 
103 88 
391 648 
251 678 
747 333 
449 1388 
1184 1060 
977 391 
259 497 
850 1214 
187 977 
878 431 
1127 1481 
528 825 
209 351 
238 247 
472 438 
1127 1346 
248 626 
195 740 
429 79 
414 401 
229 927 
331 691 
503 959 
86 924 
461 812 
262 493 
1097 1106 
595 649 
269 453 
73 100 
132 855 
455 753 
772 994 
176 111 
242 579 
839 254 
443 505 
371 670 
729 1060 
307 79 
277 422 
392 693 
230 521 
262 313 
331 913 
74 79 
231 400 
571 1195 
299 590 
308 522 
268 1224 
499 600 
79 127 
76 80 
212 460 
242 176 
458 445 
303 539 
157 902 
446 665 
79 682 
1912 1632 
632 638 
756 791 
78 163 
146 810 
250 485 
646 735 
606 766 
597 1261 
195 928 
348 1202 
389 1244 
200 758 
434 524 
354 1297 
368 1527 
442 614 
255 1672 
545 608 
644 1147 
279 567 
594 617 
546 532 
351 649 
73 79 
153 701 
273 433 
320 933 
173 578 
734 1163 
133 79 
1762 1314 
315 773 
335 1037 
202 369 
214 458 
405 1083 
924 746 
301 732 
317 936 
169 1257 
490 504 
207 741 
255 670 
377 498 
413 1036 
635 469 
197 546 
959 495 
196 938 
80 292 
751 1096 
74 88 
443 920 
144 79 
433 843 
235 364 
659 703 
492 622 
389 693 
648 1086 
745 818 
780 1037 
401 945 
181 564 
977 671 
329 558 
481 556 
173 748 
451 885 
667 1102 
1031 1321 
331 556 
479 1067 
483 474 
237 620 
878 838 
168 522 
165 606 
897 1305 
119 405 
73 280 
73 102 
73 142 
203 499 
837 835 
167 263 
293 664 
374 1082 
355 639 
178 752 
420 563 
276 744 
501 200 
668 738 
467 1237 
521 494 
893 1230 
227 620 
501 762 
367 588 
247 654 
73 78 
517 988 
301 615 
258 691 
472 876 
258 778 
882 385 
395 464 
396 429 
345 312 
291 950 
298 574 
378 1629 
80 79 
337 487 
355 454 
462 79 
835 651 
266 445 
405 636 
812 684 
668 641 
401 729 
78 80 
322 626 
468 632 
326 532 
324 300 
211 444 
473 103 
190 681 
337 594 
269 706 
74 197 
237 962 
247 650 
448 621 
74 129 
104 79 
163 783 
261 985 
246 573 
638 1267 
774 1144 
787 1024 
556 640 
364 571 
409 696 
484 768 
513 736 
573 621 
540 838 
624 1119 
442 883 
610 541 
478 516 
134 371 
88 79 
263 347 
248 670 
73 104 
250 727 
294 1008 
243 608 
477 849 
1067 1611 
244 361 
219 199 
1177 1321 
353 311 
321 646 
240 314 
145 418 
321 723 
696 835 
762 1224 
101 80 
504 977 
355 406 
294 659 
566 902 
360 660 
368 382 
126 363 
266 79 
186 650 
107 213 
416 777 
181 641 
271 775 
220 482 
110 79 
315 630 
405 909 
452 79 
384 726 
236 326 
205 721 
295 632 
243 793 
630 79 
366 814 
378 512 
291 1342 
77 80 
276 729 
177 737 
73 112 
421 1104 
369 600 
76 90 
331 1186 
483 407 
377 769 
294 693 
634 704 
349 519 
241 330 
534 764 
265 962 
213 800 
351 469 
314 690 
466 693 
379 781 
264 569 
350 312 
358 829 
311 359 
803 596 
175 295 
306 681 
311 731 
404 738 
439 800 
106 553 
345 1525 
266 550 
423 1057 
370 754 
189 188 
508 1293 
298 1147 
453 378 
489 708 
770 1546 
1935 1695 
261 254 
683 808 
75 81 
282 650 
640 538 
397 521 
370 1248 
601 784 
410 741 
359 1133 
297 947 
468 696 
168 477 
211 652 
452 562 
344 372 
471 1305 
224 713 
372 408 
499 789 
442 702 
339 444 
81 173 
851 1245 
376 833 
325 470 
434 791 
814 914 
493 80 
229 742 
95 88 
240 460 
73 78 
224 540 
583 1268 
629 760 
284 993 
400 1177 
73 79 
684 1177 
360 524 
732 612 
73 79 
588 1092 
242 543 
535 716 
278 811 
527 791 
316 347 
173 238 
890 463 
165 346 
361 542 
912 1123 
78 80 
181 251 
74 79 
361 465 
273 802 
382 507 
169 307 
420 845 
116 83 
444 587 
174 437 
359 311 
348 740 
274 425 
391 669 
380 946 
363 777 
73 87 
427 840 
551 1162 
245 140 
276 334 
290 545 
185 439 
448 927 
577 79 
269 674 
375 463 
586 1084 
502 502 
434 825 
361 475 
191 442 
395 338 
423 692 
367 822 
256 533 
216 759 
74 81 
73 79 
481 1648 
734 968 
1088 717 
456 717 
560 667 
73 428 
372 909 
81 161 
1121 1697 
464 1085 
217 493 
512 648 
76 79 
158 391 
277 773 
278 229 
444 826 
189 483 
580 768 
171 399 
791 1094 
155 446 
75 177 
366 693 
488 790 
522 712 
257 486 
463 702 
131 93 
437 801 
279 79 
471 946 
462 246 
370 79 
487 1235 
527 612 
238 604 
535 865 
855 871 
357 699 
860 510 
329 1085 
587 423 
535 88 
231 520 
205 571 
129 671 
591 1068 
308 942 
241 623 
1206 1477 
428 993 
827 684 
75 81 
472 1198 
700 1218 
639 1509 
121 88 
275 606 
490 993 
698 718 
567 533 
246 82 
317 878 
470 803 
75 78 
146 692 
168 358 
103 126 
476 855 
349 757 
711 839 
374 716 
483 1015 
366 617 
75 275 
74 82 
207 380 
330 79 
291 1132 
343 384 
222 361 
867 764 
287 618 
186 1430 
97 79 
317 543 
385 982 
362 653 
568 1528 
386 491 
315 854 
672 759 
73 111 
188 435 
1025 1141 
681 1087 
472 499 
80 79 
178 461 
448 511 
75 80 
382 304 
695 1055 
302 417 
127 417 
304 619 
116 877 
129 434 
77 324 
860 807 
824 79 
979 1378 
392 740 
509 507 
858 1147 
186 488 
140 331 
552 656 
330 327 
470 1151 
314 532 
241 691 
404 440 
797 926 
496 1183 
336 561 
462 968 
843 1037 
394 814 
216 556 
542 419 
141 644 
435 400 
288 210 
144 1013 
202 582 
74 80 
401 513 
244 453 
430 727 
528 950 
257 1144 
87 80 
253 674 
720 646 
472 444 
85 138 
187 801 
284 482 
358 501 
501 579 
286 564 
1003 1440 
179 380 
278 824 
635 1526 
425 244 
198 675 
453 337 
434 728 
709 185 
161 1094 
652 907 
309 924 
478 919 
781 217 
326 78 
342 585 
377 932 
264 1205 
306 678 
1048 803 
448 789 
243 634 
231 642 
1218 741 
525 955 
375 512 
1751 1701 
664 123 
503 437 
356 634 
470 789 
75 79 
238 666 
332 805 
183 627 
77 500 
1055 1580 
759 780 
348 554 
209 457 
420 880 
436 412 
143 346 
381 718 
391 800 
102 89 
191 846 
345 713 
188 405 
483 322 
570 1039 
309 650 
293 578 
100 505 
651 1525 
258 694 
235 576 
347 1306 
601 573 
284 385 
533 1080 
393 684 
85 117 
1461 890 
404 477 
365 937 
403 537 
82 429 
364 769 
141 543 
308 634 
298 608 
786 620 
246 828 
209 538 
434 657 
194 403 
500 860 
341 631 
314 488 
213 779 
511 1558 
883 318 
417 845 
156 586 
315 542 
532 1241 
373 407 
127 79 
187 553 
412 556 
230 501 
170 698 
215 90 
687 973 
499 687 
395 827 
481 739 
330 136 
295 826 
562 871 
407 803 
221 184 
492 1179 
510 1477 
351 754 
566 1227 
513 415 
330 819 
581 612 
320 81 
198 420 
259 900 
494 873 
616 912 
672 883 
624 1227 
416 1190 
180 371 
74 171 
481 422 
172 452 
217 447 
128 79 
366 576 
384 690 
208 343 
368 417 
497 705 
413 645 
86 94 
752 1171 
238 1451 
74 94 
824 834 
158 545 
76 90 
949 1546 
166 78 
360 578 
122 422 
441 783 
353 577 
412 611 
536 938 
342 1005 
318 561 
934 1335 
74 89 
518 618 
206 479 
479 894 
537 867 
297 562 
517 78 
138 449 
747 956 
592 605 
423 224 
936 329 
422 573 
511 1076 
83 98 
222 368 
299 1046 
671 998 
479 1319 
414 680 
809 910 
494 401 
539 1005 
148 228 
220 678 
253 863 
204 461 
309 679 
446 754 
214 471 
73 80 
234 440 
388 461 
152 545 
892 751 
776 1223 
486 79 
402 568 
220 295 
508 711 
327 592 
132 596 
434 1262 
175 640 
179 375 
376 724 
388 620 
280 851 
92 79 
379 937 
222 345 
176 572 
321 418 
491 775 
515 1249 
109 130 
90 240 
454 688 
237 452 
86 489 
353 764 
137 168 
784 522 
499 746 
222 787 
259 405 
376 590 
797 740 
391 606 
450 748 
73 81 
78 80 
76 187 
373 810 
417 614 
169 555 
432 429 
139 383 
125 500 
521 813 
588 568 
284 600 
827 1203 
74 233 
323 729 
449 627 
221 1008 
672 474 
380 560 
401 495 
452 541 
286 672 
286 508 
72 78 
199 587 
283 540 
559 556 
498 1011 
89 541 
461 492 
366 752 
416 883 
614 1333 
324 518 
239 454 
230 727 
438 911 
536 613 
396 357 
275 603 
492 1121 
779 1130 
206 373 
259 639 
346 631 
252 425 
169 768 
37 838 
481 628 
447 663 
477 806 
303 637 
406 660 
427 661 
244 501 
443 694 
436 671 
410 536 
454 712 
302 802 
1247 1284 
475 740 
662 380 
163 80 
201 851 
73 83 
208 747 
429 958 
585 79 
1099 1552 
244 460 
418 879 
416 990 
1039 1286 
180 292 
436 956 
334 865 
147 81 
245 810 
326 318 
175 362 
393 919 
125 79 
968 79 
82 79 
429 1133 
74 80 
411 1223 
154 713 
301 1139 
1505 753 
517 835 
1044 592 
504 391 
85 80 
481 616 
322 704 
927 479 
226 79 
383 1124 
619 846 
427 1383 
207 399 
940 840 
335 819 
434 719 
329 349 
378 438 
74 79 
548 802 
345 573 
350 501 
299 839 
294 490 
135 79 
110 401 
401 678 
384 465 
425 675 
113 889 
604 624 
505 531 
794 1113 
552 1273 
253 869 
444 1261 
384 650 
511 411 
404 362 
473 722 
421 813 
371 1249 
351 356 
895 370 
529 1144 
128 79 
330 506 
304 370 
211 292 
370 569 
461 870 
610 80 
286 472 
75 79 
520 841 
293 711 
356 855 
540 594 
87 80 
391 1002 
237 570 
632 1205 
185 79 
1131 808 
565 1089 
573 989 
206 1220 
261 434 
422 910 
333 1086 
313 1446 
485 428 
327 654 
78 365 
910 974 
451 412 
73 79 
1936 394 
803 1421 
408 848 
209 555 
251 704 
74 115 
1467 1297 
325 778 
230 393 
475 349 
327 595 
121 153 
449 1158 
291 727 
840 744 
314 888 
299 574 
362 1564 
225 761 
358 909 
301 252 
266 962 
74 436 
629 1156 
1055 1481 
416 383 
247 312 
537 1141 
543 1214 
