509 702 
589 547 
79 77 
843 763 
378 489 
68 75 
67 94 
1596 75 
682 1056 
114 251 
1094 1410 
507 903 
771 566 
352 715 
68 122 
1173 751 
531 303 
684 895 
899 362 
67 137 
359 752 
275 392 
79 284 
887 872 
425 746 
481 926 
438 479 
576 958 
472 1217 
527 509 
294 364 
248 961 
546 636 
585 803 
334 549 
212 445 
946 649 
119 75 
282 418 
803 734 
962 1390 
67 74 
639 120 
483 647 
80 76 
708 504 
534 907 
784 828 
206 504 
401 636 
1002 759 
357 675 
441 508 
556 831 
344 475 
747 1003 
653 683 
368 1449 
429 933 
578 776 
510 106 
496 1145 
314 610 
608 849 
1313 74 
648 718 
478 813 
489 801 
83 353 
796 1322 
528 399 
694 768 
367 274 
1434 979 
67 589 
295 745 
784 1111 
988 1113 
766 616 
218 244 
558 911 
510 672 
450 229 
327 338 
431 690 
341 303 
515 412 
500 936 
367 450 
70 255 
67 233 
404 610 
558 578 
290 187 
475 562 
560 294 
704 480 
584 437 
1388 1399 
1231 459 
552 300 
426 600 
567 897 
616 437 
797 76 
97 155 
240 472 
595 1273 
490 484 
559 383 
657 742 
174 105 
978 709 
69 122 
383 879 
191 74 
1338 1278 
751 894 
560 801 
500 1053 
365 613 
783 522 
540 884 
495 426 
282 622 
399 600 
117 162 
67 97 
439 388 
503 866 
1033 1011 
697 532 
72 145 
68 532 
351 353 
465 504 
513 201 
471 753 
768 1054 
169 570 
736 926 
69 78 
425 596 
563 711 
397 565 
820 1288 
606 514 
589 643 
1851 1402 
639 97 
380 319 
275 74 
279 493 
344 343 
68 75 
540 652 
303 74 
390 592 
221 75 
275 266 
521 569 
521 576 
412 439 
416 451 
441 418 
299 584 
1939 1486 
443 948 
684 1163 
838 814 
521 417 
635 880 
385 527 
433 1191 
250 621 
758 866 
500 807 
130 77 
635 542 
67 90 
123 874 
275 678 
627 759 
502 1182 
529 515 
69 86 
584 1181 
489 623 
756 493 
436 467 
425 564 
68 92 
477 420 
680 541 
772 530 
424 443 
656 646 
388 581 
707 676 
512 773 
68 74 
413 523 
73 74 
67 76 
866 863 
1071 1339 
677 563 
401 464 
814 678 
303 546 
369 79 
614 950 
408 398 
387 614 
211 981 
425 817 
419 1438 
67 74 
161 74 
1180 1289 
511 467 
469 621 
354 410 
1 255 
637 538 
68 81 
837 74 
512 449 
528 778 
648 80 
751 425 
600 317 
609 845 
279 489 
386 371 
411 922 
612 768 
596 747 
810 916 
1741 826 
371 503 
521 458 
505 595 
434 501 
520 1111 
621 444 
953 1476 
660 668 
585 765 
245 487 
744 1052 
628 642 
490 475 
316 715 
68 213 
946 548 
547 522 
769 920 
441 571 
361 334 
511 616 
515 605 
414 994 
296 1086 
768 618 
334 396 
747 698 
349 90 
515 794 
421 503 
587 506 
77 182 
67 83 
102 79 
1178 829 
1346 911 
282 417 
324 302 
696 1051 
400 918 
1055 1180 
316 963 
526 516 
1115 895 
103 74 
226 74 
702 569 
669 1253 
594 586 
73 128 
759 949 
78 75 
700 828 
67 78 
227 457 
325 331 
871 846 
863 628 
534 819 
299 563 
1325 1617 
765 389 
841 869 
536 1058 
698 796 
584 349 
510 614 
72 74 
484 633 
664 742 
237 74 
80 88 
273 520 
68 312 
1152 814 
876 820 
492 574 
1941 1662 
923 808 
368 536 
266 237 
583 636 
768 1008 
68 74 
662 1073 
432 531 
1157 1135 
346 845 
244 287 
284 85 
448 232 
132 76 
1005 504 
88 270 
379 446 
71 74 
306 666 
156 74 
644 758 
68 74 
158 87 
413 319 
654 312 
575 604 
355 456 
596 795 
433 607 
659 356 
479 582 
146 74 
471 1199 
1472 1357 
223 74 
76 195 
940 347 
520 518 
244 407 
662 1467 
937 868 
668 1245 
649 567 
770 1491 
171 1002 
528 233 
267 293 
625 1151 
318 431 
184 1090 
669 979 
463 455 
1008 1065 
348 298 
418 484 
585 464 
486 455 
606 789 
566 890 
589 724 
876 907 
634 877 
68 74 
80 74 
686 560 
574 533 
111 78 
878 520 
464 321 
451 893 
965 1099 
311 558 
68 250 
72 173 
353 485 
241 172 
134 380 
543 599 
68 426 
597 631 
837 911 
394 201 
330 465 
486 763 
70 108 
377 387 
116 75 
762 593 
250 340 
564 383 
530 556 
731 1287 
78 315 
305 676 
470 814 
1083 696 
399 550 
655 396 
201 102 
606 754 
68 74 
712 1005 
67 249 
95 76 
213 74 
634 567 
649 813 
320 1153 
836 858 
1497 844 
265 512 
753 1028 
189 710 
1095 737 
634 672 
290 456 
67 194 
743 763 
67 74 
546 873 
354 665 
643 565 
112 82 
1938 153 
701 1043 
314 980 
88 186 
533 461 
90 74 
805 917 
598 782 
461 796 
604 889 
77 74 
1186 791 
92 345 
503 931 
1194 1378 
534 442 
722 583 
590 209 
326 451 
893 1141 
788 526 
530 425 
716 74 
389 373 
257 385 
590 586 
403 487 
679 568 
73 75 
67 78 
603 390 
563 435 
477 539 
544 75 
615 732 
236 87 
70 75 
230 499 
361 881 
1356 434 
623 527 
992 779 
867 1283 
70 198 
435 1263 
525 735 
388 404 
296 641 
66 226 
1034 1295 
68 361 
162 77 
466 492 
1201 1464 
71 89 
448 429 
403 826 
1530 1458 
68 112 
67 74 
1073 271 
479 753 
411 464 
636 717 
512 552 
1004 1212 
432 1031 
474 717 
574 853 
880 481 
328 856 
469 1264 
377 352 
471 653 
382 281 
482 1120 
791 765 
499 462 
523 511 
231 76 
72 224 
749 548 
341 832 
73 75 
510 1161 
206 571 
517 450 
67 419 
452 601 
752 413 
544 677 
619 460 
688 835 
1940 1455 
490 821 
309 1084 
68 188 
606 570 
425 612 
325 716 
345 962 
488 860 
401 511 
740 964 
965 716 
726 951 
67 73 
638 544 
540 511 
784 1036 
401 613 
222 651 
399 669 
417 899 
136 75 
574 766 
972 878 
434 1054 
803 1034 
1939 1468 
327 488 
326 859 
458 470 
610 630 
504 1248 
527 824 
947 552 
71 74 
531 464 
403 752 
735 728 
67 158 
673 1416 
594 871 
478 499 
111 74 
482 336 
92 76 
755 1104 
525 666 
418 74 
447 815 
892 900 
598 1180 
1118 1160 
399 490 
74 75 
86 74 
599 1181 
385 618 
520 449 
186 74 
386 695 
156 542 
81 75 
584 579 
756 552 
461 601 
635 462 
1938 410 
914 505 
1326 878 
802 574 
753 1119 
98 94 
320 1164 
434 552 
467 496 
505 557 
809 174 
1086 1048 
449 702 
754 634 
143 92 
643 860 
484 785 
570 1300 
349 609 
339 744 
310 74 
514 527 
67 74 
360 884 
68 236 
68 74 
516 706 
554 564 
561 894 
1089 1487 
421 622 
456 797 
185 84 
1373 651 
88 307 
384 374 
442 397 
455 396 
198 195 
585 523 
393 427 
69 215 
326 578 
567 837 
625 441 
965 606 
89 160 
307 338 
585 721 
463 494 
313 982 
212 379 
830 736 
659 1121 
576 228 
372 414 
1179 917 
67 74 
630 779 
799 807 
565 478 
266 352 
472 878 
782 815 
632 1011 
670 78 
486 233 
760 488 
707 611 
437 558 
684 667 
121 620 
738 76 
94 74 
490 507 
708 612 
966 592 
637 659 
69 691 
937 81 
224 74 
739 630 
1323 1492 
979 1181 
587 360 
520 1457 
297 750 
520 588 
93 75 
440 566 
582 74 
564 736 
343 411 
745 852 
677 455 
649 691 
467 86 
92 90 
544 1084 
706 900 
467 538 
510 856 
533 522 
395 984 
204 261 
320 737 
507 474 
693 679 
1533 1420 
613 775 
69 73 
67 225 
67 74 
993 800 
91 79 
607 687 
1085 1207 
373 382 
329 75 
606 807 
320 617 
688 781 
666 1458 
430 733 
268 633 
89 96 
71 108 
922 616 
373 668 
853 75 
242 78 
1862 375 
484 399 
513 1131 
691 626 
476 715 
598 467 
1376 76 
164 406 
699 841 
497 587 
71 74 
769 784 
690 1147 
582 655 
489 718 
550 864 
163 1085 
173 429 
504 583 
1254 668 
391 712 
325 1010 
695 863 
742 1015 
129 306 
597 665 
587 570 
254 538 
261 77 
817 838 
69 123 
625 727 
544 771 
379 748 
790 567 
523 603 
673 819 
1053 1388 
508 1147 
789 579 
295 473 
856 810 
654 531 
68 81 
67 73 
536 501 
68 74 
1082 846 
334 93 
404 1005 
172 75 
554 677 
67 275 
159 74 
68 200 
245 747 
683 750 
69 104 
1141 1065 
636 836 
308 920 
544 481 
1312 1247 
658 859 
191 534 
655 761 
346 394 
1412 1044 
325 591 
283 571 
67 83 
888 1223 
433 481 
534 439 
320 103 
68 74 
460 542 
1115 1047 
67 74 
68 79 
677 766 
69 1454 
1063 335 
376 502 
461 495 
428 1208 
697 1219 
461 732 
488 601 
885 1042 
474 704 
411 541 
522 777 
676 899 
354 548 
691 622 
287 325 
455 1172 
959 497 
547 658 
67 88 
598 1019 
334 467 
387 857 
649 499 
685 723 
71 74 
372 879 
339 319 
1005 707 
408 525 
1084 946 
422 758 
676 1229 
353 530 
214 572 
469 609 
736 878 
464 794 
500 637 
741 1246 
285 436 
551 316 
713 670 
244 162 
311 440 
847 75 
434 608 
448 617 
380 636 
458 746 
629 878 
372 292 
410 428 
845 398 
1279 1496 
577 625 
1069 819 
385 347 
1331 722 
936 925 
519 591 
210 77 
74 74 
635 541 
199 669 
449 535 
422 327 
289 499 
746 1158 
310 223 
551 529 
342 710 
585 297 
1723 526 
91 74 
68 93 
944 926 
68 75 
960 780 
583 771 
1229 1629 
86 130 
1113 711 
649 818 
710 984 
407 910 
536 816 
414 979 
729 643 
967 1193 
622 600 
393 746 
74 82 
1018 679 
387 596 
68 235 
795 675 
68 74 
78 168 
522 834 
344 598 
67 74 
1142 358 
479 388 
782 818 
81 138 
410 84 
669 1054 
949 868 
1381 1384 
298 205 
333 454 
362 740 
820 648 
75 118 
593 223 
621 995 
88 83 
736 811 
630 658 
576 391 
67 74 
172 83 
527 464 
602 740 
67 118 
1167 970 
506 219 
609 735 
393 479 
504 530 
90 75 
111 74 
158 1006 
429 502 
596 738 
319 595 
513 414 
531 941 
66 283 
1222 491 
895 1568 
529 418 
669 530 
181 585 
74 144 
417 386 
87 171 
911 1386 
434 641 
885 384 
75 81 
1273 74 
603 631 
523 758 
452 453 
314 75 
401 585 
429 498 
331 318 
80 75 
598 726 
78 78 
712 530 
67 168 
671 911 
657 846 
70 74 
1370 1282 
1221 76 
330 797 
529 483 
68 75 
841 1203 
461 546 
430 809 
564 1102 
595 741 
316 482 
415 610 
709 902 
549 319 
881 820 
409 589 
688 630 
496 620 
73 77 
631 872 
354 465 
446 756 
433 625 
551 478 
645 543 
119 75 
418 696 
161 78 
1050 1318 
88 124 
482 772 
692 1182 
877 896 
91 74 
542 289 
143 287 
1136 803 
618 682 
213 75 
135 91 
922 974 
951 1081 
76 75 
386 956 
68 105 
599 722 
677 75 
256 579 
232 285 
142 74 
526 735 
67 111 
273 616 
442 1253 
527 717 
260 79 
700 449 
1892 1663 
240 471 
371 485 
551 1045 
564 554 
438 753 
380 411 
934 964 
1334 1023 
444 513 
344 412 
810 1290 
1636 922 
365 492 
443 646 
422 708 
487 127 
1082 903 
361 615 
359 78 
288 143 
521 996 
865 525 
451 721 
504 75 
767 1615 
159 196 
682 1154 
293 345 
566 760 
591 526 
265 75 
1851 571 
135 180 
623 532 
702 428 
443 595 
1938 84 
420 588 
1039 74 
1516 1532 
88 74 
510 717 
239 526 
560 558 
315 431 
318 74 
1158 635 
833 952 
453 493 
1828 1414 
870 578 
569 425 
970 423 
549 414 
287 550 
67 125 
592 804 
102 98 
435 439 
68 74 
195 432 
904 928 
423 608 
362 380 
256 482 
254 377 
292 651 
1141 497 
348 88 
458 76 
1109 896 
74 74 
488 585 
76 75 
67 168 
337 624 
163 101 
435 1194 
692 915 
120 74 
625 1090 
381 675 
364 478 
1067 1133 
920 813 
730 75 
592 611 
164 83 
905 1196 
448 663 
755 961 
426 756 
657 665 
322 541 
84 76 
850 836 
681 727 
66 74 
751 835 
618 616 
645 466 
201 76 
1548 1064 
676 952 
555 682 
496 572 
74 81 
410 612 
1041 98 
629 780 
75 100 
422 778 
467 581 
334 419 
102 131 
942 537 
456 566 
498 627 
70 75 
127 73 
699 663 
428 972 
317 970 
67 75 
655 254 
234 312 
328 854 
229 587 
561 428 
711 587 
953 1589 
479 646 
386 382 
1036 1324 
428 639 
69 120 
387 1128 
543 299 
671 534 
68 122 
350 400 
467 1093 
779 983 
702 709 
466 813 
287 73 
614 1146 
499 520 
464 645 
665 898 
394 419 
1195 629 
418 464 
403 679 
783 1165 
1938 656 
337 75 
543 445 
465 919 
565 438 
68 74 
454 331 
111 549 
473 511 
870 735 
72 76 
374 143 
984 569 
631 606 
69 190 
705 438 
1169 497 
511 759 
1035 966 
184 224 
760 617 
524 1045 
1236 1410 
792 816 
863 726 
772 557 
129 81 
514 469 
815 1173 
478 585 
746 908 
911 1098 
79 75 
67 73 
855 788 
619 783 
913 750 
294 634 
162 74 
396 477 
546 618 
894 320 
71 75 
798 826 
492 650 
1508 1629 
829 505 
402 532 
422 710 
847 684 
421 578 
421 748 
793 1144 
693 691 
643 1059 
946 1335 
426 574 
659 671 
404 460 
574 492 
534 434 
880 420 
556 368 
484 579 
693 965 
674 669 
835 1019 
1010 1553 
103 110 
585 545 
1372 875 
67 317 
687 497 
577 971 
635 624 
715 864 
68 682 
356 539 
144 119 
1326 877 
700 89 
67 1345 
67 75 
657 595 
1014 840 
526 615 
591 667 
552 504 
1000 596 
344 717 
69 343 
387 1274 
475 614 
666 391 
70 74 
349 634 
294 667 
231 222 
378 419 
506 779 
222 457 
644 969 
407 448 
485 1028 
241 628 
712 729 
97 75 
419 359 
477 941 
623 478 
498 569 
924 847 
540 860 
460 1160 
396 432 
325 372 
556 632 
360 648 
68 169 
429 410 
1345 1413 
299 75 
652 426 
591 440 
545 619 
70 183 
508 74 
870 971 
80 74 
573 378 
911 1262 
146 75 
706 672 
136 594 
1116 942 
607 1460 
69 151 
1208 1460 
394 423 
361 867 
119 426 
332 433 
933 785 
1561 1329 
501 840 
320 125 
703 972 
101 683 
582 910 
508 701 
426 518 
444 483 
325 878 
150 125 
304 631 
535 602 
805 936 
397 540 
67 74 
537 516 
870 750 
422 508 
1047 996 
447 449 
70 102 
505 751 
294 587 
1200 1257 
595 389 
1043 1229 
1176 1264 
73 76 
363 390 
563 410 
440 699 
1029 613 
571 960 
989 652 
462 580 
630 939 
654 75 
339 555 
766 961 
394 666 
751 568 
1235 924 
488 586 
569 941 
451 660 
68 83 
409 580 
416 910 
704 633 
445 1292 
1273 847 
667 910 
419 519 
435 552 
414 796 
1384 1406 
1397 741 
688 781 
536 442 
320 836 
793 76 
284 554 
630 478 
849 890 
425 621 
259 654 
254 694 
442 962 
1004 794 
1335 1264 
182 193 
293 754 
419 495 
392 546 
1054 1263 
454 650 
89 79 
557 659 
442 1425 
402 438 
848 73 
1041 1148 
88 262 
330 717 
805 1007 
688 1004 
135 82 
610 603 
444 527 
704 940 
491 821 
648 737 
148 91 
68 97 
471 137 
630 1097 
1475 1488 
106 337 
442 611 
849 759 
468 612 
395 670 
123 75 
784 813 
494 484 
459 489 
70 164 
787 1267 
361 487 
1454 475 
177 170 
242 415 
76 93 
331 281 
205 75 
646 307 
698 1183 
235 855 
393 635 
504 555 
630 484 
81 87 
466 368 
691 526 
1011 891 
68 79 
69 74 
601 673 
93 74 
67 73 
682 661 
110 74 
74 74 
468 751 
308 851 
195 972 
475 531 
331 615 
431 725 
602 460 
599 534 
475 474 
612 583 
886 880 
541 483 
546 487 
689 741 
968 880 
484 745 
481 588 
525 620 
419 527 
650 470 
596 663 
838 816 
300 363 
744 690 
81 74 
783 758 
1283 455 
776 616 
517 454 
1117 445 
88 75 
554 526 
523 891 
141 74 
851 645 
385 76 
853 503 
750 747 
68 102 
755 587 
658 811 
1582 1570 
892 815 
315 910 
147 80 
107 365 
408 883 
87 74 
469 302 
816 731 
72 203 
436 745 
280 414 
1731 348 
1093 934 
741 842 
296 591 
1427 1368 
512 460 
583 833 
786 246 
1381 934 
331 512 
237 204 
390 930 
1511 1383 
1523 1338 
506 819 
638 545 
474 548 
427 1037 
890 656 
67 74 
442 336 
410 455 
522 753 
877 756 
433 404 
342 436 
447 268 
256 474 
859 449 
476 508 
342 139 
551 486 
483 444 
769 811 
756 803 
1661 1036 
729 978 
611 1403 
322 84 
483 698 
583 540 
651 539 
517 1075 
68 74 
79 77 
352 859 
688 887 
828 587 
412 338 
73 75 
595 490 
867 1424 
883 798 
383 536 
990 891 
506 524 
604 640 
983 765 
360 987 
639 1378 
572 1167 
502 694 
414 655 
512 489 
1826 1401 
728 475 
1162 711 
931 611 
991 1063 
449 517 
912 1267 
735 715 
429 735 
790 949 
488 457 
214 459 
185 695 
109 74 
967 939 
74 74 
500 80 
407 1338 
486 991 
616 699 
415 580 
644 754 
88 154 
203 557 
786 1142 
579 483 
79 79 
70 105 
70 75 
1297 1349 
460 485 
609 310 
350 801 
397 867 
780 612 
544 501 
637 428 
85 288 
291 351 
446 578 
68 75 
1008 785 
680 892 
829 940 
1086 727 
533 694 
577 1277 
567 1165 
280 667 
434 669 
67 74 
92 127 
551 733 
88 75 
596 363 
293 857 
1194 804 
483 707 
69 76 
662 467 
442 633 
791 1462 
68 88 
446 554 
439 1466 
446 417 
398 856 
570 528 
491 840 
776 614 
361 781 
831 1107 
219 997 
421 684 
68 108 
449 774 
597 579 
139 225 
343 533 
1025 684 
714 1045 
564 835 
424 682 
714 735 
533 559 
395 262 
108 76 
612 326 
331 501 
272 425 
219 339 
610 808 
763 419 
1171 872 
1268 1164 
803 857 
71 74 
244 1065 
404 456 
449 544 
69 74 
385 777 
790 828 
563 796 
1438 606 
1635 1063 
332 445 
478 824 
305 725 
288 434 
760 319 
447 887 
483 689 
244 248 
637 403 
646 405 
598 639 
509 479 
69 116 
1049 1186 
520 767 
452 74 
503 623 
344 729 
198 74 
559 304 
159 694 
1455 915 
949 994 
414 602 
744 1145 
1143 661 
231 508 
437 730 
650 628 
641 807 
600 543 
453 764 
297 89 
653 509 
67 1313 
724 137 
1095 510 
248 744 
68 653 
701 463 
68 74 
399 605 
1009 307 
67 75 
1168 854 
1158 1077 
749 1385 
606 896 
607 582 
419 589 
68 74 
552 637 
475 821 
263 75 
342 469 
708 786 
67 170 
1076 752 
423 516 
82 77 
581 876 
583 852 
457 331 
429 597 
579 614 
720 909 
405 766 
408 480 
627 718 
291 722 
358 467 
411 433 
574 794 
502 545 
193 98 
580 778 
416 406 
719 333 
593 720 
279 718 
955 458 
432 413 
355 620 
679 1476 
567 640 
68 74 
427 991 
426 290 
721 586 
68 76 
470 448 
481 546 
427 969 
485 523 
677 871 
734 780 
383 510 
377 648 
1170 75 
187 615 
1876 1689 
591 1097 
300 623 
68 238 
279 74 
764 872 
911 971 
374 623 
458 522 
403 695 
485 589 
487 693 
754 647 
753 352 
686 627 
281 84 
488 592 
548 526 
444 603 
1143 474 
290 320 
658 911 
718 769 
67 555 
326 1010 
464 623 
592 690 
496 985 
501 531 
855 613 
299 684 
85 75 
131 88 
618 685 
474 569 
1577 1366 
538 433 
1938 292 
439 390 
356 467 
937 238 
368 800 
996 878 
1265 1280 
670 514 
381 540 
724 760 
571 822 
96 76 
68 82 
75 263 
491 926 
354 627 
464 474 
500 455 
68 76 
489 445 
423 548 
441 428 
704 507 
68 169 
152 74 
690 1017 
699 928 
608 531 
422 804 
826 829 
558 483 
186 127 
68 79 
610 543 
456 974 
106 568 
408 433 
542 859 
68 177 
729 1108 
415 652 
67 74 
143 719 
296 76 
597 519 
572 776 
324 507 
682 903 
517 754 
399 759 
274 298 
655 378 
414 594 
645 677 
518 708 
387 917 
732 74 
91 75 
902 749 
740 970 
601 655 
160 279 
915 812 
327 373 
591 918 
1305 866 
832 772 
383 824 
463 503 
351 330 
120 799 
451 878 
715 1074 
1589 1434 
103 82 
524 891 
351 510 
808 1648 
69 78 
314 476 
69 76 
411 561 
459 522 
395 357 
618 961 
614 221 
693 642 
68 74 
595 253 
369 462 
463 708 
456 780 
1067 766 
478 341 
716 670 
705 840 
616 1057 
403 542 
779 1135 
70 75 
72 75 
404 277 
317 74 
244 343 
482 464 
946 784 
546 548 
476 466 
187 790 
488 636 
107 170 
644 665 
69 76 
590 1348 
566 691 
247 557 
379 75 
260 75 
486 520 
610 768 
1039 1086 
434 811 
67 635 
619 328 
1294 725 
468 417 
724 989 
68 92 
89 93 
406 497 
381 505 
694 642 
161 75 
427 451 
123 75 
531 537 
411 823 
588 592 
83 137 
81 337 
336 372 
68 173 
188 136 
522 318 
264 82 
430 461 
398 600 
146 484 
505 1613 
975 847 
433 140 
361 694 
979 1211 
240 503 
604 759 
67 77 
469 595 
461 770 
81 75 
478 843 
68 75 
572 459 
689 492 
549 1149 
607 934 
616 776 
496 893 
890 655 
557 628 
652 1226 
385 736 
583 950 
188 153 
416 261 
421 461 
74 79 
124 74 
72 75 
174 75 
788 923 
488 749 
453 414 
544 608 
364 577 
527 490 
267 441 
199 80 
150 82 
777 824 
444 946 
476 532 
580 761 
410 469 
72 562 
462 673 
68 183 
529 506 
731 1021 
447 1323 
481 463 
403 391 
254 694 
67 74 
453 408 
686 754 
179 86 
392 711 
367 313 
631 703 
596 386 
340 536 
364 816 
741 713 
454 606 
338 332 
1343 733 
422 395 
517 866 
93 76 
68 348 
102 75 
1939 925 
769 838 
808 936 
482 532 
351 854 
613 424 
609 717 
512 535 
402 599 
409 710 
472 1016 
801 370 
252 439 
354 423 
567 1203 
365 881 
390 586 
359 1058 
645 465 
1438 1344 
1588 1433 
749 581 
433 565 
649 936 
1171 462 
1663 1238 
587 374 
490 98 
736 944 
291 723 
750 883 
69 75 
556 634 
796 614 
727 1299 
68 88 
99 145 
336 421 
105 83 
290 504 
124 166 
263 403 
805 1367 
636 713 
95 412 
375 654 
421 584 
556 393 
814 544 
327 538 
357 533 
1306 471 
325 387 
674 483 
609 654 
279 576 
374 679 
89 74 
355 494 
259 692 
370 1000 
706 1688 
390 371 
312 612 
427 1305 
71 75 
814 623 
697 1078 
557 420 
632 789 
469 497 
1938 1683 
542 983 
195 423 
1135 465 
200 834 
438 688 
215 710 
467 801 
67 102 
318 459 
85 74 
1690 1081 
68 76 
535 869 
784 895 
743 514 
490 627 
283 543 
507 806 
1355 1278 
846 761 
634 104 
1427 529 
68 120 
597 632 
679 891 
1047 587 
335 524 
256 846 
732 914 
70 139 
594 376 
473 483 
1137 1274 
627 628 
67 118 
383 1174 
943 75 
448 954 
456 648 
678 1189 
943 833 
1069 1138 
843 771 
330 953 
92 1206 
67 79 
781 842 
145 75 
697 585 
351 366 
1151 1200 
80 94 
693 74 
359 578 
76 312 
68 267 
542 673 
1230 1143 
68 77 
67 81 
671 753 
453 628 
645 1034 
790 751 
490 1406 
495 810 
67 74 
366 622 
567 605 
615 959 
1155 1280 
98 74 
819 940 
727 817 
1470 87 
527 676 
472 521 
498 562 
465 455 
551 482 
137 93 
348 404 
788 961 
68 75 
483 372 
992 102 
71 78 
143 75 
770 929 
491 988 
720 882 
821 970 
325 599 
96 74 
436 1296 
1920 943 
362 333 
1351 1332 
642 512 
971 446 
486 971 
314 516 
347 511 
1340 718 
533 564 
69 321 
257 274 
568 727 
568 641 
760 732 
74 75 
796 1252 
310 378 
1547 1313 
479 677 
745 775 
332 610 
132 111 
68 188 
548 814 
718 427 
388 892 
494 705 
571 339 
68 74 
457 339 
212 333 
201 494 
1030 725 
312 529 
541 308 
800 561 
936 764 
1019 950 
1474 1200 
390 742 
68 115 
618 714 
1386 913 
318 717 
83 379 
1833 759 
305 717 
103 90 
456 386 
365 865 
457 348 
1007 414 
765 592 
71 132 
839 1339 
488 740 
263 951 
1062 757 
348 859 
1938 688 
432 477 
347 562 
502 554 
259 516 
517 732 
331 74 
68 75 
277 515 
477 734 
659 859 
582 679 
499 609 
69 74 
468 540 
78 75 
945 834 
67 76 
932 872 
725 885 
673 1342 
1170 964 
70 74 
430 598 
306 295 
1140 1252 
447 542 
560 559 
68 74 
68 357 
832 798 
744 791 
520 518 
568 720 
68 75 
865 92 
683 953 
1120 832 
357 315 
454 594 
113 530 
579 411 
551 620 
76 125 
472 558 
1623 929 
639 1072 
588 835 
71 115 
496 755 
604 812 
391 504 
451 294 
479 628 
606 862 
459 680 
484 1143 
407 525 
537 1254 
68 291 
293 341 
420 583 
1017 1226 
812 768 
204 524 
855 1007 
1654 953 
565 511 
386 475 
570 734 
428 530 
293 280 
700 641 
610 1223 
484 505 
490 782 
842 876 
277 539 
68 75 
960 904 
377 793 
616 240 
750 908 
68 76 
833 82 
430 871 
309 512 
569 384 
236 112 
526 257 
605 716 
392 816 
384 641 
543 522 
465 595 
107 74 
861 1166 
297 687 
717 590 
917 1383 
67 77 
280 424 
1596 107 
622 650 
411 1241 
820 677 
868 463 
1152 1041 
1094 1244 
470 370 
337 981 
623 814 
68 77 
353 557 
657 528 
493 741 
68 75 
581 980 
1024 379 
711 692 
871 343 
642 461 
68 653 
751 649 
583 905 
68 75 
102 82 
618 670 
1038 110 
715 210 
333 545 
67 75 
313 606 
511 362 
592 499 
826 924 
930 899 
1094 75 
523 898 
488 357 
84 134 
662 540 
610 761 
293 572 
502 664 
476 508 
69 74 
556 775 
634 833 
68 74 
415 498 
810 1106 
780 440 
394 594 
562 577 
698 633 
748 547 
424 451 
1219 965 
361 606 
573 782 
536 916 
72 125 
373 890 
574 583 
68 78 
356 854 
311 585 
496 794 
1079 1215 
767 506 
69 74 
491 643 
447 719 
322 593 
395 546 
980 1627 
309 858 
789 502 
432 876 
956 1027 
893 475 
701 998 
102 74 
731 821 
979 652 
353 314 
952 797 
893 610 
547 490 
694 690 
457 522 
640 776 
80 74 
1158 480 
616 412 
501 927 
429 493 
425 930 
73 74 
626 596 
596 563 
475 621 
560 520 
431 1052 
375 448 
482 677 
356 285 
956 1265 
465 455 
804 436 
532 526 
508 724 
1807 200 
157 74 
485 779 
1000 597 
784 830 
68 152 
362 330 
1106 910 
273 675 
532 878 
360 431 
370 397 
340 804 
271 432 
69 1018 
623 588 
584 848 
523 504 
345 889 
420 546 
344 400 
463 491 
712 794 
688 685 
645 771 
312 74 
558 823 
486 750 
296 486 
322 227 
614 677 
1224 785 
608 799 
427 463 
275 623 
435 128 
318 733 
301 477 
530 202 
766 1009 
1938 75 
669 1022 
1029 1113 
67 266 
161 134 
455 595 
655 582 
785 808 
446 425 
306 474 
695 878 
546 484 
524 737 
418 637 
67 160 
411 348 
392 214 
592 784 
69 76 
326 395 
87 554 
496 961 
601 688 
385 449 
264 694 
171 470 
620 1052 
67 79 
471 804 
1541 332 
493 727 
584 1247 
529 825 
452 738 
509 727 
700 550 
487 794 
326 77 
793 579 
146 92 
1145 838 
919 966 
297 453 
454 661 
76 74 
426 471 
795 1106 
416 647 
495 869 
186 83 
1240 610 
517 773 
139 134 
274 101 
396 431 
94 200 
1151 1163 
1268 410 
289 898 
466 483 
871 1283 
239 216 
688 1055 
700 518 
775 725 
593 1370 
535 711 
867 413 
990 499 
575 431 
68 76 
496 1014 
71 74 
299 280 
353 528 
1064 978 
67 170 
769 632 
607 949 
581 739 
68 76 
784 799 
557 629 
312 533 
990 914 
413 633 
376 952 
67 203 
68 172 
326 780 
559 629 
472 350 
276 811 
471 875 
712 1145 
73 75 
531 979 
611 371 
462 418 
286 570 
498 685 
715 885 
1045 1429 
327 564 
336 440 
418 542 
511 628 
1540 950 
373 447 
531 407 
468 685 
509 587 
333 1507 
659 1575 
460 959 
68 87 
319 588 
532 557 
348 74 
523 724 
481 615 
668 777 
631 483 
483 646 
184 840 
671 456 
428 497 
1620 78 
313 359 
516 761 
496 404 
510 503 
773 1117 
698 685 
815 533 
818 452 
718 608 
69 87 
659 412 
331 752 
443 762 
472 949 
68 75 
404 295 
526 323 
70 147 
70 135 
609 528 
482 660 
222 149 
82 74 
82 75 
509 791 
1328 1592 
461 720 
1015 781 
427 763 
243 618 
399 411 
601 822 
588 768 
1110 1316 
425 938 
681 420 
529 718 
673 76 
682 704 
474 442 
279 423 
550 697 
543 612 
114 269 
935 821 
520 669 
226 545 
1076 1019 
461 79 
125 207 
823 413 
595 493 
67 77 
443 433 
214 344 
545 496 
188 115 
725 626 
178 79 
546 698 
637 701 
233 526 
875 285 
1628 1623 
858 1277 
384 312 
341 757 
520 662 
377 383 
830 931 
361 500 
70 76 
1270 1179 
413 395 
434 736 
529 835 
534 1074 
506 495 
346 547 
281 1045 
395 746 
675 698 
382 651 
68 199 
583 699 
1004 1303 
695 865 
657 538 
83 77 
467 591 
335 609 
297 484 
385 590 
394 525 
880 887 
333 678 
270 425 
686 723 
889 1044 
700 307 
724 855 
1109 591 
347 734 
411 846 
650 898 
352 331 
330 531 
635 566 
727 691 
1115 512 
723 454 
445 588 
526 559 
1055 1019 
865 1205 
444 957 
386 385 
302 469 
497 1279 
539 829 
756 728 
790 1423 
1115 1266 
781 616 
78 203 
319 731 
653 1052 
1073 963 
1008 1263 
389 490 
503 497 
406 497 
487 620 
862 1051 
429 447 
72 75 
409 396 
642 559 
634 722 
1015 1165 
398 742 
444 627 
282 419 
310 653 
517 587 
281 213 
755 727 
424 534 
413 664 
720 925 
376 556 
1938 97 
664 1183 
69 82 
636 1094 
74 75 
366 501 
489 839 
831 1109 
429 514 
835 375 
570 340 
82 874 
626 666 
69 75 
353 488 
83 84 
98 137 
68 74 
655 671 
899 941 
679 582 
401 753 
1240 422 
295 507 
1029 923 
307 564 
658 641 
498 348 
809 993 
344 504 
419 1595 
244 75 
935 585 
422 712 
589 970 
569 760 
467 1062 
1712 1512 
207 479 
487 553 
601 590 
411 75 
362 499 
422 409 
389 342 
742 1006 
350 544 
68 74 
456 793 
443 634 
444 532 
912 1203 
620 618 
256 517 
306 824 
937 75 
363 875 
595 875 
359 432 
69 75 
791 897 
370 532 
69 158 
655 667 
72 74 
356 518 
795 580 
356 445 
282 399 
707 736 
606 736 
904 900 
496 767 
1597 1058 
556 1029 
501 551 
91 377 
68 798 
780 523 
558 680 
844 898 
1345 874 
365 476 
1196 1593 
1696 1558 
514 677 
490 613 
68 85 
776 1274 
77 83 
836 1018 
302 592 
492 370 
758 726 
737 678 
413 458 
581 1173 
74 74 
203 503 
948 773 
594 420 
453 668 
621 762 
569 75 
796 1362 
270 1342 
456 647 
453 421 
525 320 
460 971 
675 559 
259 74 
820 550 
561 681 
71 1018 
378 497 
566 1214 
607 1184 
128 74 
72 75 
1358 461 
754 602 
67 105 
775 907 
1138 1494 
369 420 
596 514 
677 423 
1628 88 
627 581 
853 1373 
356 421 
132 75 
80 279 
414 552 
68 74 
463 1213 
197 295 
68 74 
251 82 
688 542 
264 704 
73 74 
1505 1112 
1267 1400 
676 957 
495 511 
484 665 
534 328 
1537 75 
381 961 
68 984 
599 815 
836 1048 
440 434 
680 876 
514 526 
967 1303 
989 760 
714 768 
772 323 
556 741 
307 74 
533 615 
579 358 
801 317 
317 506 
259 81 
533 443 
332 413 
726 786 
296 75 
72 75 
470 886 
387 463 
499 541 
275 476 
232 1317 
506 948 
923 1111 
363 550 
1046 582 
1416 1254 
1718 1479 
961 1364 
738 1235 
1174 930 
497 559 
68 75 
397 482 
