874 374 
746 920 
1631 1195 
987 889 
680 806 
858 835 
995 699 
507 635 
1004 754 
951 711 
1149 808 
481 80 
698 602 
683 912 
651 441 
250 79 
1065 1323 
917 1364 
585 720 
749 439 
1066 819 
823 692 
1311 1252 
460 507 
1270 934 
614 540 
597 811 
844 718 
999 612 
1104 480 
602 624 
591 601 
986 802 
853 376 
74 133 
343 957 
905 1470 
576 236 
1463 1271 
1116 521 
704 1097 
947 681 
543 414 
404 368 
785 723 
548 447 
1935 1513 
802 688 
684 739 
114 79 
73 165 
560 534 
204 534 
1465 1548 
654 607 
1092 755 
747 518 
73 269 
1169 1049 
1501 941 
1935 1408 
757 559 
1182 1026 
782 723 
512 355 
243 79 
566 492 
73 79 
230 127 
740 638 
908 80 
1155 1056 
74 79 
673 80 
834 1348 
613 1359 
82 79 
858 639 
690 461 
700 507 
1011 345 
73 79 
73 79 
85 78 
100 80 
186 771 
203 79 
705 928 
361 386 
286 669 
560 1151 
916 1093 
563 941 
1318 433 
703 321 
702 447 
734 430 
77 79 
959 692 
387 386 
564 858 
698 524 
136 341 
240 260 
1937 1009 
797 844 
1362 638 
538 530 
75 79 
1054 661 
574 756 
80 80 
74 202 
1559 1137 
995 954 
196 107 
141 114 
956 610 
816 567 
856 754 
1936 675 
251 780 
528 421 
201 79 
1935 1480 
1103 521 
1371 1337 
472 482 
633 157 
558 1067 
827 815 
402 500 
1043 506 
925 468 
588 630 
1276 1371 
73 164 
742 509 
616 524 
474 80 
685 697 
953 751 
608 618 
73 82 
907 540 
623 504 
674 780 
1246 601 
507 881 
152 122 
802 926 
74 79 
727 607 
707 508 
690 683 
451 490 
682 558 
123 1354 
81 80 
1292 589 
1854 1651 
631 411 
727 790 
937 743 
516 413 
447 79 
74 78 
640 711 
987 1114 
76 91 
383 341 
86 114 
99 114 
629 504 
74 79 
75 79 
546 1085 
556 542 
1031 1053 
136 80 
207 79 
430 84 
525 1255 
837 835 
1039 306 
593 759 
447 615 
867 915 
74 79 
611 710 
1192 868 
689 723 
406 876 
771 645 
757 1136 
541 656 
780 1360 
523 672 
816 503 
429 383 
399 662 
582 399 
589 329 
74 80 
1096 84 
418 398 
731 481 
344 80 
786 504 
1315 1229 
978 835 
91 95 
658 585 
636 583 
978 609 
1194 389 
642 416 
313 456 
389 554 
508 413 
707 442 
826 481 
680 669 
1227 1358 
689 737 
862 882 
505 688 
518 664 
74 96 
537 503 
792 495 
666 622 
1055 834 
73 79 
731 1316 
1467 970 
1404 958 
255 228 
75 731 
121 79 
954 732 
830 824 
72 79 
719 699 
74 79 
608 214 
564 290 
680 631 
951 1069 
486 542 
123 80 
697 398 
110 81 
769 768 
81 280 
753 522 
109 80 
256 90 
1177 786 
753 482 
1754 1512 
669 589 
970 841 
268 140 
558 558 
716 370 
814 345 
860 1461 
77 79 
73 657 
628 866 
697 802 
73 79 
588 423 
524 427 
765 440 
656 472 
997 847 
76 79 
557 1087 
754 264 
73 750 
73 78 
869 1337 
1006 1082 
887 767 
1935 1697 
225 670 
574 251 
1174 619 
1279 740 
766 793 
73 116 
636 478 
1396 880 
519 502 
93 80 
864 577 
672 922 
236 78 
1106 632 
676 432 
1795 521 
89 503 
84 79 
543 242 
1364 914 
974 645 
804 406 
592 534 
848 780 
137 79 
486 78 
80 89 
825 531 
658 376 
720 678 
808 615 
738 665 
1066 823 
73 79 
1082 954 
446 330 
1046 950 
699 344 
1545 79 
624 857 
1251 791 
296 89 
662 717 
930 792 
982 590 
127 89 
827 647 
832 611 
783 573 
682 588 
1935 1209 
704 650 
92 83 
1098 853 
1464 990 
560 562 
73 398 
565 173 
1187 535 
1167 879 
412 79 
138 82 
260 909 
845 550 
1146 1073 
603 405 
76 78 
1033 395 
1211 735 
971 652 
637 673 
75 83 
791 559 
1126 557 
724 452 
535 602 
73 86 
211 151 
1086 783 
859 965 
781 809 
716 629 
739 810 
1577 1008 
822 976 
76 109 
911 377 
1421 1244 
695 834 
1317 1147 
504 699 
990 79 
73 79 
78 93 
74 79 
719 183 
858 935 
79 80 
309 1318 
853 542 
88 79 
391 600 
1319 1134 
634 513 
626 750 
519 406 
1167 332 
576 717 
978 79 
103 80 
610 678 
592 645 
781 324 
1061 658 
814 84 
951 853 
718 350 
759 701 
353 96 
682 1012 
815 498 
950 798 
858 493 
792 716 
720 643 
615 350 
742 847 
73 78 
531 532 
840 540 
584 683 
731 79 
995 652 
1079 944 
481 80 
74 89 
938 452 
377 358 
717 492 
672 708 
624 324 
581 953 
1511 1509 
713 573 
345 258 
714 730 
828 736 
750 599 
1788 1209 
478 297 
955 385 
413 79 
76 79 
1186 903 
543 1358 
728 632 
574 622 
73 80 
74 394 
432 543 
532 848 
812 316 
315 539 
892 742 
514 413 
182 125 
1405 490 
887 315 
73 113 
1037 301 
744 513 
743 589 
519 86 
750 789 
656 892 
681 631 
390 129 
177 86 
1140 882 
634 846 
1936 1459 
496 588 
524 336 
506 420 
111 79 
471 427 
545 521 
73 80 
73 79 
73 730 
814 504 
681 452 
75 318 
746 644 
848 556 
118 92 
771 571 
1370 487 
783 793 
787 732 
529 371 
226 81 
1643 1535 
1233 1003 
797 820 
662 594 
635 443 
1057 663 
1530 798 
603 508 
706 431 
1358 742 
922 81 
75 80 
577 720 
430 645 
1466 683 
526 1121 
1935 1625 
598 348 
1040 1204 
1072 777 
511 733 
1298 951 
806 794 
688 378 
755 732 
74 79 
920 1166 
957 948 
636 80 
118 243 
647 562 
292 83 
744 924 
85 440 
164 151 
261 147 
77 533 
1437 1308 
606 481 
488 597 
776 468 
1475 521 
460 546 
1935 901 
735 444 
707 718 
135 79 
1288 1186 
507 616 
1101 1525 
1016 1112 
684 465 
1750 570 
495 620 
945 714 
1168 673 
847 778 
668 414 
945 607 
669 474 
1083 566 
1034 500 
1424 79 
451 196 
565 684 
193 83 
863 887 
1273 1471 
82 79 
733 80 
454 287 
89 79 
947 413 
289 80 
382 513 
104 124 
702 812 
712 378 
783 699 
75 213 
73 115 
86 188 
726 405 
848 613 
1694 1297 
1137 649 
1037 1191 
809 377 
1590 1122 
693 685 
664 1364 
1064 681 
441 79 
222 80 
163 79 
1182 1084 
665 458 
783 582 
775 438 
584 732 
97 96 
876 366 
153 313 
664 410 
720 700 
887 1258 
988 731 
116 922 
752 862 
829 500 
651 919 
1258 1243 
598 440 
771 605 
1935 1683 
1090 609 
599 336 
1297 82 
121 97 
1455 755 
540 264 
762 373 
1935 1436 
74 108 
1099 1331 
78 79 
675 753 
986 776 
608 650 
380 789 
96 79 
1466 814 
1935 771 
747 1010 
470 917 
74 86 
124 104 
513 656 
770 953 
1244 890 
533 404 
77 79 
81 81 
73 420 
650 824 
1119 959 
75 84 
671 486 
571 787 
123 102 
799 577 
75 86 
166 80 
843 873 
1734 475 
854 79 
73 79 
834 272 
807 1242 
190 90 
797 1455 
1074 518 
731 864 
1102 1131 
609 872 
602 372 
819 395 
394 78 
83 79 
974 476 
75 80 
139 1601 
1011 826 
73 584 
496 491 
1479 633 
971 679 
699 773 
1112 332 
1364 177 
1029 646 
833 263 
562 394 
557 496 
113 82 
692 605 
1360 764 
1498 758 
787 607 
532 704 
73 181 
78 147 
1591 1123 
1863 1345 
595 882 
799 646 
687 561 
127 80 
682 756 
965 1381 
572 576 
1079 287 
1751 957 
389 320 
644 518 
485 690 
524 889 
799 548 
632 479 
73 80 
1688 1398 
863 563 
73 79 
674 554 
323 88 
605 417 
1735 574 
1154 734 
170 128 
758 675 
1102 677 
516 703 
932 511 
73 321 
1935 846 
1081 1133 
585 719 
802 553 
763 788 
80 140 
75 79 
75 81 
1099 699 
511 488 
164 79 
730 732 
73 79 
978 686 
1116 1193 
709 539 
73 79 
820 1378 
678 923 
1169 782 
381 469 
526 383 
834 563 
577 534 
1397 1016 
537 506 
471 509 
1053 479 
1329 1074 
641 840 
436 364 
610 749 
609 377 
127 92 
187 93 
1748 1499 
961 657 
693 643 
476 492 
802 1057 
499 788 
73 181 
73 417 
857 889 
329 575 
1010 577 
249 79 
155 120 
692 788 
982 1063 
870 685 
686 781 
84 197 
757 956 
428 811 
77 128 
989 966 
1231 947 
900 481 
233 151 
87 254 
696 765 
75 80 
75 80 
1265 807 
75 79 
73 79 
81 279 
780 545 
668 770 
197 172 
146 78 
938 622 
1200 966 
1083 1176 
725 78 
75 79 
454 638 
1073 836 
606 405 
639 695 
945 940 
1314 200 
1114 1125 
1579 1007 
103 173 
629 562 
74 309 
1104 1068 
73 83 
854 782 
949 684 
1669 503 
1935 646 
553 305 
966 829 
836 809 
225 96 
1027 1526 
248 82 
861 563 
894 727 
1056 612 
92 114 
450 1300 
402 816 
76 85 
83 79 
180 80 
71 874 
74 137 
1936 933 
824 475 
675 687 
532 445 
914 731 
704 497 
612 227 
1197 889 
732 1022 
227 79 
1295 80 
317 118 
906 674 
75 101 
781 1000 
432 474 
80 197 
614 525 
77 158 
548 881 
78 414 
888 601 
657 311 
1043 953 
928 698 
543 1518 
815 466 
857 616 
161 80 
74 79 
699 626 
376 836 
437 706 
73 79 
922 1195 
1935 1013 
692 510 
1935 863 
737 583 
73 79 
1222 820 
347 81 
1013 563 
536 642 
477 1206 
1119 871 
788 721 
239 96 
638 473 
638 1377 
1046 1136 
1037 776 
414 821 
1247 772 
74 80 
531 85 
123 98 
466 613 
1334 1073 
714 536 
783 764 
810 365 
1107 722 
529 1399 
745 555 
73 453 
553 712 
1349 1551 
402 1305 
599 574 
1802 1377 
969 825 
762 611 
75 191 
394 722 
91 1240 
695 276 
846 493 
633 524 
499 688 
945 668 
659 567 
629 521 
478 261 
1578 571 
644 578 
77 80 
126 402 
947 509 
1229 1460 
1200 546 
671 836 
96 336 
927 918 
75 458 
97 79 
864 493 
137 81 
707 456 
642 704 
1489 729 
121 81 
1023 1086 
1715 1541 
73 79 
840 500 
708 699 
833 1207 
1119 1181 
756 545 
1071 469 
720 1065 
740 1306 
854 480 
79 86 
752 533 
514 600 
619 541 
693 377 
84 101 
953 783 
73 331 
1097 81 
244 778 
1000 650 
540 607 
73 101 
554 558 
73 226 
1163 341 
415 383 
857 418 
1018 668 
100 79 
708 79 
566 544 
73 109 
875 632 
169 83 
1342 378 
551 698 
802 490 
1092 1242 
590 710 
647 571 
631 962 
782 453 
961 616 
789 720 
572 935 
678 796 
75 106 
488 737 
707 567 
672 741 
139 79 
73 79 
1935 662 
909 575 
86 78 
753 878 
848 696 
698 849 
494 549 
867 1404 
591 556 
735 1001 
1153 648 
735 1221 
457 672 
591 80 
1161 621 
568 222 
658 573 
919 714 
665 494 
1071 1157 
1094 661 
690 426 
891 790 
847 80 
1244 744 
701 484 
73 126 
1913 1403 
593 339 
75 239 
625 671 
74 79 
73 161 
709 1328 
501 450 
1228 812 
922 532 
1348 1015 
381 1311 
73 317 
798 483 
431 631 
76 79 
75 1666 
571 408 
159 193 
583 123 
900 843 
101 79 
1763 817 
873 391 
649 549 
395 481 
305 79 
1195 472 
1046 982 
1212 492 
179 79 
789 474 
681 1055 
712 220 
1057 79 
929 980 
504 300 
1935 860 
821 628 
89 359 
986 1149 
546 600 
440 659 
940 1540 
1412 749 
652 440 
83 79 
581 351 
604 445 
200 1422 
616 317 
681 337 
74 79 
1936 94 
511 558 
380 89 
1205 1178 
527 511 
74 83 
948 903 
128 79 
110 79 
895 606 
73 81 
1134 923 
799 527 
1071 1081 
935 486 
1619 1325 
618 601 
706 748 
1075 453 
583 480 
347 582 
676 744 
75 80 
116 311 
658 837 
721 260 
645 656 
701 837 
645 492 
1223 1345 
86 254 
1143 1209 
854 687 
676 753 
460 530 
1469 398 
684 896 
874 1121 
409 1084 
228 79 
355 545 
121 80 
858 934 
861 405 
74 79 
74 130 
73 363 
661 688 
854 606 
813 733 
954 865 
901 841 
1279 739 
1211 616 
599 555 
833 497 
651 850 
809 723 
1258 636 
465 524 
683 717 
612 804 
1935 823 
1146 424 
1348 1197 
672 549 
1156 751 
805 572 
781 80 
222 80 
1384 862 
159 80 
1159 657 
74 112 
992 889 
1097 872 
73 98 
655 1107 
1257 961 
73 147 
686 451 
688 695 
428 784 
81 79 
934 451 
1115 703 
268 206 
1935 933 
932 1048 
358 577 
1226 1487 
687 351 
177 102 
606 297 
284 945 
1019 1195 
646 165 
1855 858 
123 79 
829 603 
980 804 
711 648 
1123 645 
827 651 
811 630 
519 663 
1085 870 
846 679 
709 830 
556 614 
73 181 
798 688 
1077 825 
97 80 
139 493 
1025 1123 
726 646 
736 445 
451 544 
1070 425 
872 493 
680 711 
987 558 
844 604 
1066 1191 
811 828 
981 774 
1374 1388 
1186 925 
1261 622 
1068 524 
337 80 
366 570 
609 687 
799 476 
860 519 
554 796 
1105 87 
1536 1147 
754 588 
1206 847 
1713 1345 
1316 1416 
1809 1601 
1515 764 
300 235 
637 879 
89 81 
75 79 
791 859 
984 610 
520 950 
72 1571 
73 109 
504 443 
646 398 
1935 886 
710 240 
728 663 
1714 1513 
479 835 
872 842 
710 80 
936 1197 
1206 1255 
1004 1275 
620 904 
729 589 
455 702 
509 637 
962 829 
1177 857 
961 844 
775 871 
954 877 
649 1046 
74 79 
128 79 
968 501 
890 568 
712 392 
776 569 
1573 968 
450 391 
766 973 
439 736 
985 79 
563 641 
1935 102 
1207 942 
648 366 
1239 921 
716 1072 
666 577 
566 403 
126 798 
426 383 
432 508 
598 755 
749 1012 
76 141 
532 601 
639 637 
1060 79 
1177 469 
520 729 
483 482 
106 377 
641 711 
924 372 
801 742 
337 863 
177 261 
1935 1380 
73 86 
1630 1111 
895 159 
219 95 
677 648 
611 884 
1035 866 
613 683 
1935 1665 
79 98 
1074 1105 
74 82 
851 518 
1465 1605 
642 455 
72 92 
572 323 
728 342 
409 359 
102 79 
397 546 
762 449 
562 79 
221 220 
590 287 
473 79 
1834 1126 
101 81 
395 592 
1320 1244 
183 113 
834 520 
862 938 
576 591 
540 674 
1621 364 
1248 1019 
612 632 
1242 931 
932 549 
606 508 
74 92 
865 395 
78 1466 
673 419 
708 628 
902 478 
907 645 
86 389 
73 89 
943 474 
340 429 
888 1275 
805 1056 
836 526 
999 1069 
925 1159 
81 183 
558 699 
380 547 
1090 525 
1316 854 
528 301 
713 652 
1718 1013 
72 412 
903 623 
507 730 
695 607 
1935 1566 
439 357 
1623 837 
73 80 
1135 535 
940 962 
879 592 
101 113 
666 293 
539 508 
1356 1022 
1165 1219 
1016 876 
874 1315 
1421 1667 
1435 1355 
656 853 
552 385 
1383 753 
667 463 
1935 813 
713 650 
643 649 
1444 1064 
277 151 
833 955 
764 822 
1510 631 
894 288 
1349 898 
617 700 
522 547 
779 714 
162 82 
863 463 
502 603 
636 176 
1197 1278 
715 868 
476 789 
757 563 
852 670 
872 629 
197 315 
756 493 
753 739 
845 487 
696 615 
877 451 
547 267 
1745 1027 
473 81 
836 917 
1447 532 
520 577 
681 740 
1058 1497 
1498 902 
512 518 
134 901 
518 504 
134 211 
1018 943 
171 78 
475 743 
1935 1541 
888 376 
495 760 
828 674 
533 387 
1072 684 
1304 820 
953 654 
1189 435 
878 411 
304 119 
585 1225 
1293 1098 
1320 915 
700 553 
73 79 
952 216 
806 800 
1433 1400 
1841 1376 
115 84 
223 79 
795 502 
240 708 
675 660 
482 962 
545 674 
83 88 
1321 981 
857 699 
835 852 
940 423 
544 578 
730 549 
967 993 
1069 1062 
642 621 
92 81 
698 552 
588 624 
384 498 
669 644 
1430 1602 
653 1208 
1935 1526 
773 605 
611 385 
655 461 
709 794 
718 270 
432 90 
738 573 
231 229 
140 96 
74 94 
478 622 
554 568 
1103 82 
306 80 
933 577 
74 163 
789 475 
314 79 
74 79 
927 603 
1049 769 
755 425 
594 1021 
636 748 
768 916 
1935 1413 
483 407 
632 906 
1114 609 
1657 1360 
88 85 
1109 654 
587 384 
1045 434 
721 240 
1026 584 
1116 962 
789 521 
199 81 
467 675 
74 79 
828 847 
633 689 
711 670 
655 80 
601 373 
1268 79 
84 80 
313 88 
73 90 
1280 932 
707 567 
1080 662 
122 127 
683 1338 
734 671 
947 625 
329 79 
1213 537 
738 753 
466 483 
547 630 
1180 1084 
770 703 
89 81 
136 782 
693 679 
1197 662 
1583 1338 
830 614 
1061 989 
1764 988 
73 210 
221 238 
892 850 
675 951 
73 125 
1872 1324 
696 545 
121 96 
725 630 
783 810 
777 433 
551 419 
730 687 
698 870 
968 928 
886 639 
135 79 
839 515 
980 651 
77 79 
448 344 
105 96 
1233 265 
169 137 
1187 513 
73 79 
583 1046 
870 656 
1202 538 
1779 1632 
221 169 
618 1536 
89 79 
784 822 
416 518 
254 79 
975 520 
561 627 
194 287 
929 514 
87 166 
813 788 
578 594 
597 665 
800 408 
869 764 
1444 927 
619 568 
762 803 
708 905 
812 633 
807 1206 
597 445 
1811 1328 
80 80 
681 316 
73 131 
1657 1254 
830 712 
366 507 
73 78 
1780 572 
721 390 
930 401 
783 655 
1728 1015 
189 233 
84 81 
73 79 
1611 1365 
844 633 
494 400 
1083 694 
74 334 
722 804 
810 837 
1114 273 
1261 1201 
802 674 
638 1050 
548 578 
1086 678 
1040 1228 
414 386 
232 135 
640 854 
1092 1404 
73 112 
635 386 
1010 1081 
191 141 
712 435 
73 86 
73 139 
764 834 
776 733 
580 555 
546 722 
578 80 
614 640 
1370 566 
970 809 
571 648 
1352 618 
696 425 
1310 1112 
807 608 
935 657 
83 79 
997 498 
536 723 
693 577 
542 385 
804 371 
591 481 
312 105 
506 384 
673 727 
849 939 
814 556 
989 1057 
1878 625 
75 539 
892 545 
452 469 
1294 1113 
680 1471 
775 1046 
687 430 
944 527 
859 392 
697 600 
738 700 
73 78 
510 657 
310 79 
598 851 
895 681 
590 487 
1205 715 
974 1320 
1275 677 
1068 340 
321 82 
378 773 
1078 679 
533 442 
878 441 
488 157 
643 845 
653 1411 
1481 1569 
490 567 
513 577 
73 211 
77 91 
454 529 
1077 610 
912 1289 
87 85 
214 642 
912 654 
191 79 
1189 674 
1358 947 
620 829 
679 611 
1031 658 
107 227 
747 495 
1055 627 
195 114 
1225 1093 
1277 1522 
613 85 
680 618 
731 419 
81 357 
1092 1177 
137 96 
73 79 
441 287 
455 494 
91 79 
566 673 
259 83 
1096 1292 
754 741 
526 569 
643 822 
618 351 
74 102 
963 461 
628 689 
672 707 
617 384 
1271 440 
79 79 
819 973 
531 584 
1247 79 
106 158 
1707 1450 
386 537 
864 1023 
1214 1273 
1012 959 
907 854 
562 80 
73 79 
414 725 
865 690 
452 482 
1935 80 
1246 959 
703 504 
185 165 
602 523 
927 908 
750 1113 
1278 1503 
738 402 
212 96 
680 583 
721 337 
1060 1302 
985 563 
133 83 
777 526 
753 608 
1592 79 
865 392 
500 785 
597 471 
693 844 
207 86 
914 535 
832 911 
74 604 
676 340 
76 80 
223 89 
624 640 
495 81 
73 172 
355 478 
793 807 
1038 572 
950 1217 
790 923 
1491 656 
1838 344 
938 1072 
77 79 
425 343 
832 512 
527 520 
471 1203 
215 104 
718 466 
899 773 
680 1061 
911 1233 
490 601 
74 80 
542 587 
80 268 
73 190 
513 1283 
1414 999 
1496 706 
765 1124 
1025 1031 
123 79 
714 264 
222 182 
1467 1096 
1381 701 
914 1677 
920 1178 
1150 1073 
74 80 
670 530 
81 79 
763 665 
766 742 
379 79 
73 90 
546 869 
649 690 
171 102 
912 904 
335 711 
814 834 
1018 869 
591 517 
74 79 
1404 834 
1045 902 
74 79 
1686 872 
704 719 
346 114 
1393 786 
534 466 
1352 80 
638 421 
695 323 
648 782 
73 402 
669 523 
102 80 
1099 404 
688 689 
977 938 
1292 919 
147 79 
74 79 
633 534 
331 239 
1286 534 
73 79 
842 813 
132 416 
190 80 
74 94 
120 79 
1014 781 
614 810 
1028 671 
1934 1334 
1356 1037 
73 80 
1065 636 
1222 1245 
151 79 
943 775 
785 1249 
693 760 
908 528 
1021 595 
771 770 
731 1142 
1428 1328 
742 707 
1936 1602 
582 508 
1110 771 
695 81 
588 723 
75 332 
241 160 
775 645 
1200 1143 
747 879 
410 576 
451 557 
525 385 
1272 774 
1103 430 
1139 820 
73 80 
988 369 
854 892 
615 499 
461 836 
587 450 
1050 1461 
1269 644 
599 799 
970 912 
1102 377 
545 503 
1624 1041 
1414 1075 
76 121 
803 860 
84 79 
1708 1196 
518 1182 
893 87 
88 99 
677 606 
822 1227 
921 541 
466 628 
843 673 
749 324 
1267 929 
723 760 
727 1467 
883 397 
459 740 
1019 894 
1935 1603 
573 293 
85 79 
758 253 
277 81 
1271 819 
648 643 
992 774 
112 79 
73 100 
764 513 
818 165 
1857 964 
898 432 
1422 1178 
697 628 
474 689 
1459 771 
87 288 
961 505 
360 450 
1238 843 
1791 1172 
781 757 
101 82 
468 384 
1559 1256 
74 79 
778 339 
669 611 
154 184 
877 646 
972 778 
73 332 
1416 808 
595 400 
743 764 
701 681 
875 1149 
1095 332 
1189 916 
827 434 
706 846 
380 294 
748 853 
149 80 
129 79 
1486 1044 
961 1192 
720 555 
900 410 
74 367 
818 924 
132 90 
74 91 
575 451 
396 87 
752 833 
1236 309 
438 396 
757 411 
572 360 
857 787 
82 229 
393 167 
984 421 
474 825 
764 214 
1019 827 
146 79 
1432 788 
565 799 
347 79 
439 257 
934 1061 
1208 888 
616 878 
561 571 
941 868 
85 200 
81 91 
847 646 
960 901 
809 677 
784 744 
75 79 
1435 749 
1244 500 
908 385 
805 841 
73 109 
1360 1391 
947 782 
596 1120 
73 152 
254 354 
680 692 
1936 255 
901 538 
476 566 
740 439 
105 89 
674 816 
74 79 
73 92 
1351 875 
739 531 
496 589 
719 750 
492 263 
940 1047 
144 223 
1118 1169 
73 88 
734 763 
273 88 
88 80 
938 771 
827 1423 
725 455 
935 527 
139 80 
1149 935 
655 524 
845 805 
76 131 
1312 1185 
305 80 
542 964 
1269 688 
413 79 
394 497 
563 784 
99 81 
659 665 
405 79 
1025 931 
858 436 
818 1060 
627 818 
841 713 
83 263 
699 838 
949 1018 
113 149 
776 734 
1099 400 
837 249 
975 961 
957 774 
827 593 
569 385 
858 721 
1935 662 
653 621 
1209 1264 
987 904 
1549 1036 
727 544 
1625 1066 
591 773 
848 457 
1175 1094 
176 79 
241 213 
102 452 
73 79 
806 567 
104 170 
868 846 
1305 367 
774 695 
90 703 
1013 1438 
1043 1245 
465 84 
84 117 
1048 502 
639 778 
485 385 
716 79 
212 79 
370 450 
73 79 
141 79 
563 397 
1133 973 
594 537 
675 637 
639 447 
462 520 
1178 581 
692 360 
1014 840 
634 461 
911 970 
1280 811 
711 694 
127 88 
1236 1008 
636 1128 
213 91 
739 769 
981 1076 
778 657 
609 557 
73 128 
823 991 
844 476 
961 610 
1006 723 
830 595 
660 383 
529 984 
544 213 
459 440 
940 907 
855 930 
894 476 
427 545 
1285 1216 
1006 680 
1182 1041 
1800 725 
856 792 
964 416 
519 440 
527 383 
327 627 
532 477 
429 772 
689 507 
192 80 
839 538 
817 643 
74 448 
1204 1040 
75 490 
674 744 
1116 663 
73 79 
563 112 
1382 1009 
1006 843 
1111 905 
1830 1427 
1083 449 
211 79 
509 979 
582 417 
74 82 
526 495 
653 440 
493 481 
73 169 
842 1019 
757 864 
692 423 
648 291 
74 79 
1850 1293 
550 1210 
815 903 
856 748 
1086 521 
224 79 
77 85 
74 93 
1599 1380 
90 79 
187 80 
1183 81 
1615 1223 
218 80 
158 80 
74 80 
79 78 
983 549 
825 721 
736 600 
80 313 
395 363 
73 319 
224 79 
1072 1034 
74 79 
644 531 
78 977 
488 88 
1041 955 
1283 532 
529 558 
215 80 
947 810 
195 87 
1138 89 
538 664 
92 82 
94 81 
738 424 
859 822 
532 738 
73 87 
1680 1654 
883 712 
1178 685 
1243 791 
441 579 
223 120 
118 78 
674 844 
1936 848 
858 512 
570 658 
73 101 
740 658 
1209 448 
1341 1049 
956 933 
1377 405 
451 826 
75 79 
1436 1099 
88 79 
1935 1700 
179 522 
111 309 
877 480 
799 962 
555 645 
957 596 
351 361 
1399 1140 
76 97 
671 333 
205 110 
610 375 
558 692 
250 191 
639 542 
74 97 
954 198 
409 544 
682 427 
697 782 
757 767 
74 100 
556 758 
750 173 
111 80 
765 959 
479 1104 
357 375 
737 79 
540 583 
115 79 
801 318 
711 532 
1288 1560 
230 79 
76 79 
702 411 
557 623 
1501 760 
1067 1366 
89 368 
1491 340 
73 282 
589 622 
680 491 
111 306 
80 79 
586 225 
559 459 
549 554 
1381 1195 
74 79 
428 441 
1319 818 
475 323 
1935 988 
700 738 
158 127 
805 319 
101 80 
910 600 
629 617 
1935 544 
903 1344 
75 183 
983 751 
810 826 
1549 1610 
1393 1132 
362 80 
793 670 
1127 1142 
74 79 
427 670 
987 1139 
1753 79 
375 551 
75 87 
414 699 
704 419 
605 613 
758 429 
847 494 
155 569 
852 231 
1667 1072 
75 79 
73 111 
299 598 
488 440 
303 380 
1104 1094 
796 1114 
123 79 
1935 1617 
1165 632 
900 1446 
1371 135 
1114 916 
1935 1133 
596 448 
1047 703 
882 827 
284 727 
530 453 
1326 1041 
978 724 
788 556 
361 82 
1047 1052 
661 593 
181 126 
589 536 
427 645 
145 83 
73 104 
971 666 
611 506 
1485 1224 
1461 818 
251 203 
619 533 
127 80 
74 103 
1081 967 
785 641 
582 301 
74 79 
548 497 
317 79 
116 138 
1431 1499 
1041 1537 
244 432 
761 524 
1298 525 
938 387 
363 107 
97 98 
538 675 
793 306 
587 1037 
771 825 
167 212 
1534 655 
1051 1176 
74 979 
1351 1283 
811 573 
739 1253 
715 499 
74 195 
584 554 
594 503 
347 769 
635 698 
110 79 
323 82 
75 113 
74 81 
74 123 
73 105 
1413 762 
916 884 
1023 840 
556 627 
567 315 
481 470 
1502 1200 
1089 440 
1035 578 
337 190 
815 658 
311 78 
795 615 
840 1021 
75 79 
826 483 
507 417 
75 79 
1016 646 
810 840 
73 110 
459 367 
638 377 
732 748 
1281 320 
198 194 
395 719 
781 392 
1101 78 
1935 1648 
855 685 
710 616 
766 379 
1114 1208 
72 80 
1063 1323 
781 755 
736 665 
1127 932 
524 79 
710 846 
382 331 
623 647 
710 442 
74 165 
617 442 
694 720 
73 79 
655 620 
88 85 
1586 1061 
150 82 
598 241 
905 706 
638 546 
1569 78 
537 374 
1289 1642 
85 163 
1606 1291 
750 481 
534 452 
737 471 
1667 998 
1095 1031 
1267 715 
104 83 
768 497 
1560 787 
639 735 
765 533 
1521 516 
1111 523 
1911 1454 
452 381 
1755 729 
867 605 
848 717 
563 723 
1054 333 
765 513 
1331 1273 
433 299 
1025 815 
1115 984 
79 79 
571 239 
602 569 
76 79 
943 732 
1450 559 
778 789 
575 638 
139 79 
895 398 
1413 1503 
186 506 
661 408 
1402 983 
542 735 
83 89 
618 780 
343 164 
162 159 
125 79 
79 79 
668 607 
334 79 
875 598 
725 535 
1048 968 
337 83 
600 1683 
737 480 
563 482 
415 448 
624 671 
351 93 
732 757 
75 79 
1375 504 
76 128 
807 769 
1002 536 
689 462 
488 456 
398 494 
996 788 
743 770 
73 79 
78 726 
1935 1133 
306 674 
1324 874 
443 353 
664 619 
1115 798 
422 135 
858 979 
633 493 
1270 551 
505 576 
559 417 
123 218 
1598 1400 
227 119 
227 94 
279 80 
1908 1036 
737 527 
229 81 
627 619 
281 79 
837 463 
585 265 
959 523 
1097 796 
466 392 
786 79 
1430 1394 
548 598 
384 162 
587 586 
1031 757 
73 79 
799 832 
934 794 
681 641 
842 313 
226 299 
100 114 
906 1210 
640 666 
710 390 
533 575 
665 773 
646 532 
481 515 
1084 828 
683 607 
838 657 
805 868 
608 666 
1000 873 
596 799 
270 108 
360 79 
98 90 
1032 1123 
852 682 
379 674 
140 80 
74 244 
609 427 
1471 1021 
1030 1067 
463 888 
698 599 
592 1087 
1011 990 
766 657 
540 459 
1297 1181 
241 167 
562 387 
633 558 
1166 445 
763 513 
827 722 
73 79 
627 680 
851 868 
497 362 
1677 1299 
83 86 
678 504 
643 737 
540 464 
881 551 
610 556 
852 580 
668 728 
75 82 
632 654 
811 786 
502 522 
809 751 
888 396 
364 107 
1006 1194 
682 678 
708 1104 
1339 1464 
482 661 
696 317 
440 622 
352 697 
842 1164 
492 589 
660 662 
1074 1066 
708 946 
884 652 
501 680 
976 525 
970 657 
926 742 
508 736 
829 607 
1027 1102 
79 80 
1033 637 
128 199 
158 80 
989 708 
762 1188 
463 361 
1528 1491 
443 326 
755 416 
628 1087 
1310 920 
1368 1333 
265 501 
124 114 
685 728 
786 493 
1392 391 
1181 1100 
835 307 
101 110 
567 500 
73 631 
752 1465 
630 379 
697 608 
650 1123 
840 378 
1502 930 
916 933 
949 635 
88 81 
1387 1316 
656 724 
945 1216 
987 668 
1381 1514 
358 496 
674 1185 
852 768 
204 82 
910 762 
74 98 
691 662 
1407 685 
790 1325 
952 777 
509 575 
74 164 
801 814 
92 78 
80 114 
113 144 
681 367 
489 825 
681 764 
393 80 
106 79 
121 79 
74 84 
1490 832 
604 613 
396 698 
74 79 
76 970 
596 705 
1078 860 
443 780 
1148 989 
76 79 
1721 1448 
587 604 
1019 660 
74 81 
836 79 
957 1266 
172 79 
677 372 
754 948 
169 89 
623 659 
544 531 
1246 1119 
306 80 
763 544 
1248 600 
697 601 
479 790 
769 757 
315 86 
1320 1006 
531 403 
79 195 
559 406 
872 629 
1012 682 
822 1121 
997 816 
74 80 
495 689 
1054 1450 
782 790 
684 495 
351 158 
152 80 
868 685 
529 362 
370 1051 
868 638 
73 79 
689 949 
1221 1479 
1166 1239 
1587 626 
546 448 
141 80 
1017 692 
766 812 
1349 840 
75 93 
1628 922 
86 86 
755 1506 
1122 1098 
642 1399 
1234 816 
814 422 
75 136 
442 80 
690 536 
341 1707 
1076 900 
719 80 
193 80 
468 589 
1134 1115 
679 517 
738 1543 
1935 1422 
1853 1656 
74 396 
102 80 
11 848 
905 372 
543 630 
296 644 
496 448 
1542 763 
695 617 
856 526 
763 606 
559 395 
83 101 
616 488 
1737 823 
1545 622 
888 592 
1698 484 
74 91 
87 79 
1132 1057 
1263 669 
644 630 
105 79 
1239 803 
1436 1336 
729 1190 
607 1185 
1423 914 
1253 1174 
1661 1098 
73 82 
985 983 
359 302 
1051 678 
612 663 
164 185 
690 1063 
791 994 
720 251 
499 565 
886 537 
1030 464 
79 84 
506 626 
1373 1056 
201 79 
1093 710 
77 81 
840 477 
1173 802 
970 432 
679 586 
706 497 
973 556 
95 279 
384 416 
1371 1405 
73 79 
733 990 
812 363 
370 79 
972 429 
81 193 
724 512 
1011 960 
876 1568 
732 640 
518 415 
76 1402 
652 745 
594 613 
379 669 
829 995 
633 932 
995 944 
886 680 
678 633 
1128 369 
1021 779 
74 267 
888 339 
905 719 
957 575 
618 456 
1252 826 
200 82 
683 1577 
126 134 
205 79 
454 656 
1076 859 
539 349 
74 80 
872 969 
73 80 
1044 1012 
90 79 
1115 1313 
732 281 
567 803 
74 84 
981 556 
415 509 
730 798 
537 921 
82 81 
989 589 
488 528 
935 648 
597 499 
510 480 
653 311 
866 678 
80 125 
1217 575 
1012 487 
622 597 
1010 91 
1025 556 
1413 566 
741 545 
351 86 
1217 80 
815 587 
681 451 
73 81 
933 575 
78 94 
1935 1705 
404 79 
1860 1503 
780 617 
737 1256 
752 469 
75 79 
1384 754 
232 797 
616 80 
1022 727 
787 661 
876 865 
1004 1266 
1935 1226 
876 631 
460 442 
328 79 
933 371 
736 770 
74 87 
74 79 
646 678 
75 96 
73 137 
448 790 
691 816 
510 397 
791 562 
1250 83 
1453 994 
74 79 
783 732 
766 331 
782 606 
1014 1175 
661 655 
764 1111 
741 865 
507 1134 
746 80 
424 519 
625 836 
773 500 
75 256 
73 79 
1047 1213 
674 1070 
703 874 
721 1702 
1701 1636 
777 905 
1238 823 
1010 534 
481 437 
802 818 
1935 1052 
1616 860 
172 80 
225 82 
841 508 
174 79 
1060 1428 
520 917 
171 255 
623 454 
862 995 
452 378 
78 80 
546 596 
931 1123 
1206 1351 
717 1089 
1935 781 
