1678 80 
1035 79 
1902 1209 
1001 486 
1264 320 
715 496 
1062 985 
1297 551 
995 971 
1572 794 
1454 260 
173 794 
1935 1175 
1444 748 
1544 602 
73 87 
523 79 
147 80 
1489 324 
74 80 
1673 1002 
1227 749 
1340 640 
487 525 
832 780 
763 606 
1088 835 
853 374 
1509 269 
676 80 
1170 450 
73 111 
1068 948 
1190 726 
987 585 
1336 924 
78 94 
752 361 
979 622 
1017 796 
954 816 
707 634 
706 611 
303 174 
132 79 
1429 538 
1491 446 
79 352 
81 79 
361 80 
1132 785 
1895 1186 
175 82 
73 80 
1935 827 
558 654 
1059 737 
72 133 
1198 734 
703 473 
73 81 
74 243 
1171 778 
83 151 
871 572 
1460 1037 
75 79 
1935 1367 
73 79 
141 80 
618 542 
329 79 
1016 693 
88 497 
81 364 
1395 743 
1022 400 
1812 589 
845 480 
323 385 
951 486 
1267 830 
74 80 
73 136 
671 544 
95 122 
1935 1418 
1312 635 
1091 754 
73 210 
1935 1160 
665 565 
1935 812 
952 337 
1142 80 
73 79 
765 744 
73 80 
1266 368 
194 80 
991 792 
1771 882 
284 79 
78 105 
877 418 
1078 724 
1935 1182 
75 79 
105 88 
89 80 
1903 781 
980 584 
378 79 
1323 630 
959 661 
1935 862 
1194 767 
1491 871 
86 219 
520 84 
834 579 
777 538 
911 426 
1179 586 
1936 1345 
665 199 
123 95 
1353 1188 
1935 1019 
662 1205 
123 80 
1185 379 
1232 500 
149 79 
1832 490 
138 79 
1150 378 
449 81 
72 78 
713 79 
746 1018 
1021 517 
731 385 
859 578 
78 337 
552 158 
985 79 
752 212 
1620 980 
1935 804 
725 1040 
898 478 
1651 492 
80 203 
852 581 
1090 647 
1295 975 
992 503 
723 390 
171 80 
323 144 
960 485 
1420 348 
1048 766 
1126 761 
829 668 
204 122 
346 613 
73 274 
1282 1161 
1826 645 
73 81 
73 83 
707 155 
893 80 
874 386 
1561 481 
86 507 
887 570 
546 1089 
89 79 
74 97 
880 514 
1821 383 
926 532 
81 92 
297 81 
1657 369 
378 82 
1305 617 
227 79 
1005 618 
170 207 
96 80 
919 830 
939 362 
1224 974 
73 178 
654 714 
183 80 
174 80 
1078 597 
81 204 
1408 862 
1935 510 
81 79 
815 1388 
1220 584 
1633 764 
1110 79 
1872 821 
1477 723 
90 84 
118 79 
1097 676 
1912 757 
732 557 
785 799 
839 849 
913 452 
76 419 
833 579 
795 501 
745 1237 
1107 850 
270 79 
74 81 
916 511 
857 563 
540 100 
73 161 
1818 896 
1141 564 
310 80 
1935 529 
1228 793 
1332 590 
72 115 
141 80 
706 389 
1847 1681 
986 672 
855 732 
790 240 
682 128 
1679 822 
1285 582 
841 649 
291 84 
623 277 
186 224 
1935 1110 
73 130 
368 420 
635 80 
1080 832 
1052 675 
1127 490 
821 671 
1935 1001 
1935 1345 
1039 235 
849 374 
262 523 
1594 1255 
1124 648 
85 292 
73 131 
1271 725 
132 79 
73 79 
1935 1692 
906 518 
723 449 
646 505 
723 379 
953 510 
1080 506 
716 805 
1076 791 
1935 1596 
81 87 
1540 1094 
571 799 
73 80 
738 260 
1367 542 
1599 1552 
1433 268 
1595 1435 
1650 791 
75 80 
1068 994 
77 668 
936 957 
792 588 
1224 782 
935 573 
1131 555 
827 504 
397 267 
797 829 
1243 876 
1131 685 
392 209 
799 592 
1021 538 
1935 85 
1140 562 
1885 880 
799 642 
1330 490 
1011 1003 
804 711 
836 855 
992 393 
73 81 
1359 804 
995 376 
578 619 
123 93 
778 601 
1659 1509 
1424 1101 
1366 1054 
74 80 
692 189 
180 449 
242 80 
815 442 
1083 580 
485 240 
93 330 
673 106 
383 82 
1321 621 
215 79 
73 86 
916 456 
1400 790 
1686 80 
73 149 
1385 1012 
249 353 
847 999 
597 295 
879 610 
125 81 
825 481 
423 383 
83 201 
73 142 
1935 1109 
974 717 
1781 1661 
73 79 
1019 701 
1929 1194 
869 80 
1293 965 
792 744 
73 242 
128 442 
1325 573 
97 396 
857 374 
74 89 
73 86 
777 532 
1367 931 
1350 612 
919 361 
73 104 
670 749 
74 95 
1430 904 
530 237 
738 941 
442 647 
727 636 
1419 994 
1224 458 
535 80 
73 145 
1141 80 
1061 799 
1116 1091 
1073 375 
1074 946 
163 256 
1611 907 
970 927 
602 362 
1748 644 
82 430 
1498 702 
702 610 
1743 692 
1686 79 
1056 654 
1296 1104 
558 582 
396 79 
894 342 
152 89 
879 503 
75 131 
139 80 
1469 1160 
891 1073 
519 548 
1060 842 
789 420 
1649 952 
970 825 
957 792 
78 79 
911 636 
1153 482 
77 79 
997 765 
758 611 
85 125 
891 760 
1641 881 
239 79 
1589 929 
880 353 
115 79 
1935 557 
1295 651 
1542 882 
790 457 
1935 1281 
881 655 
1578 861 
73 136 
788 457 
231 79 
1096 551 
75 138 
1155 592 
1514 505 
1066 386 
73 79 
73 132 
938 383 
459 818 
1130 483 
73 1017 
1174 822 
607 722 
74 80 
921 153 
1206 1304 
1935 1205 
1123 733 
1035 594 
757 628 
106 81 
925 716 
1935 1385 
1813 1214 
989 352 
1010 812 
1427 1038 
515 1111 
1572 1310 
73 78 
824 563 
76 137 
1308 645 
437 79 
1148 625 
665 708 
118 79 
1008 761 
884 525 
1598 1154 
74 202 
871 407 
484 79 
1327 90 
105 442 
1138 745 
1147 531 
1187 1016 
72 106 
1564 357 
1281 907 
976 887 
1072 758 
899 156 
1338 81 
78 82 
73 84 
1251 789 
871 337 
1134 343 
1134 825 
676 242 
87 79 
76 79 
817 864 
1309 843 
1733 951 
636 919 
1413 210 
124 79 
752 734 
1051 648 
73 79 
176 79 
677 405 
77 80 
1935 81 
1197 780 
89 454 
1051 531 
932 594 
612 544 
1583 922 
699 1034 
167 932 
1050 504 
1665 761 
519 84 
165 79 
1005 513 
1513 810 
174 79 
934 421 
1090 432 
1316 1157 
1026 610 
860 1195 
1211 511 
74 79 
210 92 
633 289 
181 792 
547 617 
221 81 
106 86 
784 355 
1047 737 
75 80 
863 468 
1935 1475 
334 79 
1252 1024 
1515 972 
256 79 
73 197 
304 92 
1936 609 
652 514 
750 601 
73 79 
290 181 
1189 767 
937 771 
1780 920 
892 803 
587 650 
1886 80 
218 79 
85 232 
1485 1607 
87 78 
520 79 
903 705 
1079 381 
1012 633 
786 81 
845 579 
431 758 
135 79 
117 80 
287 83 
1077 613 
93 700 
1925 1180 
1194 893 
1345 590 
764 440 
1196 740 
1272 760 
1567 1433 
1196 662 
520 78 
1174 706 
847 1090 
1200 947 
562 520 
1058 563 
1327 848 
1026 468 
1514 431 
1084 859 
73 108 
1026 439 
788 682 
1003 722 
781 966 
1682 1435 
1011 565 
911 1236 
804 662 
1310 356 
1935 950 
1478 509 
945 342 
776 349 
602 436 
1002 609 
1122 911 
1076 613 
1482 663 
1572 762 
1840 939 
207 86 
688 688 
816 525 
1017 705 
72 79 
73 79 
1094 993 
479 82 
1044 419 
926 735 
81 79 
968 559 
80 299 
767 1027 
838 1058 
1084 961 
1393 576 
1116 342 
1935 1143 
982 80 
1586 79 
1544 1006 
757 791 
784 307 
74 79 
1489 1142 
166 134 
1204 515 
73 90 
1517 1156 
77 79 
441 80 
78 146 
1495 919 
1936 502 
754 763 
932 1486 
1180 910 
743 1395 
894 443 
73 233 
781 605 
198 140 
1104 833 
222 107 
73 192 
1276 613 
400 1629 
277 81 
593 467 
738 536 
1067 807 
667 762 
500 79 
872 79 
407 532 
77 84 
1295 757 
913 1052 
73 87 
1148 573 
162 102 
1150 683 
1935 994 
632 251 
1289 889 
1148 732 
1175 505 
187 108 
1541 1261 
74 272 
940 670 
1038 849 
599 686 
1618 714 
1138 721 
923 834 
1608 1225 
72 78 
1188 455 
1623 882 
851 1422 
1935 827 
642 492 
352 79 
130 84 
947 80 
913 558 
1326 812 
621 448 
1173 404 
730 436 
905 590 
1034 476 
1467 773 
1317 448 
803 996 
1911 1012 
1292 449 
810 445 
698 90 
843 701 
73 95 
643 580 
1878 1184 
1327 791 
73 88 
73 169 
73 178 
73 83 
72 79 
74 79 
141 78 
221 79 
1042 628 
1633 1021 
1003 549 
1929 610 
920 885 
430 531 
1242 1271 
447 615 
237 144 
90 86 
74 79 
667 1125 
483 571 
1325 769 
1317 738 
1658 1306 
1262 1012 
830 740 
74 288 
824 550 
763 614 
78 81 
1101 843 
1729 1021 
74 298 
1424 570 
1899 159 
556 480 
626 274 
73 303 
918 433 
826 564 
1198 950 
1160 82 
105 414 
1910 884 
1200 1174 
959 679 
655 536 
707 495 
506 560 
1908 1150 
174 104 
1143 757 
1420 621 
74 78 
106 79 
1085 421 
1618 1357 
1081 585 
235 84 
84 117 
1364 533 
528 560 
947 521 
857 536 
1539 835 
1935 879 
605 569 
93 79 
76 98 
91 79 
1614 1275 
1750 618 
899 115 
112 95 
78 340 
848 646 
852 339 
919 516 
77 86 
1399 1342 
96 79 
1935 1287 
805 673 
1374 1237 
1470 787 
689 524 
1121 894 
977 726 
303 80 
1780 1525 
688 79 
400 80 
886 685 
323 79 
190 79 
1096 956 
949 490 
328 124 
200 149 
1081 411 
1080 877 
1279 712 
933 466 
154 79 
1124 918 
1466 770 
1335 712 
1016 655 
75 79 
1271 943 
251 155 
1074 642 
1935 1457 
1544 970 
73 91 
953 690 
1167 478 
209 100 
941 799 
77 406 
73 80 
1164 1212 
73 119 
450 863 
1273 764 
73 311 
74 96 
796 497 
150 230 
74 82 
1505 79 
1935 1044 
1228 979 
899 536 
1440 966 
1090 665 
72 236 
131 126 
589 236 
766 636 
1621 743 
73 79 
1371 508 
1746 79 
583 79 
579 544 
1036 506 
863 602 
552 392 
1618 614 
73 93 
95 370 
74 79 
1258 755 
1831 1279 
1935 621 
379 80 
291 257 
377 222 
707 396 
142 85 
1935 1505 
1289 664 
159 79 
728 405 
526 355 
1935 1106 
73 78 
1321 838 
1043 557 
1284 1139 
1423 79 
821 527 
1936 82 
73 80 
395 80 
1349 79 
1069 913 
1305 1212 
1935 926 
822 336 
125 347 
1595 1163 
751 601 
945 472 
1683 894 
508 125 
815 505 
73 79 
489 720 
1143 418 
1342 78 
1057 1516 
412 79 
670 169 
1912 1273 
1517 689 
1630 458 
757 609 
1692 855 
756 565 
778 876 
776 483 
1090 690 
73 79 
117 79 
156 80 
679 634 
107 78 
1044 351 
878 537 
969 881 
303 182 
506 526 
1195 669 
815 229 
90 206 
1370 687 
1935 853 
1221 1000 
1549 1024 
75 124 
1299 640 
1030 560 
1261 696 
957 1175 
149 442 
1247 470 
984 825 
1804 79 
1008 366 
1259 689 
74 525 
281 242 
846 344 
1141 351 
660 469 
154 281 
1601 1309 
1059 963 
1234 973 
82 113 
1230 1296 
74 79 
994 727 
900 929 
855 933 
73 78 
1201 585 
122 94 
860 645 
1825 702 
82 82 
910 612 
73 216 
1158 452 
72 79 
1024 423 
1852 519 
1726 981 
1152 856 
1207 464 
1043 881 
1530 945 
178 92 
753 479 
766 932 
759 574 
1659 613 
1935 807 
847 631 
1201 935 
501 79 
816 755 
1371 351 
260 115 
1192 620 
1305 367 
1083 406 
957 491 
1255 407 
73 82 
1036 749 
1644 770 
755 435 
1374 568 
1098 1275 
802 563 
1416 718 
1295 479 
751 781 
224 148 
173 78 
1779 1026 
1860 1279 
874 618 
963 506 
1350 826 
790 1241 
1227 422 
998 649 
968 829 
858 557 
733 821 
137 78 
103 79 
73 79 
455 664 
73 102 
1330 1126 
1256 900 
991 795 
529 177 
1935 943 
1763 832 
105 80 
166 89 
1936 291 
78 83 
191 99 
1415 513 
907 438 
73 79 
1935 1680 
960 551 
73 450 
833 1032 
631 686 
73 131 
1404 1183 
1925 246 
209 80 
179 95 
193 82 
843 617 
493 78 
73 155 
843 716 
1345 943 
1382 1154 
776 1233 
558 888 
1935 874 
929 432 
1070 981 
987 551 
1030 648 
900 858 
1468 1152 
777 534 
1365 921 
1013 403 
1059 613 
1114 610 
1715 1219 
1027 342 
73 80 
184 110 
1381 820 
1070 713 
1935 927 
119 136 
105 82 
899 706 
713 550 
75 150 
1145 580 
1082 462 
1077 771 
118 81 
1364 713 
956 504 
1379 935 
72 208 
668 80 
72 79 
1000 515 
916 909 
1003 569 
72 361 
1233 1196 
1160 594 
325 108 
1935 1471 
73 90 
72 85 
303 80 
704 94 
72 79 
72 80 
897 668 
464 79 
1375 829 
1326 401 
1043 716 
1117 958 
1173 858 
83 102 
1013 522 
611 422 
74 80 
1412 898 
960 452 
77 78 
1101 614 
1550 877 
1288 1061 
1135 370 
766 434 
674 425 
858 816 
1820 638 
74 79 
863 674 
1539 832 
708 743 
780 397 
73 356 
868 498 
731 567 
748 427 
871 638 
73 78 
1204 407 
74 102 
72 83 
896 354 
72 78 
617 441 
980 913 
116 1076 
1414 914 
730 365 
1464 944 
1935 501 
829 609 
202 80 
955 887 
248 82 
641 79 
180 138 
1158 714 
73 80 
1243 81 
819 79 
72 89 
72 1427 
919 572 
1154 712 
72 106 
1330 932 
630 89 
1047 557 
389 783 
248 181 
948 540 
1029 1140 
1076 666 
1935 618 
89 283 
672 515 
1322 465 
806 189 
830 1084 
1513 142 
1188 919 
1318 498 
81 154 
686 428 
996 1081 
73 78 
1445 592 
809 480 
1427 1240 
470 414 
1530 833 
1935 854 
754 928 
1935 1496 
1781 975 
1330 1297 
1024 809 
546 192 
72 94 
793 890 
1041 406 
73 78 
709 393 
472 108 
81 454 
1914 1185 
268 208 
1378 320 
208 78 
72 178 
1177 541 
787 541 
75 195 
1266 551 
73 155 
326 421 
954 82 
902 491 
1445 883 
750 322 
1462 510 
1700 1270 
795 829 
834 390 
1274 626 
752 440 
314 84 
1634 1142 
496 556 
76 207 
173 98 
987 630 
1021 288 
1073 506 
1562 78 
1146 561 
1310 754 
1218 385 
1242 740 
1064 626 
190 78 
73 79 
810 587 
72 78 
1224 821 
1276 786 
1068 474 
1366 749 
775 769 
606 502 
1210 402 
568 572 
1296 493 
79 421 
1152 878 
985 306 
924 485 
73 79 
1156 923 
1239 499 
922 443 
1319 718 
955 727 
988 665 
128 79 
1678 412 
1388 891 
909 873 
1174 750 
1261 698 
72 88 
1597 915 
1458 942 
891 1000 
852 405 
640 379 
74 79 
1399 836 
1002 631 
72 80 
1051 1159 
73 84 
1098 844 
203 100 
661 668 
90 89 
1442 1472 
1425 510 
1516 670 
1295 704 
986 704 
873 554 
684 373 
819 570 
235 79 
916 620 
997 925 
84 79 
161 87 
775 421 
898 764 
799 508 
1458 455 
1147 794 
1334 506 
1085 529 
143 209 
987 875 
1259 358 
601 820 
73 78 
270 101 
1211 526 
1935 1006 
1633 784 
105 139 
112 78 
1400 1005 
1919 881 
969 330 
956 390 
1061 743 
1399 639 
1734 148 
971 413 
73 79 
791 702 
907 747 
1346 1052 
1935 1350 
1908 807 
811 651 
996 543 
72 78 
1659 79 
1032 578 
1242 678 
715 637 
1171 761 
74 307 
1011 534 
1853 625 
804 492 
810 340 
1600 563 
1935 1685 
1691 1097 
1194 703 
829 1191 
78 93 
655 486 
1413 1111 
1512 990 
1178 1011 
1315 910 
1593 1339 
394 96 
1199 995 
1106 601 
706 589 
1004 759 
620 514 
1205 650 
1267 451 
1935 766 
1098 440 
1328 904 
238 320 
1759 918 
619 509 
106 89 
615 715 
86 85 
1027 1080 
74 81 
1647 893 
74 78 
795 723 
850 131 
88 122 
75 85 
77 81 
545 571 
79 532 
571 125 
1019 983 
980 597 
1935 1259 
1365 561 
1115 387 
813 1362 
80 79 
1237 578 
76 81 
230 375 
76 79 
1338 1059 
102 197 
619 676 
788 543 
213 172 
1283 941 
1589 1469 
927 642 
1099 841 
1070 575 
73 141 
1218 450 
1524 451 
1044 911 
1935 1401 
876 389 
73 79 
1011 309 
1024 534 
1365 393 
1500 964 
1086 626 
766 751 
119 139 
202 79 
666 558 
645 661 
704 494 
130 79 
1346 1436 
1294 1071 
987 599 
154 84 
333 127 
257 97 
1935 1178 
712 438 
73 79 
1935 902 
895 834 
1412 778 
430 1033 
1935 145 
1067 991 
1259 747 
1232 1108 
643 475 
83 80 
934 498 
447 486 
83 223 
979 678 
1683 142 
1131 821 
1244 842 
150 221 
709 366 
199 100 
693 995 
1871 1040 
777 492 
1935 1433 
946 416 
1935 1302 
785 552 
1247 580 
74 101 
76 86 
917 1329 
1180 423 
914 531 
1644 1141 
1307 724 
1582 885 
1230 443 
73 101 
990 796 
217 481 
1067 141 
863 871 
1835 1196 
1443 776 
1455 921 
72 78 
1052 550 
745 457 
833 664 
1363 861 
74 86 
77 79 
659 547 
1075 1014 
1442 630 
1800 560 
74 78 
1324 835 
73 79 
949 1383 
493 356 
1476 683 
92 79 
998 821 
421 78 
1247 463 
1870 1378 
1356 1175 
1655 261 
74 79 
1253 412 
987 617 
798 823 
1935 1064 
977 375 
85 82 
1735 477 
1206 1241 
658 638 
1935 1269 
1814 697 
180 437 
1328 941 
1041 653 
156 510 
545 93 
1017 479 
1078 79 
380 80 
999 461 
838 769 
778 826 
117 79 
1279 492 
897 654 
834 486 
767 525 
591 463 
738 499 
1516 1122 
384 217 
1023 404 
397 471 
1111 828 
1062 403 
285 79 
786 813 
1039 770 
1051 1413 
1628 1229 
802 542 
147 88 
746 922 
1443 1184 
808 432 
424 79 
807 801 
911 470 
1453 1137 
1203 1056 
832 941 
1400 829 
210 149 
1487 893 
1364 652 
841 620 
76 87 
1138 717 
1026 460 
835 961 
1386 759 
1024 545 
725 837 
509 84 
1036 475 
915 403 
728 655 
1090 555 
824 301 
416 136 
738 622 
1202 415 
1478 869 
1435 1020 
867 598 
477 80 
110 420 
861 582 
594 516 
261 500 
1514 1312 
757 455 
1150 997 
1094 765 
1029 583 
635 553 
777 566 
859 577 
1136 812 
1935 1046 
73 90 
1348 642 
207 221 
988 580 
194 87 
74 94 
78 92 
73 87 
1868 79 
107 186 
995 447 
1716 659 
236 81 
1310 847 
706 82 
1373 621 
335 479 
73 108 
341 86 
723 776 
1935 1420 
1160 690 
1242 537 
104 231 
1624 680 
226 79 
1935 1611 
813 705 
73 992 
1116 672 
100 81 
1104 1015 
166 79 
1212 709 
1125 838 
624 1179 
1285 914 
694 715 
542 517 
620 448 
97 80 
1275 613 
935 405 
1072 716 
1454 396 
76 79 
1024 1308 
1227 683 
985 615 
646 78 
73 134 
777 796 
854 229 
1091 615 
1525 1317 
935 480 
786 548 
372 80 
74 81 
1666 1028 
215 123 
859 720 
692 79 
803 753 
1207 957 
1158 404 
967 589 
214 205 
1839 911 
1018 532 
797 589 
1231 951 
792 540 
437 350 
1244 1137 
1935 683 
579 534 
1041 699 
1300 776 
1154 886 
1419 652 
72 268 
73 79 
740 783 
638 774 
73 192 
1321 757 
1500 863 
126 80 
730 574 
1425 717 
74 194 
1151 1360 
1771 1091 
1389 1597 
74 133 
1312 806 
625 612 
101 359 
888 705 
75 79 
934 1364 
819 554 
1632 757 
73 84 
1600 348 
1260 855 
865 871 
1334 1040 
1236 831 
1276 675 
232 135 
1342 882 
733 486 
870 381 
186 78 
1416 980 
76 345 
1648 449 
1409 371 
73 79 
1854 453 
287 80 
1587 710 
1014 740 
903 577 
852 425 
163 562 
968 473 
1408 1251 
297 79 
1036 613 
739 716 
87 106 
530 744 
1352 545 
73 107 
1221 794 
80 578 
603 211 
97 79 
722 494 
308 80 
1408 722 
73 95 
1506 657 
1171 716 
615 750 
1316 1078 
1033 441 
73 268 
106 164 
839 526 
1157 618 
157 80 
735 499 
1416 813 
139 81 
1092 650 
215 80 
75 79 
1018 474 
1351 672 
1336 999 
1129 928 
815 707 
1063 662 
167 79 
1527 482 
897 600 
1342 1264 
934 744 
117 482 
75 99 
452 103 
1030 517 
716 79 
195 214 
834 831 
74 79 
1935 1062 
101 80 
748 829 
991 1164 
177 79 
704 659 
1156 469 
1733 854 
689 378 
1935 1616 
1636 667 
489 610 
983 345 
162 91 
1011 948 
843 654 
811 463 
1935 784 
1436 714 
73 79 
627 478 
303 79 
692 483 
714 701 
1206 475 
1175 862 
84 114 
864 513 
922 574 
1935 1373 
902 258 
169 166 
73 80 
432 749 
1082 910 
1203 603 
829 82 
573 507 
1197 513 
967 495 
862 754 
1147 1151 
1526 1308 
664 484 
789 695 
109 80 
1055 823 
1193 513 
1643 1293 
554 775 
1124 869 
1797 1474 
1197 1437 
1141 653 
1906 1101 
788 82 
953 777 
73 164 
1116 554 
390 80 
838 837 
128 79 
554 618 
1148 723 
917 406 
1386 884 
1205 594 
448 155 
1188 662 
747 475 
74 80 
964 1380 
837 292 
157 196 
103 82 
73 80 
809 708 
1234 577 
1741 1419 
1485 550 
129 78 
762 323 
75 514 
85 337 
330 79 
1019 810 
781 485 
946 359 
75 79 
776 542 
1028 619 
76 79 
317 314 
102 79 
1827 1678 
1091 456 
817 738 
921 529 
737 363 
864 393 
1568 935 
1936 79 
73 91 
1333 655 
148 80 
969 941 
856 362 
873 755 
93 99 
1935 916 
801 622 
75 87 
653 428 
1064 469 
125 127 
1376 989 
1935 1509 
940 752 
1401 1036 
565 532 
452 92 
1073 800 
1319 462 
1935 852 
979 629 
73 110 
72 78 
73 79 
838 858 
368 79 
905 559 
929 549 
1609 956 
1196 594 
330 79 
95 89 
827 572 
560 79 
73 80 
113 80 
892 348 
73 176 
73 83 
1707 1065 
73 106 
1710 83 
1211 1041 
509 78 
885 364 
838 615 
740 417 
212 79 
990 400 
915 680 
1503 801 
1227 687 
1172 83 
73 79 
998 526 
877 731 
942 687 
1935 1182 
1098 800 
614 78 
1497 647 
75 79 
1856 590 
706 446 
853 550 
799 257 
338 79 
1509 1617 
1029 977 
1721 1381 
1365 83 
1234 864 
308 80 
1607 859 
1299 1444 
1351 963 
78 124 
1440 514 
1203 891 
1413 923 
278 89 
910 745 
764 344 
73 83 
1935 1158 
1065 568 
549 481 
776 730 
946 871 
1061 583 
87 78 
594 911 
932 564 
73 581 
1754 97 
938 490 
75 79 
750 724 
137 184 
102 78 
618 1589 
1228 319 
895 557 
1088 561 
906 912 
1040 409 
809 677 
102 90 
103 221 
784 213 
1163 702 
1070 79 
172 84 
75 79 
1935 80 
1503 843 
73 79 
758 681 
865 842 
1082 897 
790 559 
81 113 
713 483 
72 80 
879 319 
973 413 
1143 662 
74 237 
991 919 
1153 804 
727 766 
1173 746 
1315 911 
849 1285 
76 79 
1033 433 
1060 531 
1128 521 
1382 673 
1098 420 
1525 248 
100 94 
1184 771 
102 94 
1154 715 
1725 1236 
554 730 
204 783 
793 441 
454 79 
1883 79 
1705 958 
83 79 
614 374 
73 79 
687 743 
1193 540 
72 562 
83 198 
451 487 
80 79 
145 80 
234 82 
1144 681 
73 86 
849 627 
739 1403 
1607 885 
785 659 
922 519 
878 840 
824 303 
1366 632 
1588 1145 
817 525 
732 646 
988 409 
518 442 
73 111 
1935 1045 
984 619 
1155 593 
1168 780 
841 461 
1138 679 
788 345 
73 158 
958 567 
73 79 
911 593 
117 81 
842 397 
977 544 
1868 630 
1317 947 
900 416 
1178 1097 
831 752 
82 272 
764 574 
73 83 
83 86 
116 131 
1894 971 
1040 1138 
1046 620 
73 80 
227 81 
1937 659 
972 359 
72 216 
73 179 
1192 482 
1936 514 
1935 1427 
765 517 
1005 1179 
640 442 
684 1323 
1327 127 
134 78 
1456 405 
113 625 
1315 327 
1901 528 
1040 788 
822 858 
736 577 
86 80 
1838 839 
1935 1384 
1208 837 
111 79 
1360 720 
178 79 
74 86 
78 81 
1147 545 
73 167 
1411 356 
932 554 
737 420 
1207 615 
206 97 
828 713 
75 87 
538 866 
1216 576 
1388 712 
951 90 
795 559 
846 772 
1154 792 
73 112 
76 108 
798 920 
649 82 
1030 639 
754 968 
73 581 
1609 1062 
759 382 
83 336 
642 424 
860 951 
74 79 
851 701 
108 419 
73 342 
612 425 
181 82 
1566 1322 
119 353 
1028 740 
937 497 
1149 1053 
224 920 
1220 945 
886 353 
832 539 
1429 990 
904 474 
800 720 
1195 549 
181 81 
1847 952 
73 79 
634 621 
73 89 
1094 673 
1177 314 
73 79 
73 82 
1195 1489 
805 229 
1738 1268 
1227 626 
1935 1072 
689 443 
1429 800 
674 720 
993 453 
73 142 
73 79 
1253 640 
87 181 
866 813 
1342 611 
1232 711 
1935 1352 
1128 721 
74 80 
1736 1338 
1078 519 
1028 814 
1281 638 
289 80 
772 503 
984 592 
348 125 
878 463 
940 404 
73 237 
76 304 
109 81 
87 94 
1671 1079 
861 452 
1612 592 
1718 534 
1935 1616 
1007 580 
109 85 
648 79 
811 516 
1298 618 
1337 784 
524 578 
504 535 
1082 556 
1106 877 
1377 571 
77 82 
98 203 
379 130 
322 257 
1918 1462 
1609 653 
826 615 
195 79 
780 596 
1290 1121 
1365 429 
190 793 
1935 1463 
266 176 
1095 296 
1935 570 
697 604 
1203 870 
73 80 
86 432 
1551 1591 
1379 882 
892 405 
480 546 
1831 1064 
1756 1266 
251 120 
708 347 
967 697 
1069 80 
981 849 
74 80 
854 661 
740 396 
73 244 
262 79 
1077 543 
74 87 
1265 576 
1134 722 
1412 1033 
75 79 
1067 496 
100 111 
598 475 
158 82 
1133 909 
1019 499 
350 90 
74 84 
753 504 
1867 1045 
83 113 
1935 1076 
334 80 
750 783 
74 79 
1347 689 
79 330 
922 1031 
136 112 
1151 798 
1935 765 
1024 878 
938 523 
1001 390 
1580 800 
1168 654 
547 1301 
1935 618 
549 121 
1163 561 
1232 680 
1808 896 
1048 836 
195 366 
665 220 
419 80 
852 93 
1321 531 
1328 203 
1023 1136 
73 100 
775 472 
79 165 
1026 573 
1935 1683 
1402 492 
1070 387 
1039 817 
1149 1434 
817 542 
799 894 
73 79 
1736 1184 
93 80 
1324 1086 
1722 752 
128 211 
75 81 
950 864 
268 87 
419 123 
765 879 
805 595 
1104 853 
73 80 
77 79 
933 1098 
81 93 
1729 1393 
1892 572 
81 90 
1291 564 
1520 534 
282 357 
877 492 
91 79 
1493 1284 
804 539 
1166 461 
604 80 
1230 846 
1082 750 
1530 593 
1842 1403 
492 486 
865 611 
78 79 
1537 933 
1602 340 
1220 1017 
1442 1184 
74 107 
723 531 
929 526 
1294 605 
1033 587 
1022 411 
937 901 
241 334 
959 80 
1527 852 
1353 1122 
1384 1623 
758 601 
779 1428 
156 83 
198 80 
107 93 
73 80 
1208 865 
1511 481 
1673 1393 
74 214 
1281 79 
1451 1196 
1526 788 
1313 772 
92 79 
749 117 
1685 1424 
1150 1139 
1248 729 
1017 1253 
1529 954 
73 1157 
76 80 
770 483 
1040 510 
77 87 
1001 819 
73 477 
1136 607 
1411 747 
885 709 
1241 885 
1506 681 
361 80 
1225 598 
819 505 
1021 767 
1575 588 
10 769 
1489 79 
1627 731 
706 379 
1264 542 
1752 470 
1156 813 
1474 576 
170 98 
585 550 
73 146 
1024 518 
74 80 
1255 551 
74 107 
1336 635 
856 198 
1106 557 
218 80 
225 155 
1265 739 
1737 1071 
967 952 
74 79 
74 79 
1031 702 
1331 816 
73 79 
667 621 
482 79 
1274 577 
619 685 
910 611 
1114 628 
199 152 
91 79 
1936 1634 
174 362 
863 600 
918 894 
73 179 
1023 79 
200 130 
1338 1307 
553 126 
74 79 
1386 1142 
1018 751 
1205 529 
1124 462 
344 79 
1352 503 
792 465 
1024 1412 
938 463 
769 413 
1935 1133 
1098 497 
841 578 
961 290 
1097 694 
921 638 
1553 743 
666 327 
977 434 
1327 1005 
713 323 
980 621 
480 242 
1077 626 
1282 876 
111 83 
300 490 
626 648 
73 170 
852 435 
956 943 
973 659 
1922 1132 
1541 1063 
1935 606 
708 724 
1231 558 
113 79 
1134 440 
1271 756 
923 732 
124 79 
1195 729 
75 80 
736 620 
1113 433 
1061 464 
1463 740 
616 424 
1312 517 
1168 762 
1406 1119 
774 495 
106 148 
237 79 
260 336 
1173 812 
1010 576 
603 267 
700 361 
73 86 
865 599 
1837 964 
85 80 
99 110 
813 765 
74 167 
243 84 
1048 1341 
105 109 
1936 585 
1362 666 
1698 873 
965 854 
687 694 
1427 844 
940 940 
1215 531 
1935 643 
88 78 
73 476 
1154 829 
167 83 
1171 481 
637 669 
1382 567 
80 208 
87 316 
73 156 
569 989 
1741 900 
698 79 
981 1063 
768 393 
1106 560 
1384 351 
1923 1167 
889 602 
1071 865 
1342 943 
176 80 
1838 93 
1759 599 
1131 688 
77 81 
1106 719 
304 80 
1330 880 
215 109 
645 427 
735 624 
76 79 
216 632 
597 712 
1626 1571 
1800 1036 
744 496 
1935 1601 
168 80 
811 144 
74 154 
901 800 
687 115 
1364 80 
93 109 
1129 533 
849 448 
1043 405 
1168 454 
879 118 
858 370 
74 81 
936 564 
73 229 
1204 1307 
778 863 
1824 1302 
456 96 
73 79 
1936 1123 
1935 754 
908 930 
958 601 
253 1120 
909 730 
1383 629 
1612 866 
79 80 
991 97 
940 791 
74 82 
131 350 
948 346 
1570 404 
241 334 
721 638 
664 418 
1567 429 
1936 79 
74 79 
1186 704 
1756 1186 
73 311 
1064 674 
739 520 
1552 794 
1055 521 
80 230 
1543 1215 
482 719 
849 905 
1215 947 
1385 633 
811 535 
1560 653 
1428 1016 
437 118 
1551 958 
865 1231 
786 511 
1354 630 
1259 712 
249 80 
1384 538 
80 80 
1301 733 
73 507 
123 144 
363 79 
1056 831 
395 80 
945 533 
668 650 
95 174 
121 106 
645 670 
1329 795 
1150 557 
1722 618 
1060 456 
1043 581 
597 83 
1289 798 
211 1673 
941 1280 
873 769 
941 647 
80 245 
934 735 
1396 771 
742 921 
1581 741 
829 1263 
509 472 
1342 574 
1081 864 
379 80 
945 510 
736 750 
76 799 
1281 793 
1084 603 
1411 451 
1374 1320 
531 471 
1851 441 
695 559 
74 133 
620 80 
1260 1129 
75 79 
867 356 
1610 904 
681 571 
802 526 
1308 568 
741 386 
74 108 
744 732 
898 700 
1427 548 
75 189 
858 1383 
74 91 
922 477 
1135 917 
993 1318 
1246 932 
1390 91 
1176 894 
1081 747 
683 538 
76 237 
1262 698 
869 508 
798 673 
75 80 
1665 740 
1106 446 
1049 331 
74 80 
82 92 
73 107 
977 721 
75 84 
892 638 
1059 1310 
1352 638 
75 79 
1255 603 
129 86 
733 375 
757 477 
237 78 
1267 234 
1935 1282 
122 199 
621 79 
1097 684 
1665 510 
944 900 
145 80 
1359 878 
923 734 
94 80 
1016 1008 
85 80 
78 157 
146 80 
73 81 
74 79 
759 453 
74 129 
1188 448 
272 81 
907 538 
1084 415 
73 561 
707 340 
972 522 
631 206 
907 428 
710 377 
754 389 
919 385 
174 164 
1363 1560 
1267 566 
1732 80 
74 189 
1494 872 
1404 618 
1202 924 
676 354 
600 429 
311 80 
1045 907 
831 79 
1910 936 
174 85 
149 235 
970 601 
927 413 
1484 965 
1787 1093 
893 505 
1782 1444 
704 599 
73 79 
1089 794 
1174 588 
932 336 
957 878 
958 1043 
75 79 
1089 553 
74 293 
647 683 
133 81 
1447 1261 
1232 588 
1069 763 
1243 514 
250 295 
83 276 
1070 891 
129 79 
1190 546 
841 362 
1254 707 
73 79 
1384 800 
73 79 
1711 803 
1935 1288 
1124 709 
137 460 
1060 908 
1480 895 
894 662 
76 79 
1935 1114 
1565 1136 
857 812 
1042 558 
193 130 
1233 338 
167 79 
91 385 
1062 924 
221 79 
1011 249 
529 399 
74 79 
1483 794 
843 884 
1936 832 
389 103 
1148 651 
783 524 
986 664 
585 79 
1564 104 
1293 934 
1234 440 
1138 592 
817 618 
242 470 
1306 631 
78 79 
1065 579 
553 473 
627 100 
1013 291 
1052 801 
1264 755 
808 668 
1105 378 
1084 528 
760 522 
1073 631 
1360 582 
715 293 
559 224 
1181 80 
565 402 
74 373 
1366 1059 
74 83 
797 696 
1119 517 
725 368 
217 79 
896 359 
73 80 
175 112 
1935 1325 
1103 512 
1214 743 
1434 663 
1103 1098 
1192 754 
73 79 
1866 1067 
1455 600 
1362 848 
961 415 
78 403 
205 81 
824 441 
702 753 
1281 1147 
1247 895 
173 362 
103 236 
1581 769 
1246 127 
1575 950 
1342 1330 
123 82 
215 793 
1297 585 
1030 583 
1935 703 
1605 1036 
1440 905 
1332 470 
664 457 
73 179 
112 79 
832 859 
1679 1179 
1016 296 
1215 607 
1098 789 
1445 1148 
273 413 
762 420 
303 80 
156 80 
1828 882 
1935 1354 
989 646 
1174 538 
1195 856 
1044 1090 
280 169 
1149 785 
1685 896 
1621 1231 
871 454 
1935 1258 
1857 690 
988 706 
77 81 
254 83 
1604 357 
293 181 
75 83 
106 80 
1153 503 
1103 340 
1130 498 
74 145 
170 96 
1239 765 
831 430 
823 558 
784 682 
1848 515 
187 80 
1076 372 
1118 731 
1301 463 
73 155 
73 84 
1403 437 
704 505 
982 660 
491 80 
1253 969 
82 96 
1517 914 
711 1331 
1118 687 
1449 732 
721 803 
1145 1006 
636 594 
1888 675 
695 472 
766 551 
1287 767 
1935 260 
416 110 
952 508 
73 127 
1251 1693 
125 255 
92 260 
1185 607 
122 331 
73 232 
1643 1191 
989 781 
1256 805 
1174 751 
1191 691 
952 999 
82 80 
382 126 
107 81 
238 247 
1714 1114 
78 88 
1129 527 
1484 629 
1205 765 
119 108 
