1421 836 
1525 908 
1935 1143 
97 1080 
187 95 
1399 625 
73 79 
837 380 
74 79 
78 79 
74 79 
425 178 
910 462 
1158 395 
101 79 
1331 502 
79 131 
1058 597 
887 90 
1715 823 
1113 612 
1266 533 
1349 446 
1196 835 
1275 725 
1429 913 
88 96 
802 452 
1525 785 
75 80 
1325 725 
1183 521 
1326 480 
1936 1570 
945 334 
241 318 
87 547 
162 79 
1381 453 
1385 818 
1354 732 
1060 595 
1090 428 
1226 578 
1780 741 
1450 569 
73 82 
1436 739 
1187 543 
1609 793 
1606 896 
153 79 
575 81 
1211 719 
74 80 
1340 543 
1191 601 
73 79 
73 361 
1751 1129 
1148 738 
1829 837 
225 84 
1935 840 
1650 531 
1462 943 
74 97 
74 161 
301 1046 
550 78 
1102 554 
1389 714 
83 257 
1713 685 
1619 653 
1717 1053 
1189 550 
147 664 
314 80 
1205 668 
1935 1600 
968 525 
1180 918 
74 81 
124 279 
74 377 
645 80 
1402 470 
674 487 
276 317 
1153 469 
1935 1021 
1844 772 
806 456 
209 867 
458 118 
1433 1245 
1137 413 
75 79 
73 121 
1242 842 
1937 856 
1054 588 
1425 912 
132 83 
147 79 
74 177 
107 279 
1933 608 
1278 525 
1047 1078 
859 111 
79 83 
1878 640 
1675 469 
1935 266 
74 124 
1099 801 
993 353 
828 621 
449 1687 
75 80 
1259 683 
783 619 
74 79 
1639 885 
75 80 
1935 838 
74 81 
885 387 
943 756 
1290 594 
1053 576 
293 175 
1024 604 
1935 1218 
1091 255 
1935 1170 
73 137 
1571 533 
1673 741 
1357 1489 
878 503 
74 1560 
73 135 
1935 1112 
1935 945 
1362 587 
1935 1104 
1363 836 
646 79 
1874 1227 
76 80 
81 80 
151 83 
89 80 
1366 577 
1719 756 
1019 626 
74 193 
951 281 
1133 523 
1166 393 
77 80 
143 80 
1706 303 
1540 1050 
1935 887 
936 838 
1381 829 
1934 385 
74 80 
292 91 
1935 903 
310 602 
1935 764 
441 85 
159 80 
73 84 
997 375 
1714 830 
652 186 
76 210 
74 202 
1021 293 
74 81 
74 80 
1936 1463 
74 128 
1007 423 
1222 456 
77 161 
262 80 
1610 737 
1407 920 
639 729 
72 101 
736 651 
1100 796 
74 81 
84 125 
1637 853 
1935 1149 
1853 1022 
130 80 
1935 538 
185 159 
75 79 
74 79 
75 79 
1265 627 
1060 948 
1807 672 
132 80 
1126 638 
704 405 
1433 722 
73 189 
1579 798 
1331 705 
1125 570 
1253 863 
1211 525 
1936 1221 
1147 300 
78 79 
1935 908 
1457 1533 
1288 879 
1135 781 
942 457 
384 257 
1664 835 
1300 639 
1239 860 
1936 454 
1902 722 
1269 662 
1125 663 
977 839 
1835 796 
1935 863 
1935 996 
1859 560 
73 79 
1307 512 
1935 1127 
106 81 
1838 741 
1806 1171 
74 136 
1804 809 
1935 973 
1288 606 
1562 373 
1504 1004 
1726 1264 
1046 987 
1464 794 
611 367 
1266 274 
1886 1239 
1289 396 
1935 826 
1307 893 
1640 694 
1171 227 
1207 79 
952 726 
74 79 
1346 548 
1544 867 
73 79 
73 79 
91 85 
267 896 
143 482 
1092 288 
1735 719 
1574 1123 
170 133 
308 120 
74 79 
1296 554 
369 94 
200 81 
74 80 
126 236 
1935 1075 
1292 774 
1607 435 
1168 838 
1251 318 
1075 1192 
77 79 
74 118 
1796 740 
1726 652 
74 141 
1302 765 
73 208 
1180 422 
1320 1163 
1014 772 
1935 1503 
103 79 
73 844 
1651 705 
669 149 
1620 475 
872 635 
1935 1060 
81 82 
84 80 
175 83 
73 79 
1318 955 
75 135 
1554 516 
1013 1003 
1311 709 
178 80 
934 510 
1935 675 
1838 827 
76 84 
99 80 
814 80 
101 103 
356 402 
1111 448 
399 80 
1935 657 
73 80 
330 266 
74 300 
846 540 
73 83 
1537 417 
1058 645 
1538 587 
73 79 
75 80 
1147 801 
74 80 
1616 456 
1224 636 
73 79 
1294 702 
1346 559 
994 607 
1160 477 
1060 605 
198 81 
1254 535 
416 79 
1485 577 
1243 465 
599 411 
1400 435 
1169 587 
1738 877 
1192 290 
1013 332 
346 109 
1415 798 
493 1542 
73 153 
166 100 
1183 619 
1259 430 
710 1200 
78 267 
1935 517 
1325 615 
1222 1066 
1143 887 
1143 589 
86 225 
471 80 
844 451 
858 333 
1361 453 
74 97 
1239 1259 
221 80 
1322 786 
1769 794 
1777 411 
1338 370 
1301 1218 
1936 1082 
1002 519 
601 79 
1935 707 
1935 1348 
1422 827 
73 79 
75 104 
1042 425 
1669 764 
602 149 
1563 1341 
74 105 
74 80 
1583 568 
74 80 
1715 148 
73 79 
1935 821 
1937 1509 
464 141 
78 121 
1810 567 
1937 953 
1471 429 
74 658 
1935 834 
1283 541 
230 80 
1144 849 
755 765 
88 110 
973 613 
1070 820 
1935 1318 
179 80 
104 85 
74 133 
1845 527 
1730 1287 
1910 822 
1070 730 
74 83 
74 130 
77 81 
1083 634 
1407 508 
554 84 
1516 932 
1271 870 
1526 978 
1669 772 
81 90 
490 207 
1647 1319 
1669 922 
911 856 
878 349 
972 587 
1384 779 
93 81 
500 79 
1752 870 
1935 686 
76 85 
75 79 
952 427 
412 97 
899 662 
1527 1006 
73 223 
1202 388 
930 437 
208 98 
74 94 
1795 656 
74 80 
588 623 
1261 1092 
1189 999 
1106 468 
77 185 
91 80 
349 139 
1319 476 
1220 685 
310 431 
1242 490 
256 588 
397 368 
1935 1433 
1112 1098 
1256 564 
1935 1063 
594 80 
1494 429 
1295 747 
1935 1170 
1068 675 
1525 819 
1260 536 
1723 564 
83 80 
1123 774 
970 868 
1058 747 
570 134 
82 117 
74 84 
1327 438 
216 207 
1071 559 
940 773 
81 80 
1366 1183 
1561 388 
918 935 
73 402 
1262 945 
772 343 
407 974 
210 79 
1935 677 
1245 532 
1000 116 
766 143 
1715 754 
1124 668 
582 79 
1206 338 
75 78 
981 472 
84 81 
900 734 
752 767 
1846 586 
74 79 
1722 904 
1820 857 
1926 1039 
76 79 
1390 489 
1935 1070 
83 636 
1458 787 
1281 1505 
1342 536 
831 331 
1433 478 
92 232 
1471 1003 
1388 571 
990 372 
1935 760 
1205 558 
809 836 
73 433 
310 80 
546 79 
597 127 
1148 283 
520 80 
94 79 
89 115 
543 224 
1346 530 
1266 722 
1304 614 
1924 1200 
1311 79 
1174 696 
1723 614 
215 181 
580 79 
1928 890 
947 485 
73 308 
77 207 
1459 1409 
315 80 
74 201 
959 653 
1635 1182 
1512 683 
73 82 
1280 465 
1934 1131 
1331 559 
398 761 
884 908 
74 79 
1750 1234 
1639 691 
1935 1276 
685 668 
1823 832 
257 202 
1912 863 
1193 542 
74 79 
1738 966 
74 95 
405 133 
95 80 
100 191 
1935 1603 
1103 803 
1275 587 
74 79 
1431 657 
1935 640 
1684 1072 
954 726 
314 125 
1935 867 
1935 1014 
1935 1032 
721 263 
311 1284 
1450 237 
907 690 
1017 406 
1622 341 
1919 748 
74 182 
1935 537 
1892 670 
1156 385 
1935 114 
1888 829 
1935 420 
1112 1052 
1095 546 
143 101 
575 81 
1935 908 
1174 450 
1935 1431 
105 79 
748 1006 
1071 519 
1150 1075 
86 80 
920 536 
1625 307 
1054 787 
81 201 
1361 549 
1203 343 
1135 689 
1019 858 
1807 455 
1936 980 
1935 1349 
74 127 
143 294 
1875 1207 
1935 905 
1376 549 
214 198 
1409 534 
83 79 
95 173 
663 87 
1008 399 
1936 755 
1578 585 
73 79 
1272 987 
1368 712 
1936 1105 
965 667 
1936 1510 
280 80 
945 596 
1935 1472 
74 79 
1433 147 
97 94 
1030 647 
192 80 
1908 238 
1637 831 
1399 518 
1258 492 
313 560 
73 80 
84 81 
73 79 
250 80 
1778 1673 
74 83 
1144 784 
1523 594 
1342 747 
115 622 
1663 820 
117 113 
1712 345 
1527 513 
774 893 
1159 400 
1335 668 
1250 480 
1325 339 
1164 650 
239 80 
376 482 
78 87 
1912 731 
1935 1451 
1520 827 
74 80 
75 79 
1482 835 
81 96 
214 464 
1406 79 
976 468 
73 121 
475 368 
1514 921 
1936 1509 
74 80 
677 79 
1007 490 
1707 556 
1161 431 
147 80 
1129 536 
1911 78 
1831 591 
909 662 
1186 932 
127 249 
80 352 
1935 563 
195 79 
88 87 
1935 101 
701 260 
103 79 
1446 590 
1031 370 
392 396 
75 192 
1313 515 
1571 854 
1935 1131 
1316 649 
1591 639 
292 81 
1934 1185 
1556 728 
1769 559 
1474 614 
881 829 
501 88 
83 83 
1119 876 
1259 1126 
1486 760 
81 80 
1934 463 
1524 650 
1934 1648 
1093 137 
1934 1210 
89 111 
769 361 
74 1417 
1368 488 
74 155 
272 80 
74 171 
1410 485 
1550 882 
1439 219 
1263 1405 
422 83 
1822 561 
88 80 
1934 1129 
1373 458 
1035 1063 
1508 677 
74 100 
1883 934 
74 82 
76 247 
1164 742 
95 132 
96 88 
145 96 
1264 462 
1935 1419 
1099 755 
1934 1052 
1934 715 
905 598 
1496 769 
1368 386 
391 139 
848 290 
1461 898 
73 111 
1934 907 
75 84 
1802 610 
1040 669 
265 81 
1000 523 
1594 684 
1916 1315 
564 134 
81 80 
328 131 
74 80 
74 80 
75 79 
1326 683 
759 84 
1935 81 
1423 435 
924 561 
79 81 
185 81 
1385 890 
615 513 
1855 82 
1934 823 
157 80 
129 87 
1488 1132 
1934 1331 
1575 574 
227 403 
75 81 
196 80 
1405 594 
1361 743 
1113 990 
1575 692 
1335 538 
1889 1002 
1664 816 
1236 81 
75 359 
1255 751 
1902 738 
1385 721 
333 80 
630 110 
83 80 
346 79 
1009 713 
581 456 
75 317 
916 146 
1094 941 
1491 757 
1558 776 
1587 771 
1797 330 
74 80 
663 686 
872 80 
380 94 
1936 588 
1935 865 
799 498 
978 564 
1067 447 
1512 541 
74 214 
228 92 
1935 608 
74 80 
1264 525 
997 1053 
1636 769 
1795 344 
1794 719 
1264 503 
1634 95 
1935 770 
1398 728 
77 141 
1043 583 
81 149 
1404 489 
944 427 
611 80 
1104 829 
1935 1504 
74 83 
1165 579 
73 79 
1607 840 
1590 701 
1682 1580 
1935 1090 
75 80 
1895 1032 
1935 346 
1328 498 
1018 531 
841 510 
1494 699 
1143 658 
1490 489 
74 84 
1154 514 
223 80 
1935 902 
1171 813 
615 470 
1262 776 
74 81 
1032 478 
74 131 
1014 914 
1395 604 
1861 1368 
1241 822 
1935 699 
1234 531 
1554 733 
1935 692 
81 366 
1711 640 
1432 925 
73 79 
246 207 
137 80 
1935 1635 
1129 328 
77 81 
1325 833 
1202 1080 
858 451 
1357 587 
1935 865 
856 256 
1000 648 
1837 1356 
257 84 
1218 652 
91 142 
128 80 
1935 857 
1439 445 
1573 784 
1852 1113 
1935 1412 
212 92 
954 644 
113 82 
1232 1082 
81 272 
895 408 
338 251 
74 79 
75 292 
262 85 
1733 528 
1934 936 
1659 644 
73 121 
1301 447 
1935 646 
1402 638 
1465 664 
1518 598 
1638 423 
1770 865 
1545 352 
414 371 
96 80 
430 164 
114 149 
97 212 
984 742 
172 149 
1285 738 
382 272 
1615 862 
1495 609 
1230 530 
1486 780 
1145 477 
1934 1281 
1300 672 
395 360 
1808 99 
1413 942 
1737 422 
75 179 
1038 717 
443 227 
76 80 
75 212 
1355 452 
735 81 
94 88 
1934 761 
75 81 
83 112 
1577 1071 
1935 548 
997 851 
1818 572 
1749 660 
1444 879 
1516 1031 
84 80 
74 83 
75 92 
75 130 
1935 80 
1833 908 
1934 388 
922 538 
1065 626 
1801 877 
570 81 
1581 1113 
1240 566 
1150 1006 
239 80 
1844 1319 
1759 375 
1935 1533 
1934 1102 
1065 363 
1934 1057 
224 79 
144 455 
1572 845 
75 80 
254 82 
76 80 
337 109 
1366 529 
1508 740 
845 667 
288 80 
1226 586 
1291 638 
323 87 
1616 848 
1450 936 
1882 721 
896 142 
748 377 
74 84 
1714 615 
1028 1099 
1386 805 
1530 885 
1034 737 
886 446 
1325 502 
1207 520 
1082 505 
74 80 
74 84 
1283 517 
1934 988 
1038 592 
1382 620 
1736 528 
257 1583 
1631 624 
918 651 
1080 349 
1032 616 
1357 909 
347 81 
611 164 
1138 419 
1003 1016 
1914 603 
1922 80 
1052 732 
788 323 
1282 675 
1115 705 
74 142 
272 80 
157 80 
1405 655 
1264 724 
111 207 
258 81 
101 89 
1722 336 
1398 628 
1465 416 
76 80 
1508 1065 
1869 616 
1278 501 
1334 650 
1064 1203 
89 137 
120 133 
82 167 
1134 501 
998 189 
1193 599 
381 269 
1934 600 
923 452 
97 84 
1128 432 
1369 1052 
75 80 
1934 1223 
1934 982 
1247 492 
1567 846 
173 85 
840 597 
78 307 
1171 481 
1337 1034 
1643 877 
1689 697 
1340 1090 
1491 626 
1820 1062 
1563 543 
94 84 
1570 1072 
1050 683 
75 248 
103 132 
1218 392 
88 109 
1576 702 
764 825 
449 81 
997 809 
1795 465 
1670 759 
1934 1286 
1242 347 
1534 473 
182 81 
271 135 
1934 1158 
898 480 
1224 434 
1464 613 
935 646 
460 391 
95 473 
953 407 
94 343 
1879 1265 
129 258 
1771 1278 
1934 1077 
1362 748 
77 422 
76 104 
1307 643 
1261 804 
1395 734 
1934 842 
1934 1236 
1025 843 
125 85 
1140 527 
1710 652 
1655 554 
230 85 
192 80 
546 215 
74 93 
1577 515 
84 86 
1935 1549 
234 83 
274 92 
74 79 
1493 493 
271 139 
1676 478 
76 80 
246 102 
1865 504 
1803 867 
161 80 
1024 651 
1661 1624 
1934 812 
1204 106 
74 83 
1411 714 
200 80 
1792 651 
1140 916 
1154 603 
259 152 
1351 86 
89 80 
80 155 
1294 287 
1401 610 
1343 413 
79 82 
329 81 
233 191 
1392 784 
1090 393 
487 81 
1565 1257 
352 133 
301 80 
830 846 
131 92 
1126 360 
82 179 
1934 1249 
1094 633 
1248 313 
75 278 
78 98 
75 136 
862 366 
1379 456 
975 517 
82 80 
1358 100 
874 923 
1934 1355 
1633 1570 
74 191 
1486 673 
1934 978 
381 80 
1315 363 
75 81 
83 489 
487 473 
1934 716 
1302 748 
1224 729 
1728 973 
1933 1349 
1066 762 
977 520 
1585 590 
1518 656 
331 82 
1454 787 
1714 616 
75 80 
1111 398 
77 81 
85 290 
1398 464 
1705 775 
538 174 
1531 607 
142 80 
469 101 
1130 422 
1903 1254 
77 169 
1559 477 
1329 656 
1935 1031 
357 80 
1236 1089 
977 733 
1241 445 
1934 1168 
1603 873 
80 105 
1617 436 
1934 1152 
1443 454 
1934 602 
75 84 
75 80 
1032 344 
352 115 
1214 928 
792 290 
457 81 
1449 722 
1051 411 
75 87 
1357 900 
961 716 
83 246 
1333 773 
1815 1030 
409 148 
1906 511 
1374 541 
1934 1007 
74 90 
1035 759 
1228 447 
973 512 
75 81 
457 80 
75 82 
150 81 
562 119 
74 84 
1578 328 
1283 462 
1412 657 
111 118 
82 80 
75 83 
1725 1146 
773 421 
1934 1038 
1646 993 
1454 702 
75 81 
421 80 
1935 369 
1523 601 
1191 610 
1142 1021 
1749 727 
1610 811 
255 347 
872 80 
313 96 
89 81 
1753 929 
1791 855 
1123 622 
75 92 
99 313 
1770 1286 
1431 561 
1213 443 
1299 704 
1394 339 
847 392 
822 570 
75 80 
351 80 
1174 852 
1059 553 
820 591 
540 81 
378 851 
102 80 
74 80 
1934 1413 
76 123 
1934 1515 
1113 774 
1156 595 
75 160 
1920 588 
1564 825 
1817 1481 
652 107 
1077 605 
1477 558 
128 356 
75 82 
1254 427 
1299 933 
1444 1114 
1300 573 
837 529 
1411 942 
78 84 
96 79 
1322 744 
333 104 
1494 81 
1650 651 
82 83 
75 81 
74 1293 
1525 973 
505 390 
1453 410 
75 81 
74 80 
1502 1264 
1590 560 
1657 874 
83 398 
1854 526 
1494 456 
728 626 
1867 893 
1227 572 
546 80 
1570 1170 
75 81 
293 155 
1073 586 
543 80 
1820 1481 
75 82 
78 136 
77 264 
75 81 
1675 823 
1934 781 
215 94 
892 468 
1934 444 
359 162 
76 1636 
947 1242 
1098 435 
1299 645 
1272 670 
1189 476 
1934 1348 
619 81 
154 84 
1288 885 
74 107 
1561 1289 
75 283 
1469 570 
99 234 
1651 566 
228 81 
489 250 
1625 605 
591 768 
822 733 
1292 881 
1294 453 
1369 556 
1452 539 
219 211 
206 80 
1085 715 
1069 389 
1934 670 
1898 1135 
1196 839 
1291 732 
426 143 
1587 504 
952 995 
74 83 
75 143 
1664 1038 
1923 1149 
1794 1021 
75 80 
1423 609 
1934 1141 
1374 94 
590 714 
137 268 
581 685 
1228 917 
74 94 
1312 796 
1377 1309 
1175 833 
510 97 
1439 946 
1895 1265 
667 83 
256 425 
1841 863 
109 80 
226 82 
1525 571 
78 96 
108 131 
75 80 
74 85 
582 81 
76 81 
1149 390 
1556 985 
75 114 
1158 419 
1934 794 
989 448 
79 80 
1230 546 
103 82 
99 159 
1934 700 
480 80 
1514 1126 
109 558 
1934 1100 
1132 1001 
1542 479 
1486 450 
75 80 
1935 579 
87 235 
1045 390 
496 80 
1749 691 
220 726 
1431 761 
499 230 
190 283 
75 378 
1929 651 
130 81 
1846 1389 
75 207 
75 80 
98 365 
736 817 
1046 559 
800 630 
1711 708 
1412 837 
786 424 
318 84 
94 80 
112 343 
171 352 
1780 996 
1366 285 
924 847 
1935 794 
1024 918 
1079 477 
125 80 
1811 964 
1501 817 
1612 818 
1935 268 
991 381 
645 538 
74 81 
74 178 
1619 821 
332 97 
1608 764 
166 79 
121 80 
1457 435 
74 80 
1934 80 
925 339 
80 394 
1707 503 
1162 386 
1236 668 
1934 1090 
1226 718 
725 80 
1504 709 
918 665 
1936 1385 
439 80 
74 81 
1935 1451 
86 80 
157 233 
1368 1126 
1114 703 
1137 488 
657 81 
1084 669 
73 189 
1348 587 
1230 567 
1269 457 
120 163 
1306 626 
247 184 
73 175 
1567 588 
1032 550 
1648 590 
75 80 
74 80 
105 80 
1935 835 
1382 1120 
338 83 
272 80 
221 572 
1050 595 
80 116 
1935 932 
330 82 
74 107 
1179 1097 
321 106 
510 81 
706 833 
1113 858 
87 80 
1119 538 
74 82 
870 1070 
1428 580 
797 99 
1120 79 
401 80 
1485 691 
1576 410 
874 738 
1567 607 
1370 80 
1265 782 
840 1140 
1425 1094 
1493 1266 
600 79 
1126 773 
74 130 
1283 605 
1532 214 
1779 677 
1886 385 
1177 518 
74 81 
1259 854 
337 79 
937 470 
167 80 
1460 319 
243 139 
1459 690 
1494 838 
1701 696 
261 79 
1107 329 
1362 79 
84 102 
1099 532 
993 398 
1002 594 
74 87 
1616 800 
1667 1013 
1254 422 
1371 1301 
1935 1364 
1052 553 
1549 645 
983 564 
1935 1027 
1935 1119 
92 106 
520 806 
1634 867 
74 78 
935 562 
864 973 
74 80 
1158 769 
1300 776 
1935 1007 
1671 601 
76 80 
79 80 
1261 659 
1191 520 
80 274 
1326 685 
1560 502 
74 80 
943 1002 
1167 678 
1599 96 
1636 652 
1718 673 
1453 903 
1133 668 
1252 754 
143 81 
89 84 
1935 1026 
74 79 
1129 322 
1454 1069 
1526 495 
1924 635 
1066 458 
1555 1044 
1182 631 
416 80 
1102 613 
954 647 
1630 606 
74 80 
1381 638 
1129 293 
1411 645 
1167 1335 
893 425 
1447 844 
871 709 
1231 364 
1877 1061 
1724 521 
1030 697 
75 79 
1474 760 
1331 1285 
1590 546 
1126 80 
836 404 
1588 785 
1914 984 
74 79 
1417 786 
1721 1046 
1425 950 
1935 924 
1386 574 
380 83 
810 80 
156 79 
74 81 
1179 538 
1300 1364 
1406 444 
1935 682 
1271 817 
186 84 
75 79 
75 101 
1295 752 
74 80 
1747 819 
1411 390 
1123 448 
99 101 
1592 812 
306 1118 
74 80 
1333 595 
695 186 
1432 416 
1874 903 
1076 253 
1771 1247 
313 217 
744 394 
1017 155 
1570 84 
1273 501 
1697 1488 
1936 953 
74 80 
1680 835 
1358 748 
1521 780 
1507 82 
1530 705 
1564 1177 
1095 608 
263 80 
1173 347 
1263 86 
104 80 
1935 1423 
1858 1017 
1899 828 
862 266 
1294 112 
1296 791 
1233 607 
1936 600 
1246 429 
1936 494 
286 180 
75 190 
969 492 
1235 478 
102 80 
74 99 
1105 509 
1139 320 
1564 695 
1614 428 
1187 548 
1211 576 
158 80 
923 640 
1238 952 
1019 944 
873 352 
1935 1205 
1128 342 
1856 836 
97 81 
477 579 
338 80 
1576 565 
1929 1381 
1118 843 
1078 872 
1519 1119 
1935 481 
927 88 
435 80 
74 82 
170 79 
882 657 
1237 1019 
1344 447 
1556 1109 
80 638 
1643 841 
1352 927 
1276 507 
127 130 
194 79 
1665 1214 
1885 495 
163 82 
127 108 
81 80 
105 82 
1028 515 
433 1669 
112 347 
90 80 
76 80 
1080 271 
1935 637 
788 537 
138 80 
1935 1324 
74 137 
74 137 
213 89 
74 79 
1263 668 
1311 400 
970 472 
795 466 
73 80 
1431 773 
559 129 
1848 80 
74 80 
643 483 
742 377 
1147 936 
1936 1001 
1935 1043 
845 82 
452 81 
1719 1091 
1310 641 
1147 788 
1570 900 
102 146 
348 85 
1396 824 
1508 295 
75 79 
1595 642 
1472 638 
1137 937 
293 132 
76 150 
1530 82 
1607 485 
1054 715 
560 80 
89 80 
74 87 
1337 771 
127 192 
250 87 
74 80 
165 105 
129 313 
1841 539 
122 90 
1934 974 
1352 517 
1039 510 
328 82 
1780 671 
75 80 
160 82 
197 82 
332 133 
1068 693 
1758 987 
1357 462 
1544 1012 
1313 289 
864 623 
1087 81 
75 80 
1887 1004 
1162 341 
1353 375 
986 107 
75 81 
1454 445 
1935 928 
1934 1484 
1684 1223 
75 122 
1815 818 
1154 422 
1934 1295 
1742 1180 
1374 512 
74 82 
1935 865 
695 627 
1404 926 
1083 84 
1379 693 
77 80 
1433 542 
75 81 
1349 428 
1312 496 
1571 657 
1924 1293 
1934 777 
1929 826 
1116 487 
1081 493 
1376 614 
1934 1385 
109 125 
1935 998 
1110 706 
1053 818 
1225 540 
1594 824 
1271 1162 
1306 426 
1811 382 
185 357 
1269 788 
1934 1519 
1236 845 
130 121 
1935 611 
1488 339 
1484 695 
311 96 
732 1031 
1594 411 
1763 420 
1672 1241 
790 306 
1389 840 
359 208 
1202 770 
1138 483 
1692 1007 
1554 738 
204 80 
83 83 
75 81 
131 85 
1934 1486 
1041 593 
1576 794 
1633 1046 
1459 774 
1193 763 
1208 465 
922 493 
365 163 
1218 695 
1041 956 
1156 362 
82 81 
1201 360 
310 81 
526 164 
111 168 
556 81 
136 81 
1693 1077 
1530 254 
76 224 
1934 1163 
79 82 
75 82 
1935 1110 
77 181 
1934 81 
1060 726 
76 459 
141 85 
1125 420 
1255 759 
1551 434 
1174 720 
1044 394 
77 258 
1093 494 
970 80 
75 393 
1438 589 
302 84 
1934 1482 
1239 765 
790 451 
1646 818 
435 235 
1647 442 
98 81 
1934 816 
284 83 
1934 603 
1812 555 
1730 229 
1141 823 
1658 1176 
1237 488 
1934 740 
1631 1411 
1934 804 
793 599 
1471 516 
173 81 
75 120 
1909 1684 
831 1448 
1934 118 
1769 279 
301 82 
1637 802 
1854 1015 
893 883 
1934 595 
1887 1082 
1453 744 
1495 860 
1463 766 
1513 81 
77 372 
465 416 
1470 468 
1218 633 
180 92 
1361 446 
181 81 
133 82 
1935 713 
1934 1425 
1935 513 
881 451 
1452 568 
1934 1351 
75 227 
75 82 
1871 1203 
701 614 
1539 731 
1071 413 
153 80 
416 81 
1597 559 
341 592 
76 80 
1138 882 
1341 534 
982 582 
1338 644 
1201 989 
75 354 
814 94 
1431 776 
1664 1342 
302 85 
75 80 
1528 1193 
86 89 
1057 569 
176 486 
356 155 
74 92 
1935 1123 
777 675 
1528 772 
1156 965 
79 83 
123 80 
1733 312 
1724 691 
1412 528 
1312 905 
75 81 
1089 656 
1675 589 
743 81 
76 81 
1598 1052 
75 85 
1934 910 
278 81 
1814 763 
886 504 
1169 614 
1686 1036 
1665 653 
894 1488 
135 204 
75 81 
728 543 
1199 823 
855 234 
1363 653 
1934 1126 
74 260 
1907 982 
1934 1277 
713 82 
1050 498 
584 92 
1934 1243 
1133 443 
1689 728 
872 80 
1717 540 
1642 745 
806 371 
1632 699 
1038 174 
1934 1363 
1414 401 
75 219 
1650 734 
1424 555 
1934 832 
686 499 
683 80 
1584 538 
75 80 
76 172 
124 229 
239 88 
1711 1030 
1283 501 
75 811 
97 81 
166 81 
145 215 
1501 1065 
1285 481 
1171 378 
75 141 
571 134 
867 1318 
817 361 
181 394 
568 80 
1512 1253 
1934 888 
75 81 
903 80 
1336 1420 
1618 977 
1287 619 
140 338 
1934 969 
177 80 
1866 1181 
167 918 
79 81 
1934 703 
1460 956 
226 124 
954 448 
1236 672 
885 81 
1532 450 
274 81 
1935 1181 
1445 736 
1774 405 
77 107 
75 146 
325 229 
75 262 
240 365 
967 731 
1378 722 
79 189 
1840 964 
1934 1691 
76 144 
80 250 
648 88 
1455 757 
1707 625 
85 112 
1487 1014 
1770 857 
1652 805 
1551 935 
1515 567 
104 109 
75 81 
1308 516 
624 448 
1232 550 
1273 666 
1934 1470 
397 80 
211 82 
75 81 
1087 1054 
1145 83 
1363 515 
98 270 
1150 778 
75 80 
1934 1441 
348 115 
85 80 
75 206 
1641 697 
1335 657 
111 728 
1934 409 
120 287 
141 597 
1572 667 
1455 742 
1474 908 
75 80 
724 226 
1017 757 
1054 634 
208 89 
1633 501 
1934 1591 
1088 724 
76 407 
1934 884 
358 80 
1934 1035 
1267 549 
1093 439 
1367 682 
1934 1207 
461 423 
1179 538 
1632 820 
1159 782 
1865 82 
286 80 
912 364 
1034 439 
1298 547 
1265 587 
605 164 
250 81 
1816 966 
1238 278 
1935 1374 
1654 784 
1934 1268 
80 131 
1070 456 
1151 277 
1194 516 
345 80 
388 80 
1934 881 
1934 942 
1208 529 
1762 421 
161 81 
1039 420 
1691 531 
1612 1135 
74 139 
189 81 
1715 1095 
343 80 
1448 1071 
1064 1123 
1692 1093 
1114 533 
158 90 
1204 856 
1192 641 
1212 807 
1015 429 
552 222 
1223 707 
75 89 
1934 1664 
1893 684 
1248 590 
1934 800 
929 659 
1486 1407 
1469 671 
97 81 
712 137 
82 81 
1568 541 
925 80 
1934 739 
1403 449 
1847 643 
1934 861 
74 159 
82 81 
1471 733 
1598 660 
801 521 
1609 80 
1538 954 
1595 86 
853 408 
1504 428 
1757 1492 
719 80 
1074 400 
77 193 
237 106 
1142 561 
864 691 
1044 488 
1495 377 
1091 402 
1330 449 
1170 638 
1697 641 
76 140 
1109 965 
75 210 
1312 710 
78 80 
980 645 
1934 1034 
1688 1002 
75 80 
75 227 
1708 1038 
1059 490 
1694 598 
943 80 
1127 648 
779 614 
1887 382 
1285 730 
1024 94 
114 81 
297 81 
1267 819 
1569 531 
1746 500 
349 81 
186 528 
674 852 
1164 445 
1626 335 
219 91 
1934 1626 
1934 832 
946 752 
1369 828 
1934 81 
1525 375 
1580 796 
928 564 
74 84 
77 104 
75 81 
1375 929 
1900 806 
1157 572 
75 121 
1173 514 
861 352 
1549 274 
1871 573 
1124 641 
1172 613 
1934 753 
1865 685 
1137 310 
1934 211 
187 431 
1373 511 
848 744 
1349 392 
75 81 
75 308 
1509 795 
1690 952 
74 317 
1222 534 
984 609 
1656 1006 
499 81 
1385 655 
1265 682 
1873 936 
867 310 
74 80 
1934 1310 
1227 753 
75 80 
1934 713 
75 81 
1187 597 
1194 307 
125 81 
1322 668 
1494 500 
1555 529 
1003 873 
182 105 
1934 1483 
1724 1431 
262 81 
1347 380 
1934 1390 
977 441 
1572 660 
1376 544 
892 211 
1313 534 
105 151 
1639 587 
1399 758 
1212 797 
1175 894 
1270 949 
1532 622 
79 432 
1263 928 
76 83 
1235 393 
342 264 
1342 650 
956 359 
1068 528 
97 254 
1514 563 
74 84 
1223 455 
1196 922 
1004 387 
189 83 
551 548 
966 1085 
974 599 
1453 572 
1375 583 
113 82 
289 80 
75 82 
1292 1093 
1935 285 
1489 80 
1072 334 
1449 607 
77 80 
1469 369 
606 80 
75 81 
1935 1329 
79 84 
1146 518 
1934 833 
1588 799 
1602 923 
416 400 
1754 421 
172 83 
1801 81 
1710 742 
1160 563 
1666 367 
1639 1322 
75 81 
74 100 
1390 485 
978 1100 
75 89 
1334 1439 
254 133 
1935 839 
1331 1032 
837 335 
1095 272 
75 220 
1032 385 
1868 582 
1934 749 
1099 900 
1016 469 
1934 1587 
1934 1297 
289 81 
1616 825 
75 88 
1434 891 
1748 863 
79 287 
1218 420 
74 80 
1753 772 
184 107 
117 89 
122 81 
103 221 
1849 822 
1090 1200 
1134 443 
1021 741 
77 324 
1934 576 
199 82 
1661 273 
862 81 
1934 1449 
1023 81 
573 1654 
74 80 
378 138 
75 80 
1934 999 
1755 641 
1934 1443 
74 79 
1058 589 
1477 880 
75 82 
94 441 
83 190 
338 80 
1117 513 
1447 1008 
1934 682 
830 324 
1148 605 
97 84 
1651 993 
962 351 
1285 620 
400 141 
970 525 
75 95 
1934 622 
1254 568 
1744 611 
1534 959 
1934 82 
84 80 
123 99 
1652 462 
1934 80 
75 125 
1566 1219 
1935 826 
1698 865 
1392 641 
1935 1622 
932 430 
80 80 
235 317 
1795 853 
1012 431 
1163 143 
1012 80 
1934 641 
1625 553 
74 95 
1934 700 
386 534 
1067 580 
1097 223 
99 229 
847 436 
950 991 
1218 814 
1266 399 
119 80 
1922 1367 
112 80 
1560 1231 
1218 1065 
1290 911 
1934 934 
245 82 
1935 984 
1634 679 
1171 414 
1072 568 
134 152 
1749 357 
752 686 
73 441 
1404 512 
1934 1252 
1032 833 
94 101 
74 132 
1198 575 
1308 473 
1102 360 
80 222 
75 242 
1606 501 
74 231 
1052 1306 
1406 556 
1323 1002 
1210 427 
1928 668 
1582 299 
1211 777 
75 80 
78 646 
1934 1331 
396 81 
1398 432 
78 157 
928 1089 
1172 613 
1436 503 
251 170 
74 1263 
338 180 
1750 875 
1175 778 
1935 1437 
1934 1108 
1934 850 
898 276 
1185 358 
75 208 
1332 609 
108 83 
946 590 
863 628 
1181 407 
1934 947 
1934 1481 
1476 267 
1369 568 
1719 593 
79 81 
1162 698 
75 140 
1493 769 
1381 717 
906 1025 
653 686 
1181 1152 
982 553 
1658 1106 
1382 558 
1248 691 
1935 1294 
98 717 
1934 1150 
75 95 
74 638 
1873 613 
192 80 
728 654 
1188 458 
1690 1136 
1919 486 
235 159 
1501 576 
235 217 
1796 668 
1934 624 
1424 823 
176 749 
1515 482 
456 89 
1934 691 
1857 82 
1934 686 
331 80 
1236 302 
911 615 
826 646 
1383 560 
1142 671 
1592 680 
198 81 
1465 401 
819 306 
74 160 
1728 566 
1253 337 
1402 946 
143 81 
1729 519 
87 83 
74 117 
1197 597 
1581 625 
87 86 
1682 1016 
1934 1004 
1181 787 
77 251 
399 91 
1430 417 
1241 528 
1169 289 
79 309 
1105 637 
532 80 
1934 763 
75 349 
1644 1095 
1372 611 
1361 521 
966 80 
75 80 
79 88 
85 81 
936 191 
176 80 
1906 1001 
172 139 
1601 653 
860 442 
1030 427 
1934 527 
75 97 
102 552 
1934 378 
1934 1569 
74 302 
186 80 
76 270 
1829 849 
355 80 
899 80 
1175 497 
74 84 
1112 529 
76 80 
1156 117 
1322 782 
74 88 
181 814 
1088 431 
947 536 
98 86 
657 658 
112 85 
1935 1133 
1211 463 
303 279 
83 80 
207 81 
1934 515 
1151 587 
1119 485 
1934 822 
1346 471 
1676 373 
988 502 
80 81 
1256 373 
1934 1671 
679 557 
1569 502 
983 796 
630 150 
74 80 
1121 540 
1425 927 
79 80 
1934 688 
84 81 
1080 983 
1227 1029 
1934 1538 
75 80 
980 368 
136 98 
1875 560 
579 648 
82 80 
1934 1163 
83 198 
1770 91 
1773 396 
1241 691 
1899 1424 
1846 845 
75 80 
75 80 
648 584 
1121 279 
1934 1203 
1409 1057 
75 80 
1510 868 
320 81 
1164 551 
74 80 
1249 543 
1503 909 
1443 735 
74 80 
1560 914 
74 81 
1111 509 
1130 563 
954 516 
1486 1158 
878 1635 
87 114 
1573 715 
334 82 
1133 461 
74 80 
78 535 
82 563 
1317 641 
1186 963 
1607 1065 
1011 505 
1890 494 
1088 752 
1462 808 
75 80 
247 79 
124 94 
1096 372 
316 269 
1576 506 
387 80 
122 82 
92 83 
179 700 
1348 886 
1416 471 
88 320 
74 170 
1610 1409 
1736 805 
1532 822 
1934 529 
1593 652 
1228 661 
399 81 
1934 1444 
154 202 
1255 885 
1203 821 
110 80 
887 463 
1652 816 
733 102 
1525 1112 
1493 1278 
1934 990 
1628 424 
1617 874 
82 142 
221 298 
194 393 
364 86 
1405 413 
1726 936 
481 85 
1071 81 
1934 1506 
1934 883 
1473 299 
683 80 
1670 590 
78 80 
973 393 
1252 557 
75 195 
1296 371 
1199 456 
1935 1115 
221 222 
723 569 
90 81 
80 80 
1540 236 
341 80 
1104 560 
80 356 
1034 467 
238 81 
1437 626 
1218 464 
1526 684 
1311 718 
1934 318 
1204 636 
1534 702 
118 96 
1247 358 
1839 256 
1340 402 
1935 1007 
99 80 
991 384 
1082 575 
168 208 
73 351 
917 410 
1935 1310 
972 596 
1503 618 
430 82 
1357 465 
961 661 
75 95 
1934 860 
1522 495 
985 589 
1249 570 
76 80 
74 300 
1297 586 
1520 845 
1756 524 
1211 1225 
1016 132 
75 80 
269 373 
1357 599 
879 918 
75 81 
1273 514 
824 164 
1934 1328 
1366 395 
1934 743 
1288 438 
931 576 
1934 659 
816 447 
78 82 
1657 540 
74 81 
1478 662 
258 79 
114 170 
74 1252 
1934 997 
1443 502 
374 1224 
1117 453 
1213 854 
1476 612 
544 210 
849 217 
84 258 
1128 479 
131 79 
1360 705 
1512 559 
92 81 
76 192 
1803 706 
75 118 
234 189 
1018 277 
1165 531 
320 80 
203 728 
1169 778 
1486 666 
95 424 
1476 703 
1357 673 
1420 344 
165 165 
1807 1504 
783 81 
1832 806 
1429 599 
1623 1495 
1934 1587 
75 82 
1934 882 
1934 538 
966 80 
1219 522 
1102 403 
1204 910 
1376 1306 
