1379 608 
94 111 
1225 570 
1693 624 
1590 693 
565 81 
74 180 
1593 1186 
1927 763 
1849 687 
499 80 
1218 579 
74 115 
75 125 
395 136 
1706 429 
79 82 
1296 681 
1733 838 
1398 594 
76 81 
143 81 
1539 393 
75 81 
1462 539 
1934 364 
1395 506 
1430 916 
196 82 
1934 866 
1771 864 
77 403 
225 149 
75 80 
1349 708 
262 111 
1586 656 
1721 449 
1428 590 
1858 594 
1421 551 
1311 426 
1444 738 
76 258 
105 113 
1796 404 
75 80 
1465 467 
1934 637 
1571 487 
1405 729 
1934 830 
1857 770 
1934 1094 
1848 861 
1917 838 
1934 412 
1934 438 
1718 1026 
1934 758 
1395 769 
1639 550 
75 81 
1934 1346 
1364 149 
1933 964 
1637 530 
1933 1630 
1692 966 
1457 440 
1891 424 
74 365 
212 87 
963 83 
77 435 
92 81 
77 116 
1934 763 
1935 797 
775 259 
77 240 
1934 1234 
346 107 
110 81 
75 93 
76 85 
1934 813 
335 99 
1603 552 
1808 810 
84 82 
1798 915 
1934 954 
1079 571 
1697 862 
1928 888 
75 82 
94 84 
1933 370 
578 140 
76 84 
1933 654 
1590 713 
116 86 
1934 724 
329 81 
221 90 
1934 1592 
622 1694 
1925 898 
1720 869 
1135 298 
1777 798 
1934 1330 
1099 953 
1933 576 
1934 605 
1934 767 
1611 1100 
1479 901 
78 280 
1845 670 
639 116 
251 95 
1583 533 
1933 81 
182 81 
383 113 
87 132 
1568 909 
1130 410 
1932 912 
1831 1236 
1271 444 
1625 533 
77 89 
1933 849 
1100 93 
1736 511 
78 242 
1932 750 
1302 474 
368 384 
1013 1477 
1637 777 
1613 642 
1932 812 
1152 394 
1932 413 
1460 452 
1932 1427 
1932 819 
1670 661 
1932 427 
644 101 
1933 756 
78 83 
77 144 
1932 443 
102 431 
124 83 
125 83 
1315 555 
1932 1458 
153 352 
1758 672 
86 84 
184 88 
78 87 
1304 522 
1608 461 
83 83 
1696 561 
77 82 
93 204 
1932 1365 
1334 1169 
1932 901 
79 93 
1932 1559 
78 84 
1675 659 
78 84 
199 426 
1467 648 
1717 745 
1932 1157 
77 94 
1748 661 
1931 844 
1932 1585 
1932 504 
1665 671 
1224 589 
78 106 
78 88 
1932 735 
1874 507 
214 84 
77 83 
1450 347 
1461 445 
1596 436 
1326 656 
1853 1572 
1813 586 
527 353 
78 83 
1764 601 
1932 743 
82 83 
78 452 
1932 830 
1423 682 
78 83 
1932 908 
188 255 
99 83 
1932 1144 
1135 82 
1933 279 
78 84 
78 88 
1460 408 
1800 844 
1353 742 
400 97 
77 136 
78 93 
1717 485 
1932 379 
78 83 
1564 1066 
1447 713 
1368 1474 
1932 1041 
278 98 
1659 1293 
96 83 
1522 462 
862 89 
1329 706 
1557 280 
77 205 
77 82 
1614 429 
77 85 
1932 384 
1932 1218 
1396 126 
1933 1487 
1686 732 
1364 632 
1710 1070 
1406 356 
993 573 
1822 736 
77 83 
1711 623 
1229 365 
85 83 
1055 401 
1767 571 
106 673 
1932 700 
1932 1386 
1798 827 
1699 425 
1932 1015 
846 83 
1145 201 
1588 481 
521 125 
1932 531 
1445 84 
436 86 
1159 308 
1796 526 
1889 875 
1203 395 
1299 207 
1296 524 
1531 619 
77 83 
1932 915 
1932 623 
86 83 
80 106 
1141 796 
654 83 
1932 684 
1789 463 
1932 754 
1676 763 
523 83 
394 84 
1932 923 
1758 914 
92 83 
1813 683 
1316 351 
1591 564 
80 83 
1933 84 
1665 565 
1339 866 
501 82 
1932 543 
1490 665 
1932 584 
1932 670 
649 82 
1679 495 
925 930 
1034 1198 
400 102 
1316 798 
1932 1578 
106 86 
1759 576 
77 137 
146 159 
1737 468 
1933 83 
1756 300 
1629 545 
1932 1210 
1932 744 
78 84 
1932 459 
78 106 
80 83 
1612 524 
1773 575 
1933 448 
944 826 
78 85 
1376 1035 
1107 630 
731 453 
1309 447 
1305 755 
1635 639 
839 86 
557 82 
222 90 
78 116 
1186 836 
1397 958 
1713 499 
1428 671 
1934 594 
1934 1055 
100 81 
1614 539 
1934 420 
947 101 
75 145 
206 125 
1935 905 
1145 83 
75 81 
1550 453 
1934 1228 
1447 113 
1934 886 
1776 461 
240 100 
75 81 
121 284 
643 81 
1934 522 
1676 580 
1420 754 
144 452 
1934 1380 
190 194 
188 225 
1933 87 
75 179 
1738 355 
173 237 
1772 591 
1561 690 
77 86 
555 554 
1933 789 
1503 561 
1934 406 
1578 482 
719 88 
75 435 
75 80 
75 136 
1934 793 
1164 80 
1928 473 
1919 1066 
82 92 
1121 662 
76 81 
1405 830 
426 234 
1655 647 
1934 1343 
1876 636 
534 81 
76 81 
1934 1287 
1935 1162 
81 232 
1498 419 
1934 836 
1732 572 
1934 936 
83 170 
1909 1074 
1934 935 
261 389 
1357 532 
1853 575 
245 81 
75 81 
1934 1142 
1557 1224 
76 215 
1667 524 
1930 789 
1934 399 
1515 746 
1934 1178 
662 82 
1606 587 
1935 668 
77 81 
159 81 
1934 672 
115 81 
252 606 
1679 920 
117 81 
1935 1035 
94 82 
76 80 
1840 628 
1934 1538 
1934 1004 
92 231 
1653 1439 
1608 851 
1350 853 
823 841 
1934 1061 
87 134 
1475 497 
76 335 
86 1069 
1888 838 
1934 1100 
1337 528 
1934 1151 
1810 1022 
1732 659 
1934 504 
523 145 
76 83 
1534 946 
1934 884 
1933 487 
1432 573 
76 81 
1607 1027 
437 163 
1301 378 
1424 372 
87 280 
1935 1005 
1550 754 
1719 595 
1934 1509 
411 81 
1272 779 
243 80 
733 149 
80 81 
1650 779 
75 83 
1934 1412 
1601 677 
1597 498 
76 108 
80 303 
1851 686 
1933 169 
1934 870 
1590 806 
1416 486 
76 219 
1639 610 
1401 606 
1119 344 
92 91 
1934 1157 
1933 737 
1374 687 
1638 576 
1534 807 
1148 451 
427 282 
263 95 
1341 542 
1931 727 
78 83 
90 118 
451 125 
1592 1119 
1691 664 
981 85 
83 165 
1798 523 
84 83 
1932 84 
78 84 
367 87 
1932 1005 
1774 482 
79 176 
326 85 
80 83 
1932 781 
1932 1245 
1933 1060 
1654 700 
294 83 
1763 619 
1932 540 
1510 792 
220 83 
1932 728 
256 183 
1932 965 
992 664 
1208 82 
1932 1216 
1927 501 
79 168 
109 139 
1732 940 
1321 835 
78 229 
206 85 
1727 482 
1933 821 
1933 1392 
1800 697 
77 209 
1833 549 
1482 990 
1410 695 
1629 912 
197 83 
1933 645 
1932 484 
1932 495 
1601 86 
1745 649 
78 84 
78 126 
805 94 
1380 783 
1932 1021 
1886 626 
78 394 
78 83 
1172 460 
1417 1445 
1573 622 
1932 1134 
1408 613 
1522 959 
161 1533 
77 86 
952 84 
1712 840 
81 88 
1932 1214 
1259 238 
226 137 
1874 777 
237 894 
1395 684 
78 83 
969 84 
1704 798 
1862 813 
1746 535 
1932 718 
78 84 
96 428 
1429 284 
1760 328 
167 504 
1619 663 
1339 437 
77 85 
86 98 
1933 550 
1145 617 
1912 216 
1920 565 
93 84 
207 85 
1844 705 
1735 577 
91 205 
85 83 
1204 108 
79 83 
1836 822 
1648 421 
1657 690 
1656 417 
1784 833 
1932 1240 
78 84 
1445 536 
137 83 
1771 764 
1915 347 
1570 728 
674 82 
329 230 
81 339 
820 118 
84 83 
148 83 
1204 586 
1193 433 
1919 409 
308 86 
1492 103 
83 87 
77 88 
1932 1190 
77 172 
1932 1548 
78 179 
1631 799 
1932 1367 
668 83 
702 594 
596 83 
1369 431 
77 83 
1932 1077 
1932 1091 
81 83 
79 107 
609 631 
1473 457 
406 83 
1336 610 
447 246 
1448 481 
648 307 
1733 823 
1305 401 
1932 963 
78 293 
1849 593 
380 129 
1932 1226 
1932 1199 
1469 574 
1608 389 
1592 803 
79 84 
1460 416 
1193 684 
1468 593 
1932 584 
1932 286 
77 424 
1000 443 
1459 710 
1883 690 
1324 935 
1932 1292 
78 84 
1409 335 
1932 853 
1932 620 
833 86 
1377 364 
78 112 
1932 347 
78 92 
1615 338 
91 82 
1932 928 
234 85 
1555 626 
329 82 
1057 98 
462 83 
77 82 
167 83 
1676 607 
1932 512 
1438 1118 
1825 645 
1063 416 
1844 844 
82 738 
1541 448 
82 137 
1177 587 
434 579 
1894 600 
1659 952 
1905 399 
77 102 
515 1433 
77 82 
177 84 
1541 455 
1932 283 
1644 770 
134 1543 
1089 728 
1185 589 
235 123 
1346 239 
1462 712 
1933 799 
1210 406 
176 137 
1315 619 
1613 825 
1813 503 
415 113 
95 82 
76 191 
1356 748 
77 92 
558 83 
1570 591 
1450 514 
1902 640 
192 82 
1933 1070 
1874 474 
1509 689 
1720 673 
1458 312 
1724 910 
405 82 
77 104 
219 147 
83 87 
1778 762 
767 94 
77 86 
1799 413 
1880 469 
290 176 
1932 777 
1652 1086 
1074 722 
1481 619 
1932 476 
409 87 
1674 320 
1932 1345 
105 207 
1606 1233 
78 86 
112 304 
1932 881 
521 83 
1390 607 
1726 588 
1932 1461 
118 125 
1441 811 
1174 326 
1933 1098 
1816 617 
1059 130 
1932 966 
249 86 
77 203 
1933 862 
1565 571 
120 325 
1703 694 
1932 557 
1448 103 
1633 858 
1933 1321 
1933 779 
77 161 
1513 548 
1933 959 
1489 313 
341 117 
78 84 
1932 613 
96 118 
1626 477 
1932 555 
78 102 
80 95 
77 153 
1395 543 
1379 706 
484 86 
1108 614 
1756 301 
1793 627 
86 82 
272 134 
1835 691 
1409 1229 
1932 1032 
1504 587 
1933 1535 
1932 256 
78 82 
1932 995 
1298 389 
1275 209 
80 113 
78 81 
1932 614 
138 94 
1292 82 
1932 85 
82 184 
1520 936 
1932 616 
1900 491 
1932 1478 
84 83 
99 261 
1278 703 
79 83 
77 86 
312 83 
563 84 
1932 580 
1932 561 
77 219 
420 156 
622 158 
81 129 
1932 948 
81 446 
1497 592 
1679 810 
295 558 
236 84 
1932 1111 
1395 401 
1932 951 
1932 833 
89 83 
1932 855 
1756 821 
1413 566 
1932 1233 
1360 671 
1183 495 
1783 989 
1932 882 
1933 1261 
1645 619 
77 122 
76 86 
1822 1277 
83 548 
1507 480 
1338 683 
1561 849 
1932 493 
77 83 
76 87 
1792 722 
85 279 
499 82 
1614 678 
1836 529 
478 95 
1932 1074 
1739 1450 
840 630 
1774 668 
77 82 
1290 332 
77 83 
1932 298 
78 82 
80 269 
1493 230 
1455 1224 
1634 858 
1932 610 
77 82 
240 83 
1372 595 
86 83 
96 586 
78 88 
988 372 
1803 418 
1607 565 
76 145 
1665 643 
1717 564 
1830 590 
76 82 
1935 739 
352 79 
1935 754 
1934 373 
1934 852 
76 192 
1935 724 
1357 496 
1875 730 
87 92 
1358 451 
306 85 
75 128 
133 80 
1545 501 
985 269 
274 81 
1309 753 
1772 515 
1934 596 
1567 501 
1273 643 
1563 505 
1060 573 
1611 820 
107 294 
1635 1010 
74 81 
1934 1701 
75 80 
1835 532 
424 86 
74 341 
1935 430 
1576 562 
164 131 
74 80 
1934 607 
1456 661 
375 80 
254 81 
968 460 
75 82 
1226 761 
1934 1273 
1934 308 
189 83 
1934 83 
1810 643 
1934 81 
1554 337 
75 80 
76 297 
76 82 
1934 1049 
1656 990 
136 81 
1935 1252 
1934 472 
1146 382 
199 80 
480 81 
80 93 
82 81 
1096 557 
1935 1618 
137 84 
76 80 
82 97 
1934 956 
88 81 
1934 1007 
1934 795 
1290 707 
1887 1286 
1568 1009 
1932 534 
1573 338 
1683 870 
1650 778 
1781 781 
76 121 
1932 1159 
79 152 
1635 362 
1932 492 
1932 1699 
77 103 
976 374 
446 83 
1932 1348 
1864 555 
338 82 
887 100 
1386 822 
1932 1014 
269 82 
1932 412 
120 82 
515 91 
794 83 
1702 893 
1617 490 
1505 538 
119 83 
1338 783 
1932 1058 
1089 240 
1137 309 
510 83 
185 83 
1513 373 
325 83 
153 83 
1878 670 
255 81 
77 87 
103 85 
1454 1072 
1793 875 
286 83 
1933 1306 
1608 540 
1207 690 
370 83 
77 107 
77 247 
77 101 
77 86 
232 265 
1033 249 
1841 471 
1536 461 
1932 1079 
168 104 
1932 1635 
711 102 
1389 458 
77 82 
1801 488 
77 131 
634 82 
1601 994 
1474 577 
850 91 
1823 734 
1696 583 
1365 448 
1521 368 
78 114 
1892 921 
1813 423 
1932 262 
1431 806 
1932 883 
322 85 
77 82 
1537 773 
1414 532 
1932 92 
77 82 
96 99 
1381 693 
485 91 
77 107 
1437 381 
1913 727 
79 83 
77 83 
1700 604 
77 83 
1495 741 
1911 1444 
1476 314 
79 83 
1824 554 
77 83 
842 83 
1701 361 
1932 767 
201 86 
1018 781 
1267 365 
1932 568 
1776 909 
627 84 
1191 736 
88 92 
1932 699 
1525 255 
396 116 
1571 606 
1896 462 
77 83 
92 83 
1246 250 
1932 162 
1932 810 
347 220 
86 83 
1470 606 
983 602 
1529 479 
1368 609 
1610 1132 
1847 708 
1932 919 
849 83 
512 83 
1557 683 
83 82 
79 83 
1932 532 
1552 274 
1685 305 
1932 924 
1196 909 
1500 721 
1849 656 
78 183 
80 110 
1410 749 
358 118 
1849 83 
1529 582 
1932 574 
153 121 
1810 414 
1571 536 
1730 692 
1251 312 
77 84 
79 83 
1932 962 
77 83 
79 116 
1663 670 
78 83 
1932 1143 
1446 747 
81 167 
1337 418 
1437 369 
1234 89 
1526 427 
1293 390 
175 186 
106 147 
239 203 
77 109 
1901 486 
77 82 
1800 746 
1933 83 
474 101 
77 84 
1388 189 
1535 435 
173 83 
1913 820 
78 88 
1257 501 
1767 746 
759 272 
1920 635 
272 379 
233 412 
1768 601 
91 83 
251 116 
1932 727 
1932 585 
1556 738 
1914 435 
566 155 
77 82 
87 89 
850 88 
1932 901 
592 528 
79 83 
1933 1215 
176 83 
1932 549 
1824 140 
1933 894 
1933 1183 
1306 767 
1932 1127 
95 83 
279 83 
113 220 
1411 473 
78 83 
1427 705 
1521 845 
1689 517 
75 81 
1724 857 
380 80 
82 91 
1887 416 
1630 656 
121 81 
1934 1018 
1654 609 
1519 953 
1017 613 
1270 818 
1775 842 
1386 375 
1934 888 
1368 944 
1345 785 
901 138 
1934 1194 
1905 1363 
1934 756 
1016 553 
295 322 
1853 255 
1656 680 
1934 595 
1745 330 
1557 526 
161 81 
80 80 
74 80 
299 160 
368 139 
1934 592 
960 455 
1315 605 
1934 1438 
1934 1345 
1934 949 
75 174 
1924 833 
207 84 
75 80 
310 1586 
74 321 
1935 739 
761 662 
1737 960 
1216 394 
1934 828 
1782 441 
1710 679 
1783 861 
75 80 
1934 1364 
1934 1139 
75 242 
76 80 
1868 784 
75 81 
1440 327 
1719 867 
1491 684 
1934 879 
1934 1006 
76 81 
255 85 
1643 630 
757 1020 
1935 1457 
1846 942 
1318 882 
1272 396 
75 80 
1455 531 
82 80 
210 106 
1934 1203 
1935 572 
1934 1029 
1478 87 
691 80 
1430 1090 
1934 740 
1494 512 
1893 149 
1930 827 
1935 415 
231 98 
87 100 
1934 429 
1787 888 
75 108 
593 84 
883 406 
217 282 
1719 856 
79 184 
1934 531 
75 292 
1286 228 
105 80 
1030 615 
1590 355 
199 81 
1412 839 
432 81 
77 299 
879 81 
1731 651 
1079 497 
1648 587 
75 80 
1675 552 
83 83 
1935 525 
1622 524 
306 81 
1193 455 
1415 678 
1779 711 
125 785 
445 80 
1334 512 
1713 515 
1935 872 
1824 578 
75 277 
76 82 
1555 480 
1603 1034 
1934 1273 
1735 250 
75 386 
1528 424 
1891 355 
79 83 
1359 466 
1344 436 
1417 709 
887 575 
684 123 
1934 1360 
1127 661 
136 83 
77 97 
388 83 
1432 624 
1932 1022 
1825 354 
1932 521 
1050 352 
1932 800 
1642 533 
1839 582 
1679 532 
1359 873 
1932 523 
77 83 
78 111 
1621 453 
749 83 
1699 832 
1512 499 
1932 820 
1243 563 
159 83 
1531 686 
1595 502 
80 83 
77 81 
1842 698 
972 85 
1848 437 
1646 714 
78 84 
1927 909 
94 133 
1084 639 
1932 872 
77 83 
1829 607 
1592 516 
128 95 
1543 1211 
1932 488 
156 543 
77 84 
1932 1302 
1740 1128 
1715 768 
1183 573 
1932 570 
992 576 
80 99 
84 82 
77 184 
1932 83 
1120 558 
1932 723 
95 92 
1730 646 
77 84 
1697 85 
1932 951 
1431 481 
1932 683 
389 83 
574 687 
1402 460 
1932 602 
79 83 
425 83 
1314 880 
604 91 
77 84 
1645 462 
1231 731 
77 82 
1315 598 
1678 484 
117 88 
1295 635 
83 83 
1225 780 
1489 465 
1870 686 
1932 453 
1411 347 
1583 471 
1525 1128 
110 169 
77 83 
1468 84 
650 85 
82 93 
1383 493 
77 146 
1932 819 
1582 493 
540 634 
488 211 
1932 841 
391 83 
1406 388 
270 246 
1885 412 
82 82 
1932 941 
1855 457 
78 84 
82 296 
695 83 
1864 541 
421 84 
1279 358 
1607 561 
1933 1515 
1760 499 
142 166 
1932 225 
81 86 
1859 1624 
77 82 
172 83 
143 367 
1751 465 
1932 623 
1811 912 
1743 1001 
101 259 
1032 342 
180 411 
1844 924 
370 83 
1486 324 
1905 465 
1040 472 
187 83 
217 88 
1932 710 
1276 1256 
1932 1537 
80 334 
1932 773 
1700 557 
1770 809 
1932 734 
1329 83 
1932 1281 
1796 957 
1667 1154 
1280 744 
1473 573 
514 83 
1917 887 
97 506 
1249 622 
1932 558 
1932 806 
172 83 
1932 182 
1516 1094 
209 138 
1932 1078 
460 228 
768 224 
621 91 
1538 445 
1932 577 
1332 614 
1218 417 
1816 722 
1932 621 
77 87 
1880 183 
1932 526 
1326 950 
1338 771 
97 335 
1933 939 
76 598 
1932 1489 
644 137 
1376 979 
1228 851 
77 82 
85 83 
1808 844 
79 82 
1933 1001 
1472 365 
75 84 
1550 1485 
99 80 
141 81 
1934 592 
236 211 
1646 836 
1831 660 
75 80 
1801 826 
75 506 
151 80 
74 80 
347 456 
1707 663 
1547 489 
74 122 
1420 485 
831 159 
1935 584 
75 84 
76 187 
79 80 
211 321 
1935 550 
1935 756 
1904 420 
448 90 
78 490 
1935 627 
72 1526 
1436 629 
1286 373 
1934 911 
1934 893 
1665 745 
74 90 
132 80 
1459 1079 
1417 700 
1641 493 
1539 240 
1934 81 
1392 396 
275 127 
823 249 
1847 777 
89 81 
1645 239 
1349 418 
502 80 
75 127 
1835 957 
1345 764 
301 139 
1271 556 
1707 394 
758 81 
967 622 
1592 514 
75 80 
1838 535 
1576 545 
1555 839 
75 84 
74 212 
1343 305 
142 100 
873 80 
1935 864 
75 80 
1666 352 
74 271 
1741 1321 
349 127 
1932 707 
130 440 
80 81 
1353 770 
1856 334 
1596 798 
1934 1605 
1934 378 
1666 515 
167 475 
502 80 
76 196 
1830 569 
1934 796 
1934 685 
75 81 
1925 968 
74 80 
186 377 
1906 424 
1346 657 
1934 925 
1706 518 
1694 107 
1169 462 
457 80 
183 111 
1222 472 
186 101 
1730 254 
103 80 
74 80 
1754 556 
88 79 
1058 82 
502 92 
1292 772 
256 83 
242 81 
1935 945 
210 81 
127 342 
113 79 
1243 675 
1661 947 
1753 777 
1493 867 
614 276 
1229 543 
409 80 
1934 619 
1587 927 
124 80 
108 82 
560 834 
1321 445 
214 81 
1749 773 
75 81 
153 80 
1436 661 
1889 489 
1935 504 
93 377 
1280 591 
1264 955 
321 81 
1935 865 
1319 457 
1635 651 
1933 442 
320 296 
1934 1005 
1934 632 
903 593 
390 354 
1306 885 
163 107 
1934 594 
1375 500 
1195 881 
333 81 
1466 873 
1934 690 
1932 1284 
131 100 
217 135 
910 309 
1933 1403 
114 83 
1932 551 
77 82 
1422 845 
1443 443 
88 82 
77 82 
1456 593 
659 217 
77 102 
1519 358 
1325 225 
1553 735 
78 302 
1932 1270 
88 110 
1790 497 
1681 498 
1932 713 
77 87 
1405 856 
1413 121 
151 90 
835 415 
1649 505 
339 83 
1932 108 
1520 495 
1932 1028 
1597 1045 
1932 364 
80 1500 
721 109 
77 133 
1386 489 
1902 670 
847 370 
1792 406 
1741 1155 
1484 1066 
1488 467 
81 109 
79 192 
1261 589 
1362 83 
1717 691 
1713 82 
79 82 
1932 901 
1270 539 
1714 871 
1932 773 
1136 452 
1312 557 
76 84 
77 95 
1932 235 
1484 439 
1369 390 
632 93 
1666 1166 
1751 814 
77 107 
336 259 
1494 764 
124 97 
1344 328 
1932 82 
1932 83 
81 82 
1576 811 
77 84 
1763 565 
1933 781 
1745 609 
1932 1667 
1932 501 
1856 652 
105 98 
1572 368 
1933 1545 
1933 799 
77 82 
1857 484 
941 83 
1169 653 
1932 589 
1636 618 
1249 283 
80 82 
1738 672 
1932 368 
1365 357 
1932 919 
1932 865 
1932 132 
76 86 
1604 314 
1265 948 
457 82 
1310 322 
1172 782 
1065 230 
1933 907 
125 83 
238 83 
1672 803 
87 83 
1932 823 
1661 675 
77 144 
1932 1009 
81 82 
1758 537 
77 84 
1416 749 
1262 629 
1481 739 
1553 938 
1210 82 
1768 665 
1932 679 
1932 1304 
512 82 
77 83 
226 82 
157 101 
77 83 
1900 941 
1932 836 
353 82 
283 200 
1932 627 
1831 456 
1544 421 
78 148 
1929 1046 
1932 870 
1932 1233 
1932 430 
77 82 
76 83 
1932 491 
1913 999 
1229 550 
904 88 
1537 83 
1932 675 
1046 319 
77 89 
348 315 
77 96 
1932 1591 
77 82 
88 423 
1933 731 
1468 528 
1932 1298 
80 83 
1932 512 
1932 540 
1371 254 
77 83 
1561 731 
789 83 
1448 463 
1805 198 
78 83 
80 88 
92 84 
1932 1185 
1298 362 
107 82 
1932 940 
1845 298 
185 123 
1564 1097 
1808 682 
1928 821 
197 125 
1132 536 
529 83 
685 84 
1028 881 
689 84 
1583 694 
1661 508 
1933 1148 
77 237 
273 84 
1933 1295 
88 82 
1437 1038 
77 100 
1795 907 
82 98 
1434 871 
1370 900 
1933 936 
1933 958 
1509 409 
554 140 
80 82 
202 136 
170 83 
1795 291 
1792 1016 
82 82 
1186 546 
1742 1146 
1932 724 
301 82 
1401 86 
1932 471 
114 106 
76 95 
1775 261 
1932 1333 
1741 484 
78 360 
1259 788 
1157 665 
1708 427 
1932 1025 
77 82 
1932 322 
1360 616 
1286 479 
1587 333 
1933 796 
166 104 
1932 380 
81 1541 
1895 918 
1200 453 
1340 557 
317 220 
135 267 
1407 630 
1651 635 
1932 914 
1932 92 
1665 607 
273 83 
1933 1131 
564 305 
123 91 
1932 722 
1932 1475 
1932 1265 
1430 494 
1658 973 
1419 412 
1933 411 
946 91 
1538 729 
77 116 
1465 764 
83 83 
1752 641 
1934 1343 
1638 626 
1880 680 
433 219 
75 81 
1374 953 
1237 327 
1935 772 
1934 442 
1639 922 
1934 1368 
842 86 
1359 341 
1742 681 
1934 1099 
359 81 
82 81 
75 165 
1934 947 
1934 81 
492 80 
407 85 
74 380 
235 189 
305 80 
733 172 
174 80 
1468 514 
1307 417 
1934 877 
1815 672 
1934 1275 
1935 865 
1796 846 
1935 423 
1725 779 
1934 654 
94 175 
74 83 
1672 910 
74 125 
148 81 
319 80 
1935 154 
1286 902 
1635 688 
92 80 
75 80 
1801 631 
120 808 
79 479 
75 169 
1749 629 
1688 500 
78 81 
355 80 
1851 539 
77 100 
1580 479 
93 217 
1935 204 
1267 398 
402 80 
81 81 
75 275 
1533 526 
610 193 
1934 719 
75 88 
79 84 
1357 282 
75 81 
74 279 
1672 343 
76 80 
862 80 
1709 490 
75 108 
80 93 
200 80 
1417 606 
1399 331 
1830 391 
207 100 
1935 944 
178 82 
1485 673 
1934 1275 
1513 522 
1934 444 
1484 636 
1934 1354 
1676 457 
85 81 
77 337 
305 80 
74 79 
1935 1216 
308 80 
348 315 
1812 474 
1329 628 
1114 81 
1628 407 
1933 555 
95 294 
191 137 
1317 492 
83 179 
1644 1041 
1224 524 
1856 209 
74 80 
76 81 
75 664 
74 82 
275 82 
1933 1102 
1629 705 
137 82 
781 83 
1545 500 
1798 610 
87 406 
1437 731 
442 84 
1613 462 
1173 538 
1501 623 
156 81 
1633 888 
1551 671 
1385 662 
1519 300 
176 83 
82 97 
1425 480 
1588 95 
111 317 
1394 366 
131 1321 
1833 1349 
1564 649 
1606 674 
77 82 
1344 366 
1933 1483 
753 726 
307 82 
78 82 
1933 906 
1933 773 
1479 401 
1605 911 
415 112 
77 237 
77 94 
130 153 
1895 906 
77 83 
1645 773 
1762 946 
374 85 
1700 998 
263 83 
1155 390 
147 82 
77 613 
1933 1102 
130 89 
1737 1234 
89 80 
78 82 
1933 1471 
310 142 
80 93 
1372 379 
77 82 
78 83 
1933 1113 
101 84 
1933 1083 
1932 903 
1697 102 
1769 572 
1408 596 
1933 1150 
380 82 
981 86 
1881 1268 
77 82 
1267 847 
1511 885 
1706 1031 
1754 568 
1719 580 
1932 378 
77 267 
186 102 
1720 962 
1517 1129 
187 82 
1772 641 
1451 443 
831 486 
1933 775 
1673 669 
755 88 
81 88 
1932 1056 
1932 1090 
1684 333 
1933 1421 
296 83 
1744 963 
1656 467 
497 137 
75 98 
286 81 
75 104 
1552 418 
1535 696 
1521 545 
1934 725 
1524 426 
679 81 
1692 642 
1903 531 
75 80 
1934 948 
1917 478 
226 82 
1933 542 
1642 555 
1669 836 
79 86 
92 81 
74 83 
75 80 
254 88 
1934 749 
74 139 
1781 513 
1934 1080 
1634 803 
74 80 
75 80 
75 80 
1618 540 
1686 471 
1934 377 
1766 990 
1934 707 
1934 1355 
1490 595 
1934 1439 
158 262 
1418 579 
1403 718 
1934 1007 
1513 804 
1516 591 
76 131 
1514 552 
141 80 
1934 1409 
1362 927 
642 318 
647 87 
74 82 
1624 1208 
319 123 
390 81 
846 81 
453 558 
1933 80 
840 357 
75 133 
1934 955 
161 184 
904 386 
86 558 
98 80 
1935 901 
1716 654 
1699 771 
75 80 
76 155 
76 333 
1600 724 
1367 384 
162 81 
75 130 
1387 295 
147 81 
379 81 
1432 607 
1932 1329 
1427 547 
77 84 
710 82 
1934 699 
1434 640 
1934 1191 
1532 397 
1932 1104 
1560 493 
1933 1111 
1932 569 
1932 727 
75 219 
105 106 
1769 451 
77 82 
76 500 
1256 805 
215 81 
105 86 
1519 655 
1650 641 
1529 395 
81 230 
269 81 
77 83 
1921 834 
408 288 
76 223 
76 252 
1675 80 
76 81 
75 197 
1483 330 
940 81 
1934 1513 
84 81 
1933 1193 
199 97 
1825 692 
1665 718 
1874 319 
88 81 
1182 613 
1442 540 
1287 904 
1525 641 
75 80 
1652 754 
1568 1039 
1934 1130 
1795 682 
620 684 
1934 790 
1617 833 
1295 737 
75 81 
604 253 
1934 568 
1618 581 
1505 435 
114 156 
1935 809 
76 81 
75 81 
100 81 
1934 878 
1210 606 
1564 488 
1244 690 
1617 522 
1741 511 
886 864 
1766 497 
77 89 
1749 1391 
971 553 
79 100 
1560 556 
1141 618 
1934 857 
1394 994 
151 275 
913 86 
76 238 
1933 721 
1934 744 
1685 700 
1351 86 
1669 1172 
426 83 
1795 829 
742 81 
75 81 
79 121 
138 80 
1935 811 
353 137 
76 82 
1447 481 
74 249 
1935 1379 
759 243 
1434 414 
1296 391 
1156 712 
1424 372 
582 81 
78 724 
453 100 
77 82 
77 82 
793 108 
263 84 
1932 82 
1934 783 
76 230 
1536 840 
754 86 
1726 879 
145 136 
480 83 
77 85 
1708 1168 
1495 437 
498 80 
132 81 
1665 942 
545 347 
389 110 
1933 1238 
1934 1180 
1936 715 
1932 640 
1934 864 
1875 790 
275 81 
1872 674 
216 99 
75 82 
77 88 
1593 502 
1055 303 
1193 887 
1290 88 
1748 1376 
79 80 
186 91 
1934 870 
1934 1167 
1554 656 
1634 604 
1015 775 
1642 523 
1933 842 
442 83 
1934 942 
1269 629 
1738 789 
1933 895 
1934 1517 
1225 535 
1466 626 
75 683 
77 82 
689 81 
1759 598 
1293 401 
476 82 
1573 382 
433 82 
1697 509 
1558 531 
1380 608 
1933 1355 
96 364 
76 124 
1932 135 
83 105 
1678 390 
91 174 
1801 945 
1908 706 
1731 498 
214 222 
1667 1022 
77 86 
1933 1602 
1234 755 
358 123 
1804 577 
1760 738 
1728 807 
1688 927 
75 80 
1207 185 
1934 876 
75 82 
1830 562 
1932 436 
1361 484 
77 925 
342 83 
1394 911 
1349 81 
1681 696 
1888 743 
75 82 
1935 559 
1623 1051 
549 81 
77 82 
1670 761 
1934 1352 
1369 481 
763 126 
1935 812 
101 83 
1545 557 
77 85 
78 82 
1326 452 
75 97 
581 97 
77 83 
1667 587 
79 82 
1155 459 
1638 1151 
1035 178 
1935 920 
1706 557 
1240 745 
1737 491 
182 89 
1371 325 
683 250 
1934 1296 
76 82 
1761 404 
781 512 
159 126 
1670 506 
77 82 
78 107 
1355 372 
1935 812 
1933 1049 
1555 551 
75 80 
1203 300 
1932 575 
1588 330 
74 80 
1932 754 
1932 464 
1518 706 
1117 666 
1636 552 
1935 525 
1932 710 
1404 363 
1005 204 
1694 687 
76 81 
1932 1507 
75 167 
125 82 
247 85 
77 345 
1552 372 
1901 791 
1775 256 
320 83 
1399 748 
127 82 
75 81 
1932 790 
1375 306 
91 85 
1560 834 
75 81 
109 301 
426 83 
1932 713 
91 82 
1932 800 
880 83 
371 85 
1934 1316 
1715 807 
80 197 
1563 1162 
273 275 
1890 558 
1865 443 
122 82 
77 82 
77 83 
77 83 
1932 376 
1109 388 
914 795 
1810 606 
82 597 
1382 915 
977 633 
1592 394 
1932 1430 
119 82 
1660 1359 
1314 576 
1205 567 
865 83 
1611 686 
77 82 
1932 303 
1899 809 
1661 811 
78 131 
1832 728 
1933 1355 
1354 623 
1723 681 
1206 305 
1932 622 
1223 432 
102 152 
770 425 
1225 436 
1268 496 
1932 529 
163 90 
1430 158 
1933 1484 
1934 743 
1891 584 
1933 1372 
795 83 
1932 1472 
1296 554 
748 265 
569 1414 
746 91 
1862 359 
1934 643 
1614 456 
300 83 
1934 917 
1855 865 
1934 1648 
1343 766 
76 81 
1934 771 
74 140 
1738 799 
1934 1073 
1531 519 
77 123 
76 80 
78 82 
1295 660 
99 81 
1933 81 
277 80 
1934 1223 
1718 1025 
234 143 
1131 665 
1933 674 
75 83 
1893 728 
1934 1016 
1369 952 
1932 619 
75 141 
1314 701 
1716 541 
1252 613 
1912 671 
1932 426 
188 81 
1932 1150 
86 83 
1522 713 
75 92 
1725 799 
515 82 
1666 1211 
1894 532 
927 353 
1763 573 
1447 862 
1243 738 
79 599 
449 81 
148 82 
238 81 
239 81 
1298 459 
1542 1080 
75 350 
375 157 
75 81 
1431 1436 
1444 524 
1399 589 
1561 386 
1322 559 
1934 1292 
891 429 
1934 672 
164 84 
1049 151 
76 81 
246 97 
1708 900 
74 81 
1933 496 
1750 1131 
1426 315 
1934 1205 
1484 653 
1934 727 
129 81 
1734 417 
1553 676 
537 116 
1478 906 
1551 796 
1475 767 
1726 853 
75 454 
1766 740 
76 81 
1932 982 
75 82 
75 123 
226 210 
257 266 
75 100 
130 84 
1795 544 
75 82 
172 80 
1480 477 
1671 545 
1385 691 
1331 336 
82 286 
614 83 
212 392 
1549 374 
296 81 
77 224 
1595 775 
1901 656 
1935 1624 
1388 580 
116 769 
1463 568 
1377 1437 
75 81 
1546 660 
90 264 
242 82 
77 85 
1665 820 
1732 320 
1531 608 
1345 618 
234 226 
258 80 
1804 730 
459 304 
78 82 
1935 1179 
1933 852 
75 80 
1366 461 
1380 814 
559 81 
112 99 
218 84 
1353 455 
75 146 
75 82 
75 82 
1431 748 
1932 880 
1935 684 
1876 1399 
1390 769 
1934 903 
129 182 
1934 918 
102 138 
1932 693 
906 127 
1935 712 
1731 448 
1891 1317 
1189 659 
1934 503 
889 81 
1934 801 
1855 692 
1146 1021 
77 81 
1655 695 
1439 549 
79 81 
1649 831 
1934 1171 
1151 292 
1411 420 
338 83 
1744 695 
1776 564 
1491 480 
103 99 
1846 1078 
1691 801 
1608 291 
1934 514 
1933 543 
692 84 
76 308 
1269 777 
278 108 
1813 576 
76 82 
1935 1497 
1518 392 
1831 528 
1894 774 
257 84 
142 144 
1621 730 
1890 787 
1799 457 
1103 504 
1872 686 
1932 287 
1887 593 
79 172 
200 82 
126 82 
82 82 
1819 905 
302 81 
1575 399 
1618 579 
1210 409 
601 81 
149 108 
1487 80 
158 83 
1932 82 
1807 629 
1932 789 
1692 931 
1932 1622 
1551 606 
84 289 
77 444 
1932 811 
1805 668 
1850 778 
1592 372 
525 81 
1839 669 
1787 137 
191 81 
1934 703 
904 105 
1211 415 
79 83 
75 89 
1679 483 
1932 612 
1662 901 
1519 765 
1465 682 
1932 1171 
310 85 
79 82 
76 98 
1322 621 
1920 561 
1472 635 
1602 1270 
1378 863 
1800 1326 
1299 645 
585 81 
1876 554 
1934 1245 
1593 915 
78 81 
1735 756 
1904 871 
1934 741 
131 88 
75 193 
1801 957 
1417 465 
1013 149 
1933 416 
1933 595 
1535 944 
1795 580 
78 86 
226 964 
80 277 
129 82 
1815 1278 
1302 466 
1908 789 
1919 545 
355 81 
595 81 
1503 305 
1638 269 
77 161 
1513 172 
403 82 
1017 83 
1484 705 
644 83 
1632 909 
1527 610 
1894 880 
1935 718 
696 81 
81 81 
1650 700 
1932 1017 
1605 561 
1514 684 
1880 365 
1375 83 
1581 618 
1932 1003 
1686 814 
1730 627 
1834 727 
1932 712 
1933 81 
1089 409 
94 86 
1932 742 
1796 501 
77 82 
143 83 
375 82 
76 515 
179 360 
1888 420 
287 81 
1373 586 
77 163 
1934 1032 
265 188 
1734 566 
1821 702 
81 137 
434 83 
117 85 
1932 1216 
1499 647 
1932 636 
627 83 
1932 1115 
1932 658 
1932 673 
1335 849 
1643 354 
92 82 
84 82 
1934 967 
79 81 
75 81 
1934 911 
1519 379 
76 80 
1932 165 
1773 717 
1618 690 
1403 598 
116 81 
1908 918 
74 80 
1456 438 
76 123 
1799 508 
1601 882 
1762 993 
218 84 
76 89 
1409 646 
1468 367 
317 108 
1934 1649 
653 81 
74 145 
1553 547 
1408 447 
77 82 
77 82 
109 89 
1702 723 
77 83 
1934 413 
77 273 
1359 750 
75 87 
341 81 
79 436 
80 81 
632 84 
1327 604 
1932 1510 
194 160 
352 117 
1346 830 
1932 806 
1932 641 
