770 450 
749 116 
608 144 
675 222 
63 72 
275 79 
573 195 
731 329 
1114 160 
859 307 
356 236 
373 89 
644 361 
228 79 
550 330 
355 180 
65 71 
64 75 
758 169 
665 239 
527 291 
870 386 
394 126 
1613 301 
830 312 
246 282 
542 301 
372 435 
967 548 
375 180 
456 145 
1941 939 
340 156 
398 106 
1002 719 
726 170 
322 201 
995 519 
622 537 
1054 411 
1075 388 
424 172 
420 79 
509 76 
65 71 
480 108 
531 208 
1585 282 
567 71 
79 74 
1183 463 
647 268 
690 126 
710 386 
372 183 
508 214 
640 132 
426 234 
501 138 
1005 137 
63 74 
745 159 
1206 284 
862 328 
490 246 
803 400 
307 170 
66 71 
396 367 
454 99 
442 95 
1588 78 
678 522 
229 90 
1312 829 
955 174 
507 196 
136 87 
1146 462 
705 82 
75 70 
421 232 
623 247 
553 264 
834 261 
643 175 
502 105 
465 286 
582 80 
623 301 
455 82 
392 520 
513 188 
640 262 
427 259 
585 75 
953 401 
453 92 
813 292 
269 139 
635 465 
1118 258 
822 641 
426 129 
254 197 
537 74 
445 153 
352 89 
1001 339 
513 188 
503 254 
716 174 
271 129 
437 166 
488 170 
1158 136 
465 279 
643 321 
293 89 
1941 817 
647 230 
1093 397 
493 160 
355 185 
540 303 
1638 680 
659 221 
316 182 
407 128 
304 118 
548 139 
733 775 
1097 89 
464 383 
1114 153 
454 131 
63 70 
325 213 
66 72 
467 204 
1122 121 
496 123 
909 795 
253 258 
560 213 
1022 308 
665 210 
655 214 
361 288 
729 235 
196 71 
965 266 
372 323 
720 228 
385 119 
376 129 
677 149 
421 243 
553 123 
393 126 
452 251 
289 109 
506 370 
254 95 
579 282 
1146 294 
481 184 
240 82 
294 79 
233 222 
484 484 
624 79 
352 113 
1450 326 
486 293 
329 170 
522 425 
296 72 
985 221 
219 183 
445 274 
343 296 
1076 656 
569 305 
441 143 
65 115 
416 253 
490 228 
65 75 
348 85 
521 169 
557 189 
656 146 
321 144 
66 180 
290 351 
877 307 
425 79 
641 111 
943 316 
1361 291 
548 165 
494 281 
930 555 
452 263 
438 546 
358 198 
472 83 
389 299 
686 291 
278 98 
496 813 
475 157 
388 224 
402 114 
177 71 
1264 131 
547 296 
580 207 
437 75 
1063 488 
791 235 
939 199 
1359 663 
65 76 
562 489 
1415 105 
692 566 
489 155 
699 251 
977 176 
508 247 
344 218 
558 600 
578 664 
842 510 
511 141 
781 469 
568 109 
65 93 
1315 697 
986 125 
437 181 
238 119 
815 219 
649 215 
65 72 
200 71 
65 73 
1941 1667 
477 192 
860 199 
775 562 
385 152 
394 143 
436 164 
212 88 
916 177 
518 236 
913 71 
436 128 
1134 310 
687 297 
587 259 
768 576 
471 139 
366 176 
405 194 
398 262 
465 312 
379 79 
649 455 
421 141 
361 111 
484 103 
689 218 
286 96 
1026 237 
377 142 
633 80 
1255 882 
314 116 
437 92 
389 369 
516 228 
958 427 
261 150 
720 144 
456 133 
398 93 
466 158 
477 135 
459 142 
412 156 
287 349 
806 504 
588 104 
465 119 
1018 79 
864 125 
683 166 
649 381 
544 199 
543 100 
348 76 
492 154 
704 250 
715 216 
674 165 
228 107 
387 136 
832 347 
402 159 
569 282 
1938 180 
631 281 
710 146 
516 103 
551 91 
544 187 
1038 71 
564 125 
901 89 
480 239 
371 114 
313 89 
254 75 
371 337 
343 167 
245 116 
363 209 
246 153 
1556 490 
895 444 
124 71 
474 99 
398 198 
707 199 
565 100 
1450 1234 
63 71 
1795 667 
644 392 
370 120 
639 73 
531 173 
814 513 
208 100 
463 322 
1386 752 
1129 159 
315 256 
1941 743 
897 316 
558 182 
63 71 
503 111 
460 129 
528 176 
99 185 
274 101 
416 225 
551 352 
513 278 
237 94 
422 195 
585 243 
1325 96 
930 226 
633 267 
68 71 
72 71 
647 90 
660 254 
536 76 
764 171 
1178 91 
446 222 
802 221 
1547 162 
1752 554 
1450 1355 
707 145 
553 87 
547 154 
603 236 
1251 244 
386 142 
649 347 
836 72 
102 76 
528 217 
436 117 
445 216 
552 250 
512 131 
87 73 
1463 600 
403 149 
1031 361 
458 83 
79 71 
274 83 
462 91 
821 425 
63 71 
132 70 
1173 604 
682 263 
648 170 
549 202 
798 156 
904 91 
588 104 
490 151 
1259 683 
311 75 
330 95 
497 92 
497 79 
1085 306 
537 143 
798 245 
474 222 
384 261 
357 264 
571 158 
724 212 
292 100 
459 183 
1533 1000 
320 82 
533 178 
818 402 
519 135 
655 228 
258 99 
455 174 
365 719 
550 101 
710 172 
63 70 
336 222 
588 210 
1029 675 
515 121 
496 276 
456 578 
947 344 
63 153 
388 171 
324 128 
808 442 
574 203 
1138 184 
628 422 
1757 665 
1066 677 
503 121 
370 254 
63 132 
493 311 
360 170 
76 73 
544 216 
959 140 
610 198 
1123 395 
392 168 
207 71 
64 73 
1270 281 
1095 343 
496 255 
608 169 
247 138 
822 1038 
761 81 
364 156 
1605 1055 
601 306 
63 93 
418 105 
711 415 
512 208 
1203 349 
1150 367 
789 188 
470 174 
381 107 
734 361 
316 239 
327 84 
338 177 
1525 1035 
1215 590 
400 102 
405 217 
65 71 
560 239 
529 250 
1169 321 
173 71 
473 140 
309 107 
1014 509 
1611 972 
785 238 
473 79 
516 212 
802 694 
309 112 
499 71 
530 85 
501 477 
585 99 
148 77 
441 93 
159 71 
71 71 
541 131 
486 142 
543 173 
808 283 
320 91 
404 79 
426 347 
494 77 
436 162 
282 262 
64 77 
394 225 
484 366 
896 279 
789 893 
555 591 
796 385 
895 84 
1087 219 
279 80 
375 105 
189 71 
287 79 
430 232 
225 96 
544 425 
430 84 
761 271 
63 77 
309 231 
412 84 
660 125 
598 469 
517 228 
376 80 
847 463 
330 88 
810 338 
302 184 
724 208 
298 86 
436 180 
490 171 
384 123 
445 136 
830 706 
444 397 
404 139 
356 97 
373 136 
1941 84 
572 199 
574 252 
1310 726 
754 370 
457 311 
967 88 
496 139 
689 784 
304 84 
841 197 
496 106 
291 160 
1162 480 
732 223 
108 72 
473 211 
420 106 
227 89 
351 172 
615 236 
1941 507 
745 94 
378 159 
63 110 
320 160 
136 71 
1275 798 
493 124 
340 116 
399 170 
350 484 
618 658 
697 159 
668 191 
812 497 
883 208 
886 280 
382 111 
388 183 
430 102 
426 114 
475 105 
283 140 
274 146 
1693 866 
389 175 
623 240 
615 255 
509 127 
465 309 
709 796 
169 72 
65 71 
588 323 
519 195 
822 98 
582 136 
483 170 
706 101 
588 88 
333 218 
290 256 
458 114 
640 146 
65 121 
1241 888 
476 125 
1402 321 
546 347 
596 108 
63 74 
1253 355 
553 469 
411 86 
538 150 
1173 374 
615 459 
518 72 
511 237 
429 177 
766 96 
1196 113 
69 73 
407 175 
554 203 
459 197 
587 187 
556 284 
369 91 
441 95 
168 70 
425 147 
463 299 
1496 298 
693 259 
843 343 
301 100 
915 95 
633 206 
455 429 
364 151 
296 181 
937 175 
446 221 
327 425 
596 229 
566 221 
409 129 
395 172 
367 425 
474 149 
286 115 
509 174 
651 160 
934 645 
517 619 
430 96 
384 180 
215 116 
545 357 
1230 733 
398 132 
428 78 
160 71 
833 370 
377 108 
400 127 
1101 157 
298 78 
416 275 
560 110 
318 124 
619 109 
411 115 
760 260 
372 91 
586 124 
764 361 
574 75 
177 684 
239 71 
529 108 
363 86 
1087 165 
997 379 
1035 654 
665 186 
779 203 
594 203 
63 74 
178 72 
580 242 
594 416 
110 74 
347 100 
138 72 
333 91 
63 71 
636 132 
439 152 
494 102 
635 177 
653 311 
358 187 
880 289 
469 198 
437 124 
478 96 
411 92 
516 147 
805 472 
306 115 
338 225 
490 188 
877 207 
200 298 
507 561 
927 167 
63 70 
425 128 
669 86 
458 392 
333 257 
658 447 
692 86 
360 348 
722 85 
1278 754 
566 472 
563 356 
582 221 
1022 874 
843 299 
413 159 
375 323 
802 142 
870 405 
473 123 
898 282 
353 310 
466 124 
256 99 
1324 623 
786 583 
655 141 
1360 371 
548 199 
1172 333 
531 126 
368 225 
896 378 
377 121 
551 311 
723 280 
466 82 
739 339 
880 230 
496 85 
634 246 
517 73 
904 259 
567 344 
1003 767 
700 524 
550 92 
187 131 
885 459 
589 249 
368 173 
95 71 
399 157 
817 102 
421 161 
1262 666 
493 105 
410 177 
694 460 
571 75 
1127 1006 
564 171 
558 175 
286 72 
423 506 
301 412 
509 143 
467 301 
351 74 
1582 816 
179 165 
980 310 
668 101 
1858 83 
373 113 
457 97 
94 72 
933 452 
393 72 
514 286 
468 354 
343 336 
734 229 
519 229 
402 340 
507 153 
604 264 
125 92 
1141 74 
517 115 
862 169 
1209 834 
422 411 
63 71 
370 109 
409 155 
515 102 
910 269 
579 792 
822 464 
830 400 
480 459 
436 154 
535 128 
88 142 
72 71 
409 295 
541 305 
539 74 
638 373 
628 331 
692 229 
846 811 
1009 180 
538 186 
418 155 
804 869 
575 86 
84 71 
810 360 
64 74 
265 84 
504 252 
447 545 
394 179 
627 212 
196 87 
1124 182 
345 124 
571 235 
1230 670 
821 398 
398 124 
594 177 
414 83 
358 197 
741 149 
570 394 
254 105 
701 253 
472 181 
1313 230 
316 78 
420 239 
209 84 
1941 954 
355 193 
602 271 
340 135 
64 81 
1147 353 
520 210 
1255 495 
862 446 
605 163 
975 150 
461 990 
518 230 
225 194 
284 96 
661 412 
571 304 
235 71 
868 210 
713 238 
566 188 
1301 652 
486 170 
1132 366 
562 290 
641 357 
396 188 
827 229 
458 302 
283 176 
324 228 
1072 822 
1807 802 
180 114 
1454 295 
305 167 
1522 516 
379 95 
480 244 
744 278 
509 251 
563 437 
580 232 
624 197 
558 307 
543 204 
595 328 
436 284 
726 466 
692 410 
771 198 
377 206 
1056 462 
413 135 
682 722 
952 95 
379 289 
494 91 
526 132 
658 76 
1018 248 
561 198 
520 260 
667 210 
245 280 
992 544 
205 159 
1137 201 
483 172 
482 148 
274 117 
63 88 
352 187 
421 1717 
809 181 
818 106 
151 73 
706 479 
462 109 
546 177 
516 392 
294 80 
652 359 
659 185 
419 101 
196 83 
606 153 
349 88 
836 467 
798 178 
331 163 
599 266 
428 174 
268 94 
1142 774 
1414 731 
506 330 
547 78 
430 75 
472 116 
1066 216 
796 232 
582 146 
302 193 
63 77 
454 272 
392 128 
695 176 
700 519 
693 372 
576 168 
328 136 
426 771 
373 124 
362 407 
620 688 
160 73 
560 271 
498 178 
877 221 
284 149 
1227 403 
739 228 
279 90 
628 558 
316 167 
769 338 
568 435 
361 76 
264 92 
398 180 
631 267 
327 183 
142 71 
252 83 
328 236 
1049 92 
64 71 
465 312 
608 143 
486 310 
708 363 
482 153 
383 116 
608 166 
1238 107 
455 111 
377 295 
119 76 
706 228 
346 88 
101 71 
447 140 
494 308 
759 78 
347 83 
1151 414 
674 184 
937 330 
412 81 
317 217 
671 72 
394 171 
829 360 
211 112 
1145 302 
362 92 
1941 1398 
341 190 
401 123 
268 167 
533 79 
835 413 
717 248 
399 80 
73 76 
538 232 
919 378 
1023 594 
425 90 
521 97 
827 407 
475 105 
697 942 
807 188 
120 70 
414 212 
341 103 
635 106 
308 230 
283 71 
788 102 
1728 632 
777 134 
462 96 
689 141 
398 76 
623 310 
712 136 
1265 72 
572 133 
457 225 
759 172 
88 73 
341 107 
431 148 
374 160 
843 116 
520 308 
462 130 
866 339 
601 247 
649 230 
526 118 
428 177 
646 251 
670 413 
654 254 
362 130 
486 119 
745 437 
823 382 
480 140 
63 71 
233 92 
613 210 
64 71 
286 256 
988 279 
1444 438 
390 181 
448 152 
265 74 
141 234 
68 92 
860 158 
295 203 
1065 229 
469 254 
335 125 
147 73 
1236 678 
613 220 
535 247 
362 166 
569 205 
537 391 
370 104 
73 72 
685 168 
785 92 
825 224 
1141 763 
416 276 
414 143 
334 765 
852 498 
63 71 
686 184 
591 75 
297 290 
398 211 
64 113 
584 573 
342 150 
531 320 
390 211 
307 83 
927 298 
572 288 
611 385 
484 225 
953 587 
561 131 
265 320 
1544 290 
232 154 
417 131 
85 613 
65 72 
533 73 
64 73 
505 266 
665 128 
653 640 
407 198 
1446 447 
452 168 
594 87 
717 256 
580 141 
513 224 
712 253 
434 97 
983 208 
538 258 
303 143 
1459 660 
604 142 
488 358 
638 146 
258 97 
815 172 
472 235 
448 181 
623 72 
743 232 
669 148 
804 458 
486 145 
873 269 
419 124 
637 596 
344 209 
822 87 
643 302 
525 208 
514 158 
263 131 
674 169 
980 890 
403 181 
433 145 
610 140 
530 141 
479 219 
283 161 
1103 449 
565 98 
912 352 
446 341 
873 684 
151 681 
261 159 
506 170 
517 404 
423 369 
847 241 
63 74 
821 113 
749 204 
504 394 
483 461 
581 231 
621 218 
64 72 
321 154 
175 82 
400 301 
307 335 
619 223 
693 108 
224 72 
617 149 
426 153 
1009 494 
1525 562 
1110 955 
348 116 
589 107 
522 650 
108 103 
411 99 
497 90 
190 119 
268 90 
293 141 
66 70 
417 406 
153 1542 
488 221 
524 100 
265 120 
906 116 
135 309 
841 669 
633 277 
417 246 
399 181 
531 285 
551 192 
876 259 
700 410 
65 80 
594 194 
426 345 
551 194 
568 84 
565 193 
435 103 
334 307 
746 337 
528 222 
286 87 
78 82 
99 71 
632 343 
519 128 
1177 157 
727 205 
408 220 
666 196 
757 106 
550 387 
446 91 
536 92 
795 438 
1039 242 
64 70 
64 71 
707 182 
590 175 
1065 109 
948 470 
358 248 
480 494 
511 102 
458 81 
412 83 
334 100 
665 323 
506 192 
470 72 
485 197 
1115 254 
463 431 
203 122 
537 96 
244 184 
216 94 
380 140 
809 107 
71 71 
376 236 
644 296 
250 81 
526 161 
305 126 
560 568 
538 173 
523 172 
505 127 
414 161 
1152 72 
216 85 
917 174 
752 1003 
488 150 
417 72 
1002 607 
401 123 
330 104 
119 570 
713 119 
571 231 
530 374 
436 88 
1054 297 
421 524 
765 673 
585 153 
911 153 
770 193 
64 146 
629 593 
520 93 
577 497 
774 102 
573 167 
538 192 
63 103 
973 242 
464 86 
455 357 
877 181 
1196 221 
608 173 
200 186 
388 100 
69 72 
349 136 
336 86 
1318 539 
298 132 
332 91 
1043 971 
634 308 
63 716 
160 194 
603 82 
156 76 
558 138 
228 136 
743 288 
63 73 
865 255 
323 122 
344 193 
215 229 
494 219 
996 316 
794 612 
430 195 
267 108 
349 227 
358 288 
889 220 
416 139 
405 195 
683 827 
844 101 
445 119 
589 531 
131 73 
587 165 
63 74 
424 104 
599 470 
491 283 
452 235 
660 102 
483 173 
356 99 
354 196 
63 73 
670 99 
326 131 
1108 259 
1940 931 
414 260 
452 195 
845 353 
473 364 
296 180 
613 239 
436 71 
635 196 
277 71 
810 186 
1417 1142 
373 134 
451 375 
520 107 
910 324 
561 122 
278 75 
63 72 
1179 207 
1715 227 
255 218 
823 189 
560 88 
668 220 
336 188 
767 720 
320 202 
446 105 
808 389 
961 1053 
520 122 
571 204 
378 321 
618 124 
460 117 
1072 275 
737 118 
298 76 
327 170 
107 73 
611 342 
624 155 
443 191 
419 231 
544 240 
629 245 
426 275 
816 217 
739 311 
1019 170 
713 510 
94 145 
382 123 
679 126 
1012 433 
699 253 
205 165 
585 138 
205 131 
835 85 
546 153 
621 240 
776 571 
635 296 
396 81 
704 135 
197 110 
969 296 
303 72 
63 74 
837 287 
493 93 
966 315 
377 71 
1183 74 
357 164 
492 102 
552 229 
1053 231 
618 85 
366 114 
451 159 
877 438 
845 296 
165 72 
788 341 
356 131 
1108 268 
369 114 
546 526 
892 398 
431 208 
345 101 
1102 331 
606 219 
928 315 
1144 108 
838 670 
518 185 
485 113 
513 80 
1376 465 
657 566 
456 85 
270 126 
302 365 
422 99 
519 191 
840 246 
578 324 
213 337 
414 103 
430 279 
411 211 
713 151 
190 118 
362 126 
491 231 
997 376 
374 280 
125 73 
1018 133 
305 89 
449 71 
431 194 
744 371 
63 78 
482 209 
882 268 
691 79 
502 215 
1083 289 
546 434 
687 128 
440 183 
651 218 
1011 392 
483 172 
371 87 
425 194 
478 99 
1174 312 
572 354 
516 201 
443 178 
428 96 
723 333 
876 305 
440 282 
699 184 
426 378 
1124 292 
263 109 
344 131 
343 171 
597 305 
1237 772 
456 165 
925 303 
639 186 
476 87 
413 180 
612 476 
157 71 
411 246 
297 75 
1019 126 
610 315 
1453 647 
722 104 
578 99 
617 183 
405 138 
1127 126 
272 154 
431 99 
810 342 
604 210 
341 117 
354 212 
733 156 
732 318 
565 387 
1203 678 
559 216 
368 305 
67 81 
770 183 
1187 400 
1041 378 
789 241 
75 70 
235 103 
468 209 
583 215 
67 190 
292 185 
501 371 
565 231 
743 191 
500 149 
349 136 
506 106 
319 86 
847 248 
671 131 
383 90 
363 128 
63 73 
583 125 
652 153 
267 113 
796 161 
455 81 
431 87 
313 357 
346 164 
369 175 
799 409 
386 159 
456 163 
1036 462 
322 109 
385 186 
305 76 
67 126 
559 113 
226 544 
399 201 
522 183 
948 375 
571 190 
654 115 
376 203 
321 247 
404 355 
393 122 
533 197 
615 161 
836 249 
818 157 
405 130 
546 89 
943 232 
578 125 
365 133 
255 74 
721 371 
294 358 
709 514 
408 99 
420 144 
388 388 
964 264 
371 162 
460 158 
628 87 
858 336 
621 351 
563 321 
700 175 
603 93 
291 117 
594 379 
358 127 
896 320 
73 71 
104 95 
444 159 
871 260 
1186 682 
887 136 
339 160 
516 124 
311 217 
472 295 
1941 442 
384 135 
824 270 
1043 325 
319 196 
92 71 
633 313 
466 146 
469 277 
169 71 
1051 237 
576 151 
505 206 
494 91 
570 172 
396 71 
442 94 
523 153 
265 98 
144 72 
539 455 
613 295 
577 279 
923 109 
1035 176 
508 144 
465 110 
406 634 
328 146 
317 207 
531 124 
400 238 
118 261 
688 173 
148 144 
407 119 
755 543 
557 126 
485 141 
1355 1022 
685 83 
297 273 
1539 237 
824 277 
822 95 
308 497 
543 330 
446 182 
402 153 
565 95 
869 110 
346 128 
63 98 
1577 299 
508 107 
526 241 
1211 291 
573 178 
912 467 
435 96 
745 161 
647 200 
338 138 
63 71 
1122 90 
583 164 
1126 189 
573 373 
1120 159 
439 152 
311 390 
64 71 
550 271 
257 85 
156 71 
532 155 
545 253 
643 194 
600 151 
553 88 
364 164 
250 421 
1261 75 
281 148 
435 108 
563 195 
1332 106 
356 93 
764 247 
590 115 
496 127 
563 155 
1197 272 
1231 496 
1054 800 
465 139 
64 71 
147 71 
771 202 
284 205 
616 114 
468 240 
354 119 
841 261 
518 590 
1602 161 
440 120 
1068 392 
222 256 
606 113 
532 155 
467 219 
649 181 
951 176 
287 75 
884 975 
516 234 
462 218 
503 175 
704 214 
1462 95 
526 166 
408 120 
594 296 
367 144 
432 226 
63 81 
537 251 
740 299 
449 283 
1207 325 
1394 569 
148 77 
736 328 
373 346 
545 147 
443 133 
612 79 
480 189 
69 71 
436 163 
801 321 
276 73 
467 199 
65 78 
301 368 
407 71 
992 241 
441 97 
459 112 
737 219 
419 207 
263 94 
522 168 
546 257 
63 70 
238 156 
204 114 
71 70 
461 127 
836 234 
394 441 
266 154 
64 155 
709 146 
499 149 
690 253 
370 153 
64 129 
802 794 
796 426 
1235 165 
763 157 
1417 493 
475 684 
503 240 
468 295 
787 270 
547 170 
63 70 
64 77 
316 78 
320 99 
1043 227 
646 932 
374 192 
1661 183 
953 365 
390 102 
793 103 
423 184 
341 216 
291 166 
303 144 
490 154 
912 212 
504 98 
630 85 
585 201 
442 194 
463 71 
865 183 
363 125 
388 82 
452 85 
662 168 
1087 488 
703 282 
331 72 
334 86 
533 231 
75 75 
606 141 
805 360 
812 310 
794 304 
485 305 
333 109 
716 262 
847 218 
606 158 
809 133 
370 135 
370 159 
770 433 
401 121 
497 72 
505 103 
786 319 
564 334 
413 167 
488 259 
482 99 
507 174 
982 680 
421 277 
509 263 
996 259 
326 303 
182 98 
63 72 
612 141 
418 242 
535 106 
418 112 
523 668 
372 144 
395 155 
749 441 
1777 75 
302 166 
772 312 
68 359 
66 71 
73 95 
64 193 
81 134 
748 276 
393 119 
494 290 
558 107 
1568 588 
506 100 
388 89 
802 250 
63 122 
64 84 
375 177 
1421 505 
330 112 
599 244 
586 420 
409 246 
787 138 
839 175 
733 82 
355 207 
64 71 
961 701 
939 328 
468 143 
413 305 
268 85 
389 108 
942 326 
858 330 
431 275 
680 358 
1668 261 
782 305 
323 225 
1578 530 
452 107 
447 171 
63 70 
1272 235 
547 487 
746 76 
720 197 
490 136 
391 721 
457 145 
966 326 
67 71 
63 349 
576 137 
272 114 
724 142 
344 197 
921 71 
640 277 
459 87 
327 121 
817 265 
1942 1569 
316 143 
306 88 
240 102 
1071 563 
1342 788 
831 538 
612 399 
80 337 
594 136 
549 82 
432 139 
655 196 
465 193 
70 71 
308 144 
1890 1160 
893 393 
696 142 
63 75 
607 401 
1499 561 
325 179 
538 382 
313 189 
763 180 
669 173 
110 74 
603 86 
143 75 
328 203 
826 281 
117 107 
727 369 
801 290 
450 169 
1942 773 
512 328 
506 317 
1187 127 
477 72 
899 284 
489 106 
367 155 
327 203 
592 143 
234 189 
1194 423 
1058 117 
529 120 
381 88 
849 305 
416 256 
337 218 
287 225 
729 420 
846 446 
63 73 
64 72 
1043 347 
65 84 
621 245 
363 77 
444 84 
712 163 
445 141 
434 103 
442 77 
1513 491 
415 167 
564 289 
292 119 
78 71 
62 81 
401 132 
1110 284 
303 232 
497 401 
623 385 
655 236 
314 280 
875 279 
673 365 
64 123 
691 129 
68 70 
1458 461 
488 139 
320 121 
644 252 
373 216 
597 124 
804 220 
797 155 
626 74 
677 369 
885 843 
293 279 
769 277 
849 185 
587 91 
352 310 
453 1276 
449 556 
370 88 
489 225 
504 102 
447 83 
381 179 
529 191 
380 110 
490 111 
884 521 
424 147 
1095 563 
481 165 
519 264 
532 209 
564 331 
452 85 
584 252 
88 70 
1485 157 
397 155 
855 215 
66 72 
262 101 
552 227 
541 497 
468 97 
99 96 
956 291 
379 160 
593 185 
64 71 
554 278 
339 107 
101 71 
669 404 
409 156 
565 170 
95 70 
64 71 
357 228 
511 118 
492 164 
952 76 
344 178 
297 201 
792 559 
500 80 
1918 612 
1025 77 
328 171 
662 105 
86 230 
470 114 
424 123 
524 168 
476 215 
1157 632 
669 531 
492 204 
468 175 
105 73 
446 223 
832 254 
1211 495 
536 307 
510 303 
436 730 
578 143 
301 169 
765 202 
213 88 
322 118 
639 268 
69 71 
738 361 
1194 316 
589 112 
521 83 
731 88 
978 348 
223 146 
357 384 
703 293 
472 145 
906 408 
1018 332 
664 774 
1049 420 
1105 224 
549 170 
408 281 
660 189 
63 80 
128 72 
695 134 
463 218 
566 188 
891 452 
260 159 
217 74 
531 349 
1049 317 
418 90 
396 229 
1755 381 
1011 186 
517 91 
271 93 
392 239 
311 324 
407 219 
550 144 
869 111 
63 91 
204 243 
66 79 
627 176 
93 73 
373 80 
888 356 
645 171 
417 140 
647 195 
499 137 
736 792 
401 413 
819 220 
651 462 
400 169 
447 211 
593 286 
318 773 
405 75 
388 142 
801 248 
447 121 
440 88 
423 102 
691 286 
1432 71 
500 70 
771 115 
322 266 
452 223 
531 118 
65 71 
448 78 
396 77 
166 71 
366 115 
956 452 
428 214 
1091 367 
441 180 
411 178 
902 227 
72 71 
1158 201 
613 71 
575 414 
371 153 
335 191 
82 710 
565 164 
364 88 
657 206 
251 172 
703 71 
188 90 
1172 804 
426 86 
509 148 
628 354 
739 144 
696 148 
66 71 
466 373 
873 305 
547 490 
907 547 
556 364 
862 349 
522 99 
854 239 
511 259 
139 72 
704 277 
1225 434 
452 139 
1221 266 
461 74 
876 494 
530 226 
567 202 
1366 390 
1116 447 
471 224 
63 71 
998 333 
624 122 
466 394 
746 956 
381 128 
795 198 
258 253 
421 167 
756 182 
624 278 
552 371 
544 234 
889 232 
562 124 
777 328 
63 388 
410 161 
425 111 
374 77 
432 155 
825 247 
1024 586 
493 214 
259 222 
64 73 
472 95 
268 95 
865 115 
270 257 
1175 76 
960 505 
1040 131 
63 70 
139 198 
1352 516 
430 319 
1941 274 
690 154 
505 269 
619 190 
1323 352 
63 71 
559 120 
584 71 
635 144 
332 139 
432 127 
1123 307 
392 81 
531 978 
360 275 
1941 896 
1117 370 
760 144 
465 296 
328 135 
478 258 
364 239 
567 162 
893 172 
123 386 
985 470 
359 221 
731 113 
495 252 
626 189 
575 108 
63 80 
542 78 
463 171 
933 361 
1099 147 
458 121 
541 142 
775 176 
304 162 
1559 513 
379 217 
1600 128 
645 522 
703 186 
997 153 
361 184 
86 213 
493 187 
237 127 
846 242 
1941 1487 
319 124 
468 333 
228 75 
105 98 
248 138 
795 231 
96 71 
472 226 
359 73 
530 305 
512 275 
422 70 
647 351 
354 107 
1011 681 
504 150 
261 524 
549 143 
419 236 
357 188 
456 90 
886 117 
713 442 
644 87 
345 175 
400 74 
529 84 
1382 737 
64 72 
822 273 
1017 336 
237 135 
613 340 
676 463 
935 270 
320 105 
748 138 
462 319 
64 72 
701 438 
1195 158 
633 249 
963 236 
773 422 
396 162 
614 248 
1942 555 
1151 332 
403 151 
596 152 
691 178 
633 104 
568 270 
661 362 
453 146 
575 157 
566 722 
514 277 
392 327 
793 89 
732 314 
771 159 
467 86 
528 109 
846 262 
66 71 
838 599 
1253 353 
328 72 
1024 378 
663 172 
531 199 
423 177 
654 441 
521 349 
683 171 
321 280 
690 323 
357 162 
743 246 
80 1300 
337 751 
64 71 
182 93 
843 608 
498 232 
247 114 
565 122 
201 73 
447 220 
594 480 
583 202 
669 147 
978 270 
930 602 
346 96 
146 137 
1314 639 
1052 588 
516 95 
65 100 
323 145 
183 116 
346 114 
64 187 
1323 359 
497 261 
244 72 
703 116 
1756 769 
665 217 
498 438 
1941 927 
372 168 
117 71 
63 70 
444 142 
850 538 
475 151 
698 521 
987 605 
377 116 
360 131 
387 197 
1015 193 
268 92 
71 72 
554 93 
200 78 
476 113 
76 70 
1127 716 
462 111 
773 252 
458 212 
238 238 
1119 743 
384 130 
573 92 
63 71 
450 72 
1586 658 
635 158 
555 167 
316 140 
341 239 
782 99 
304 164 
384 108 
291 334 
472 81 
520 80 
609 329 
324 110 
988 369 
870 576 
661 265 
420 463 
603 346 
608 170 
384 358 
39 210 
898 175 
111 70 
754 267 
628 358 
486 103 
770 311 
653 148 
330 80 
480 156 
98 72 
65 71 
65 476 
340 144 
374 104 
631 562 
713 119 
413 71 
407 162 
428 162 
374 73 
452 97 
382 105 
327 733 
613 408 
64 71 
343 93 
557 166 
405 165 
299 134 
74 71 
683 101 
304 470 
279 637 
466 179 
292 110 
357 164 
100 361 
587 361 
1124 294 
282 92 
514 73 
670 108 
439 197 
620 153 
1942 1377 
1317 284 
335 130 
404 248 
605 181 
416 183 
552 293 
297 230 
588 200 
321 173 
375 132 
513 201 
170 232 
567 203 
820 99 
597 249 
407 198 
630 193 
298 136 
572 288 
795 174 
263 68 
384 131 
1139 535 
923 333 
558 134 
564 164 
1250 131 
537 375 
1166 162 
664 95 
890 317 
63 135 
485 114 
263 141 
803 199 
471 197 
795 303 
1218 71 
1350 72 
1340 515 
120 135 
679 170 
1094 280 
420 107 
1019 343 
368 139 
220 143 
440 386 
800 260 
328 91 
356 213 
66 71 
647 147 
1204 487 
694 296 
484 318 
336 95 
327 122 
633 408 
300 99 
458 89 
591 237 
858 263 
332 172 
926 223 
523 145 
452 180 
1310 265 
490 124 
1033 259 
796 460 
270 78 
421 187 
650 124 
700 174 
453 232 
563 272 
802 156 
461 241 
335 245 
838 951 
696 249 
447 156 
464 266 
409 444 
1399 361 
539 383 
311 149 
477 150 
73 75 
646 146 
368 237 
504 115 
477 333 
764 95 
63 95 
1433 151 
64 71 
385 143 
485 182 
428 309 
690 280 
890 123 
331 286 
313 131 
449 120 
64 218 
977 208 
293 210 
234 135 
1638 116 
1649 381 
466 168 
321 225 
1670 71 
1207 87 
536 100 
523 108 
375 98 
477 107 
497 163 
277 191 
688 394 
400 100 
397 74 
731 347 
1585 1238 
592 144 
281 72 
495 133 
1062 438 
353 77 
812 202 
751 266 
752 436 
91 71 
789 388 
418 139 
705 151 
453 458 
531 85 
301 454 
795 170 
545 182 
467 104 
700 77 
1159 323 
333 131 
509 237 
697 99 
549 390 
643 758 
1838 423 
669 390 
634 286 
606 196 
806 142 
997 180 
946 331 
464 255 
574 251 
922 165 
1183 118 
527 72 
936 384 
63 72 
1940 339 
581 86 
419 161 
891 301 
908 303 
180 73 
976 133 
67 71 
306 97 
1073 134 
664 374 
369 149 
403 177 
313 101 
954 77 
529 533 
778 126 
595 191 
69 104 
738 139 
716 134 
914 669 
764 224 
394 85 
621 593 
576 202 
716 158 
578 205 
933 647 
263 235 
81 71 
462 136 
729 347 
747 97 
825 830 
918 335 
321 289 
1174 370 
51 263 
647 80 
552 119 
851 379 
449 243 
609 306 
810 317 
296 213 
595 409 
329 206 
352 244 
1354 178 
117 72 
532 192 
453 151 
680 470 
64 72 
251 135 
558 111 
247 71 
73 73 
219 72 
69 145 
536 149 
712 104 
580 114 
1010 173 
1156 438 
940 342 
615 153 
877 328 
479 100 
324 143 
571 436 
1183 433 
459 157 
372 83 
733 364 
434 115 
404 191 
337 117 
779 531 
1312 130 
390 84 
540 230 
634 194 
515 718 
491 181 
493 123 
359 175 
1401 398 
431 200 
260 178 
365 141 
459 356 
914 162 
64 72 
399 165 
494 74 
359 200 
1115 342 
178 86 
623 153 
73 92 
378 112 
835 114 
366 85 
1011 262 
996 169 
681 124 
298 503 
601 358 
1941 931 
658 411 
541 106 
285 71 
487 102 
862 390 
78 71 
498 386 
434 226 
290 159 
843 214 
404 338 
605 196 
553 766 
602 127 
640 149 
504 248 
831 258 
612 122 
412 140 
1151 435 
778 148 
297 156 
64 223 
422 203 
504 722 
64 74 
497 178 
471 684 
627 217 
611 187 
576 199 
713 214 
683 158 
1370 175 
464 165 
334 243 
697 221 
480 197 
1057 579 
1003 104 
1594 884 
819 348 
416 139 
71 381 
614 267 
570 159 
578 110 
502 182 
637 212 
990 216 
417 252 
491 291 
375 71 
899 267 
429 191 
446 403 
175 71 
930 244 
1660 591 
624 372 
348 616 
425 203 
304 377 
776 395 
406 181 
1017 464 
281 121 
513 316 
490 183 
584 211 
451 333 
589 272 
479 112 
806 308 
298 261 
457 86 
477 174 
586 154 
460 104 
726 259 
423 294 
1941 681 
910 406 
939 460 
359 379 
425 96 
297 78 
633 323 
673 160 
294 121 
300 91 
730 402 
406 485 
773 311 
378 204 
602 181 
1267 864 
575 241 
423 73 
552 228 
381 575 
171 342 
238 265 
670 198 
420 181 
855 291 
282 143 
395 85 
286 503 
509 141 
320 120 
658 255 
309 71 
