957 419 
1302 763 
728 536 
148 75 
420 289 
773 204 
637 80 
168 75 
267 230 
481 1031 
338 146 
459 296 
1466 363 
69 74 
67 74 
466 354 
768 217 
69 74 
500 253 
1197 851 
516 549 
128 75 
378 381 
827 530 
398 372 
387 287 
632 303 
346 369 
628 229 
552 231 
263 537 
961 499 
667 472 
1484 423 
685 264 
377 612 
669 383 
464 268 
753 263 
255 318 
967 379 
353 336 
934 154 
1469 148 
466 509 
1150 463 
405 453 
801 354 
381 512 
615 240 
336 207 
413 454 
653 565 
119 75 
891 433 
480 211 
1078 317 
363 369 
489 205 
539 285 
421 211 
529 212 
792 645 
378 150 
494 825 
649 450 
1938 713 
718 121 
484 298 
459 253 
684 252 
283 219 
78 164 
864 168 
766 142 
673 344 
436 558 
451 237 
810 235 
344 253 
414 619 
1186 637 
1465 881 
366 292 
282 297 
596 270 
433 162 
645 605 
701 162 
402 376 
74 77 
330 654 
293 486 
553 239 
261 239 
171 74 
503 354 
312 75 
380 864 
95 75 
547 565 
526 380 
769 490 
707 552 
432 321 
447 431 
562 315 
269 220 
349 295 
652 224 
238 239 
188 83 
156 75 
792 437 
518 214 
1454 941 
496 429 
1182 303 
322 303 
330 75 
488 274 
261 102 
356 297 
483 128 
1938 1415 
1268 886 
321 180 
406 140 
396 254 
320 365 
828 177 
1463 1024 
384 101 
490 215 
784 261 
566 326 
497 79 
382 541 
834 914 
518 251 
349 110 
81 74 
590 234 
353 255 
992 530 
510 229 
435 197 
651 309 
621 142 
505 334 
564 480 
241 75 
900 461 
382 320 
770 753 
439 351 
871 178 
329 582 
745 800 
1000 690 
74 75 
335 311 
541 168 
529 151 
764 497 
839 363 
68 130 
342 250 
303 283 
71 75 
326 210 
990 304 
470 320 
72 124 
968 299 
280 215 
343 182 
732 237 
491 394 
710 249 
378 501 
437 612 
1075 224 
131 176 
519 395 
384 428 
68 74 
583 341 
1310 624 
1189 339 
1357 441 
436 385 
782 264 
357 417 
437 328 
883 704 
884 529 
921 412 
498 168 
577 118 
796 345 
450 185 
529 359 
1492 722 
590 225 
541 178 
498 486 
395 106 
502 215 
1025 195 
640 1115 
68 74 
68 130 
533 90 
452 168 
66 74 
830 1125 
555 435 
105 76 
435 249 
325 301 
705 471 
432 149 
68 75 
1240 674 
973 299 
744 305 
465 940 
678 1205 
266 154 
285 137 
68 87 
1156 853 
596 310 
632 108 
563 329 
443 465 
417 250 
526 370 
962 594 
819 493 
543 334 
461 333 
664 485 
103 317 
404 469 
1264 525 
786 762 
82 75 
291 359 
469 181 
961 562 
727 278 
658 264 
511 535 
645 348 
286 122 
544 214 
1589 247 
534 268 
424 315 
930 183 
68 74 
68 75 
407 274 
68 75 
1433 846 
526 138 
482 384 
331 136 
774 419 
852 301 
343 840 
526 134 
392 206 
536 192 
425 205 
1091 326 
744 466 
885 576 
873 342 
600 160 
454 188 
409 543 
286 343 
1073 1009 
489 285 
242 177 
473 281 
493 145 
350 327 
796 74 
327 131 
352 266 
69 83 
653 140 
411 572 
637 489 
651 219 
459 443 
503 724 
580 154 
1251 636 
763 140 
68 77 
788 591 
705 290 
321 214 
79 75 
1435 608 
305 453 
117 75 
739 487 
931 212 
513 202 
396 362 
962 323 
817 386 
313 223 
914 248 
920 466 
449 346 
366 182 
274 364 
462 341 
346 263 
818 590 
751 75 
628 292 
116 75 
252 475 
398 134 
551 395 
509 168 
639 775 
779 487 
547 151 
1496 1126 
1375 1314 
645 247 
341 345 
238 406 
1333 406 
317 202 
656 326 
716 306 
489 552 
413 186 
350 150 
1019 335 
377 258 
1345 902 
366 174 
554 317 
115 76 
514 265 
775 153 
454 213 
790 348 
543 201 
850 303 
263 528 
673 282 
818 347 
320 180 
409 943 
1742 1254 
68 74 
662 234 
619 389 
567 176 
399 129 
646 394 
411 345 
411 260 
557 249 
346 169 
697 594 
466 417 
591 511 
955 212 
1041 592 
1003 745 
643 165 
380 179 
220 197 
378 274 
762 196 
682 511 
117 77 
719 450 
681 238 
944 1086 
984 80 
263 342 
201 773 
346 338 
333 304 
501 340 
1020 436 
714 403 
712 399 
702 313 
604 257 
1249 699 
486 305 
297 719 
647 483 
441 250 
181 86 
623 351 
70 74 
543 890 
445 342 
406 362 
865 938 
352 463 
727 306 
450 293 
427 380 
880 1519 
507 596 
526 378 
525 376 
713 632 
650 618 
325 170 
695 440 
307 329 
462 217 
361 227 
523 304 
482 335 
1616 847 
554 470 
92 92 
263 133 
433 420 
518 254 
278 97 
412 77 
934 80 
398 148 
1116 409 
544 316 
270 624 
261 186 
72 88 
403 226 
561 434 
573 346 
579 148 
507 293 
307 449 
1060 639 
1067 472 
260 278 
666 222 
513 882 
634 182 
69 138 
269 248 
113 322 
296 207 
1249 806 
575 320 
366 289 
1089 467 
274 75 
447 352 
675 452 
335 310 
1916 1397 
1437 612 
546 413 
379 285 
592 666 
69 76 
547 278 
405 202 
206 197 
348 252 
464 241 
363 270 
1123 814 
664 422 
1199 540 
570 77 
755 520 
466 835 
474 166 
554 294 
683 361 
754 358 
619 747 
68 76 
328 75 
367 348 
339 213 
1031 427 
424 270 
996 1005 
876 835 
70 75 
1391 1088 
690 438 
662 347 
883 573 
933 474 
925 526 
408 152 
596 447 
401 196 
236 209 
355 209 
483 511 
598 246 
67 90 
522 212 
605 672 
79 126 
646 663 
343 209 
392 239 
214 177 
535 962 
483 247 
498 251 
595 928 
130 145 
302 241 
1531 543 
713 340 
866 404 
611 475 
509 165 
200 645 
407 162 
467 987 
83 75 
1122 688 
816 454 
400 156 
72 151 
356 297 
604 277 
434 92 
484 364 
288 78 
349 337 
422 232 
351 375 
147 99 
414 952 
615 294 
818 508 
455 157 
701 367 
527 390 
406 427 
68 355 
142 347 
1232 567 
626 233 
80 74 
782 418 
1184 315 
476 188 
487 324 
127 81 
377 643 
785 358 
69 118 
88 123 
88 290 
812 507 
300 279 
969 777 
836 570 
68 92 
500 697 
617 227 
453 176 
560 222 
68 75 
583 410 
620 250 
714 480 
322 191 
675 317 
81 187 
586 471 
617 217 
1655 865 
505 323 
453 292 
639 382 
69 80 
427 351 
75 984 
505 240 
1108 399 
435 241 
542 211 
630 392 
237 292 
553 438 
371 154 
819 271 
207 131 
778 441 
903 572 
386 583 
638 427 
164 226 
381 393 
570 264 
196 75 
493 203 
412 292 
657 356 
471 340 
587 289 
570 216 
619 227 
731 503 
731 304 
364 396 
321 256 
414 804 
405 297 
184 124 
879 441 
443 783 
139 74 
365 308 
76 75 
522 386 
283 324 
696 131 
337 75 
778 137 
496 208 
135 946 
558 385 
479 605 
1457 256 
406 360 
463 93 
1150 184 
427 407 
509 163 
875 680 
453 273 
406 165 
327 462 
527 513 
77 144 
260 100 
725 257 
71 99 
1324 804 
627 475 
1244 443 
354 366 
562 266 
409 203 
522 322 
479 315 
750 74 
358 392 
539 261 
160 84 
532 304 
614 240 
581 74 
375 234 
290 238 
339 321 
749 401 
68 75 
639 254 
497 202 
496 329 
715 442 
67 74 
92 76 
465 411 
366 384 
261 364 
405 131 
588 262 
955 871 
637 193 
335 489 
376 292 
957 995 
713 308 
651 307 
427 373 
563 806 
519 392 
70 77 
699 483 
392 115 
673 451 
453 742 
579 389 
420 514 
290 198 
408 222 
409 376 
705 660 
395 211 
360 313 
378 356 
951 76 
936 1248 
565 174 
306 238 
559 147 
368 350 
512 206 
804 855 
509 258 
478 416 
586 332 
87 82 
346 291 
802 358 
589 395 
358 225 
643 343 
1112 588 
411 347 
327 78 
373 383 
364 167 
813 258 
596 268 
335 314 
429 551 
437 181 
945 487 
450 209 
509 203 
258 102 
441 327 
889 502 
1018 1262 
594 438 
416 160 
934 466 
737 691 
1112 460 
355 348 
73 858 
219 135 
195 185 
903 657 
457 493 
645 236 
756 327 
745 141 
421 303 
214 76 
479 543 
1431 718 
485 74 
485 294 
490 144 
392 229 
481 193 
1305 216 
404 174 
339 167 
455 198 
448 126 
389 154 
1008 276 
806 645 
485 292 
1929 1088 
563 966 
1060 139 
388 243 
441 224 
176 339 
68 133 
1134 543 
1017 991 
587 287 
504 364 
730 353 
1253 214 
72 809 
844 174 
429 242 
359 227 
586 231 
68 159 
363 366 
770 538 
440 400 
237 231 
378 330 
129 74 
259 550 
685 231 
444 361 
650 486 
451 408 
666 210 
759 312 
434 477 
859 505 
241 468 
368 303 
1461 310 
398 396 
663 547 
487 247 
593 258 
484 191 
765 190 
520 715 
447 366 
687 599 
504 405 
689 235 
69 180 
425 255 
367 323 
1040 538 
599 273 
271 241 
569 835 
379 195 
863 81 
1765 762 
470 333 
542 120 
1013 445 
606 400 
492 295 
873 445 
504 162 
480 241 
319 229 
453 118 
290 176 
684 167 
1088 758 
1154 417 
383 200 
713 206 
630 301 
68 74 
557 229 
547 435 
473 275 
348 436 
749 1050 
691 683 
68 92 
392 240 
1938 1494 
67 74 
71 90 
922 578 
563 245 
1043 601 
242 470 
417 257 
739 300 
223 127 
448 341 
575 426 
1077 867 
168 172 
899 429 
417 93 
715 214 
667 411 
766 299 
104 75 
859 304 
285 266 
504 280 
680 159 
723 334 
110 530 
701 645 
412 851 
1249 688 
245 191 
559 251 
321 363 
746 263 
439 349 
150 74 
604 506 
631 157 
670 520 
227 235 
247 95 
1126 293 
121 74 
971 419 
141 285 
74 77 
808 271 
301 105 
782 515 
110 75 
882 717 
600 608 
631 216 
372 269 
1258 556 
444 623 
442 328 
367 685 
523 314 
470 271 
376 244 
692 183 
548 325 
512 332 
677 311 
1772 917 
519 183 
210 432 
273 213 
473 378 
98 75 
679 325 
451 400 
404 157 
716 374 
416 346 
271 274 
453 557 
1409 341 
471 364 
890 386 
1163 703 
330 188 
595 447 
605 206 
597 298 
1087 494 
574 587 
132 584 
68 438 
321 346 
384 251 
311 597 
281 259 
1279 532 
342 291 
1074 441 
1203 228 
292 197 
441 152 
442 203 
617 217 
72 77 
822 580 
635 843 
835 515 
306 326 
619 530 
619 307 
190 475 
69 75 
1085 708 
823 309 
378 312 
74 75 
531 667 
585 74 
334 160 
70 74 
215 703 
336 332 
735 486 
793 500 
613 74 
238 272 
67 79 
957 681 
253 231 
387 395 
697 570 
909 300 
71 75 
588 630 
601 275 
361 421 
747 952 
669 421 
88 75 
352 176 
67 171 
75 136 
68 126 
461 260 
280 136 
550 322 
501 285 
846 1092 
455 75 
271 274 
540 159 
538 781 
514 187 
345 383 
723 427 
337 168 
490 74 
338 266 
321 645 
876 481 
1332 471 
781 440 
94 75 
604 377 
324 341 
824 262 
501 263 
686 562 
482 279 
372 402 
352 83 
488 460 
99 74 
501 505 
722 201 
139 79 
68 75 
628 148 
790 221 
1037 96 
459 344 
1079 1077 
736 1099 
446 165 
295 250 
710 216 
1939 1535 
1014 543 
1099 775 
557 379 
420 405 
670 242 
74 122 
407 348 
585 317 
699 450 
712 442 
635 497 
185 92 
368 688 
1445 75 
529 538 
599 461 
1065 971 
380 356 
1324 797 
208 213 
458 242 
862 677 
392 327 
88 75 
522 273 
487 503 
732 847 
733 447 
393 212 
86 197 
634 591 
1599 1514 
425 344 
663 482 
480 224 
456 229 
70 80 
987 669 
337 156 
609 75 
507 152 
254 170 
223 320 
445 520 
69 74 
537 86 
330 231 
1054 242 
1291 536 
684 207 
783 282 
68 173 
1173 572 
596 415 
644 946 
347 229 
719 445 
68 74 
990 884 
399 234 
578 235 
130 201 
590 485 
343 239 
262 205 
1478 713 
75 81 
775 236 
351 198 
1073 301 
358 114 
582 84 
699 88 
807 440 
662 253 
79 77 
550 300 
69 75 
68 75 
1038 812 
549 218 
349 141 
415 316 
445 204 
916 573 
1565 779 
701 165 
499 174 
638 305 
619 329 
617 450 
1053 488 
562 299 
187 176 
561 213 
447 370 
70 76 
267 269 
590 405 
285 87 
491 120 
972 446 
363 268 
575 569 
1930 407 
69 77 
1010 224 
396 261 
550 259 
1054 452 
555 290 
560 294 
483 134 
392 226 
390 327 
115 74 
372 225 
771 290 
1938 1696 
68 118 
448 421 
650 453 
681 817 
402 153 
590 453 
536 358 
746 329 
744 399 
324 112 
693 330 
585 332 
619 408 
580 595 
530 146 
1323 639 
631 425 
303 288 
269 190 
688 329 
811 283 
261 128 
417 132 
360 271 
945 474 
569 236 
391 194 
423 163 
296 399 
605 521 
671 544 
350 203 
445 523 
394 181 
934 379 
750 496 
207 80 
613 196 
806 471 
217 87 
461 359 
150 260 
440 405 
122 75 
977 336 
408 248 
495 352 
468 145 
737 387 
430 369 
329 161 
434 227 
441 504 
365 307 
512 136 
716 478 
667 156 
212 364 
685 239 
318 200 
642 122 
249 474 
535 285 
776 331 
792 429 
671 582 
406 351 
376 117 
708 624 
436 98 
403 445 
562 398 
68 82 
78 80 
594 362 
330 361 
370 431 
921 584 
406 689 
438 325 
338 455 
634 252 
266 256 
416 113 
408 278 
307 207 
397 308 
470 227 
470 260 
316 426 
372 316 
963 402 
1362 830 
485 364 
530 373 
564 346 
1390 999 
562 623 
590 303 
828 435 
503 1076 
1930 100 
365 341 
295 391 
423 217 
639 723 
451 789 
321 197 
75 78 
513 452 
546 267 
371 110 
548 308 
443 299 
562 77 
193 119 
332 210 
542 105 
692 768 
826 505 
645 695 
374 157 
140 78 
568 408 
369 298 
663 531 
493 162 
435 295 
385 250 
446 211 
1037 590 
644 321 
443 264 
692 195 
525 155 
313 266 
378 143 
491 119 
411 74 
461 347 
333 389 
594 604 
902 286 
814 359 
636 317 
430 272 
784 85 
1062 754 
609 649 
1427 994 
433 381 
601 224 
309 472 
421 173 
1080 738 
439 196 
235 224 
652 182 
709 344 
307 172 
338 178 
68 87 
156 274 
302 248 
891 206 
440 248 
486 238 
796 431 
1007 166 
1080 121 
1044 75 
615 351 
658 177 
645 290 
476 366 
368 253 
329 719 
431 737 
531 509 
180 75 
637 232 
419 392 
598 737 
321 173 
683 496 
1478 889 
849 294 
232 107 
297 141 
1014 414 
1461 989 
446 266 
737 668 
594 542 
496 311 
240 475 
71 75 
664 467 
484 384 
703 540 
691 105 
1218 384 
1106 569 
68 81 
720 622 
1599 528 
550 197 
550 599 
628 989 
455 345 
114 75 
1420 519 
450 299 
605 637 
408 277 
801 746 
927 562 
311 331 
914 436 
793 453 
200 167 
288 363 
406 261 
417 153 
447 256 
934 349 
695 505 
608 274 
806 352 
610 238 
649 460 
506 597 
313 397 
371 184 
900 228 
1197 750 
599 125 
397 403 
146 75 
693 357 
499 346 
373 359 
270 207 
706 260 
542 278 
299 227 
905 635 
277 234 
253 329 
386 182 
863 1323 
93 77 
68 75 
1130 694 
639 358 
988 315 
477 439 
373 445 
491 160 
207 297 
98 80 
532 393 
411 233 
69 77 
363 207 
522 329 
655 729 
778 683 
467 408 
1214 262 
585 616 
85 75 
1545 88 
716 83 
482 291 
380 278 
666 281 
546 74 
407 135 
569 194 
417 233 
492 377 
461 674 
156 80 
604 189 
413 77 
353 205 
532 344 
1380 547 
635 290 
1547 393 
477 437 
68 75 
397 563 
1231 667 
375 361 
608 424 
673 455 
101 80 
430 255 
639 407 
79 74 
463 154 
805 304 
521 222 
571 214 
413 250 
841 252 
695 738 
520 212 
559 103 
323 243 
640 531 
313 285 
68 74 
706 215 
1242 404 
277 320 
927 764 
1575 364 
1056 949 
749 438 
1598 774 
1328 77 
323 312 
684 310 
619 676 
290 181 
628 192 
363 244 
349 314 
401 360 
536 420 
278 301 
323 369 
69 75 
559 386 
689 310 
562 467 
1322 833 
248 105 
452 196 
513 131 
548 250 
856 826 
1401 336 
448 338 
484 380 
449 273 
495 918 
68 132 
748 338 
157 352 
873 520 
513 249 
421 244 
785 816 
269 353 
459 235 
1476 566 
1121 235 
196 75 
968 531 
658 153 
884 591 
549 928 
368 842 
1099 429 
552 796 
619 145 
627 296 
168 329 
387 185 
444 240 
828 508 
724 374 
566 521 
816 328 
613 363 
204 130 
714 599 
766 246 
505 281 
505 195 
529 268 
433 228 
355 224 
1293 229 
261 269 
662 277 
1314 366 
526 115 
68 817 
1939 690 
709 399 
948 414 
461 395 
575 242 
424 150 
588 193 
83 183 
529 308 
1045 710 
1383 455 
550 485 
457 258 
384 412 
373 237 
693 348 
68 132 
535 176 
469 225 
86 78 
530 208 
680 348 
384 217 
422 333 
803 397 
368 196 
511 203 
286 316 
308 168 
619 75 
137 75 
1006 141 
760 322 
579 292 
405 504 
470 115 
655 322 
799 506 
254 113 
589 753 
1122 767 
68 122 
452 180 
573 427 
529 239 
609 370 
206 76 
596 309 
773 93 
459 217 
287 164 
871 287 
440 433 
640 681 
469 465 
902 292 
490 318 
767 664 
656 305 
378 317 
238 75 
284 523 
1347 1516 
70 77 
510 527 
484 236 
273 161 
509 268 
486 192 
353 164 
312 315 
527 161 
942 330 
453 335 
631 271 
1938 941 
523 459 
1452 1142 
1598 97 
535 421 
535 154 
68 76 
520 379 
698 167 
809 250 
459 272 
852 640 
643 377 
354 798 
376 833 
450 123 
448 677 
555 370 
298 165 
938 643 
546 775 
85 74 
68 78 
976 399 
826 235 
850 573 
288 172 
839 127 
626 871 
259 581 
596 574 
768 412 
68 74 
661 562 
605 123 
479 248 
105 76 
509 239 
414 257 
545 335 
1203 641 
373 184 
351 308 
1013 174 
953 1232 
622 200 
438 523 
464 168 
478 298 
598 458 
508 131 
416 326 
682 593 
815 362 
386 312 
355 182 
329 90 
555 342 
361 375 
340 85 
344 1038 
86 75 
323 87 
180 75 
577 484 
458 255 
775 617 
193 498 
999 372 
1042 334 
486 81 
689 544 
844 807 
404 263 
836 234 
387 399 
633 362 
299 303 
1016 833 
94 844 
1220 75 
766 313 
580 884 
511 663 
1634 318 
388 422 
508 241 
1328 427 
298 729 
258 76 
981 146 
1231 637 
70 87 
529 649 
337 248 
318 397 
1740 662 
919 319 
1859 1165 
623 627 
157 210 
353 218 
666 670 
457 351 
680 319 
692 353 
641 135 
624 1124 
743 472 
1636 850 
617 185 
757 74 
462 217 
78 76 
432 304 
1011 887 
1506 322 
1001 765 
860 527 
196 75 
513 981 
484 281 
165 215 
533 289 
1210 415 
68 80 
486 231 
436 367 
943 366 
494 198 
272 187 
641 650 
68 101 
979 291 
430 246 
68 77 
453 180 
405 89 
303 634 
408 192 
273 258 
71 77 
598 296 
875 629 
740 456 
742 514 
403 385 
580 335 
416 303 
379 282 
578 465 
348 292 
68 1360 
559 220 
1189 332 
124 290 
194 85 
510 434 
576 365 
362 439 
1031 592 
503 516 
450 1067 
383 298 
858 406 
696 468 
610 670 
814 382 
488 243 
398 481 
470 152 
856 208 
688 581 
727 608 
479 504 
691 441 
268 111 
1282 1017 
1216 160 
635 443 
794 197 
357 242 
381 275 
812 193 
382 476 
357 76 
741 352 
427 138 
68 279 
407 399 
269 330 
273 121 
411 217 
638 546 
217 171 
1042 1182 
1043 311 
70 75 
468 204 
357 1131 
1177 696 
590 210 
1555 1131 
539 446 
1009 855 
1427 1467 
442 440 
82 74 
429 153 
497 508 
541 229 
594 295 
599 199 
716 476 
560 114 
251 274 
395 245 
767 591 
475 359 
220 87 
68 245 
484 356 
175 95 
463 149 
563 225 
879 416 
895 225 
595 319 
502 468 
355 147 
614 240 
388 272 
505 417 
709 102 
849 797 
68 85 
119 75 
365 147 
241 81 
495 531 
489 463 
68 80 
162 250 
279 240 
503 336 
665 327 
758 504 
439 579 
196 175 
1417 516 
83 74 
871 447 
745 454 
542 540 
424 101 
416 257 
601 256 
851 762 
275 245 
346 172 
311 313 
400 235 
363 309 
144 75 
68 376 
420 130 
569 400 
642 245 
338 98 
431 174 
607 368 
828 749 
503 217 
896 258 
376 190 
689 410 
659 268 
268 137 
435 816 
463 273 
710 992 
529 417 
608 235 
393 177 
320 204 
750 362 
352 200 
364 173 
719 533 
405 803 
1043 237 
370 339 
312 318 
677 566 
672 448 
690 318 
856 262 
757 332 
918 533 
69 76 
394 232 
267 1309 
414 267 
567 329 
293 447 
1396 784 
436 151 
410 294 
657 666 
434 242 
1939 541 
475 413 
621 551 
68 81 
422 192 
68 75 
586 328 
636 91 
189 76 
554 197 
248 111 
327 223 
1113 774 
427 182 
395 321 
76 278 
336 198 
450 81 
415 291 
1343 697 
449 450 
310 267 
441 330 
445 269 
616 499 
98 74 
655 493 
463 635 
481 315 
549 333 
487 226 
1146 282 
766 717 
914 175 
517 169 
378 446 
295 159 
507 404 
895 795 
521 243 
459 256 
1051 355 
278 193 
818 364 
302 124 
770 203 
421 286 
248 91 
309 433 
1421 829 
515 469 
528 516 
483 317 
654 929 
559 265 
562 300 
540 399 
572 247 
608 422 
313 298 
428 336 
369 866 
345 523 
1938 1592 
267 204 
584 625 
473 522 
71 77 
378 226 
343 440 
139 675 
723 1192 
446 151 
483 365 
1116 198 
338 246 
547 553 
954 1189 
1547 627 
1262 501 
307 369 
298 301 
486 174 
644 336 
644 259 
156 75 
373 257 
784 440 
433 312 
429 144 
515 434 
789 388 
349 175 
140 75 
1418 286 
533 385 
620 388 
1198 896 
330 324 
515 76 
688 210 
442 403 
420 301 
798 632 
656 252 
487 251 
517 600 
418 675 
428 230 
69 99 
457 161 
286 267 
484 75 
1377 490 
1558 408 
358 318 
620 463 
568 668 
353 344 
627 238 
272 245 
815 508 
653 134 
579 287 
531 140 
665 446 
234 129 
673 233 
69 75 
286 91 
717 1037 
350 307 
1647 1009 
692 1202 
771 586 
1054 233 
318 225 
513 193 
401 370 
446 365 
370 104 
70 75 
95 76 
531 696 
834 558 
715 75 
349 268 
756 1013 
1594 830 
1345 253 
638 674 
255 94 
389 838 
120 76 
782 428 
1430 865 
70 77 
570 235 
678 295 
1176 516 
368 438 
952 485 
69 250 
636 342 
1743 475 
856 547 
433 275 
389 191 
571 429 
440 103 
484 313 
266 76 
1034 472 
429 398 
694 85 
396 181 
903 296 
1259 138 
419 211 
350 319 
176 90 
578 229 
1010 587 
818 219 
474 317 
365 469 
606 462 
76 75 
653 261 
590 379 
526 464 
875 332 
395 212 
513 688 
401 256 
570 230 
465 195 
546 234 
112 75 
669 316 
566 310 
506 388 
571 313 
503 340 
559 438 
788 493 
608 392 
603 618 
330 277 
68 564 
504 340 
542 616 
577 248 
161 120 
692 671 
430 182 
664 259 
472 201 
569 366 
670 439 
539 821 
966 915 
737 388 
373 367 
775 586 
1744 1083 
76 191 
768 951 
286 324 
320 377 
590 504 
244 334 
295 332 
621 205 
654 303 
408 424 
504 251 
70 181 
148 75 
230 257 
953 644 
928 412 
478 493 
1216 802 
652 277 
543 638 
383 313 
394 288 
690 718 
396 448 
505 172 
276 201 
542 436 
319 146 
416 307 
424 799 
939 187 
223 76 
481 367 
581 160 
716 1007 
421 227 
339 272 
631 552 
723 223 
668 1022 
1777 731 
417 76 
952 1010 
466 210 
585 152 
299 314 
420 173 
408 358 
672 274 
523 479 
1938 444 
395 376 
343 531 
853 359 
378 358 
788 834 
475 620 
430 390 
970 134 
355 241 
358 395 
409 99 
690 513 
69 75 
910 1122 
751 215 
1220 466 
361 75 
784 591 
1032 778 
325 1241 
236 131 
594 785 
1938 1062 
1670 542 
463 180 
362 144 
1153 366 
767 199 
549 502 
433 358 
626 222 
376 203 
803 444 
1400 1132 
815 209 
128 1206 
431 377 
146 81 
407 297 
1118 306 
899 379 
797 527 
148 253 
432 277 
68 141 
214 572 
424 780 
850 212 
842 448 
522 380 
556 377 
405 308 
739 287 
373 289 
666 247 
690 437 
583 203 
512 301 
521 123 
595 227 
378 346 
374 193 
632 253 
941 1096 
486 226 
342 324 
561 308 
707 267 
387 251 
413 197 
836 473 
670 312 
592 526 
611 185 
278 290 
354 158 
746 79 
72 279 
392 134 
1253 263 
607 1110 
822 170 
69 121 
492 370 
517 132 
74 75 
653 357 
680 273 
421 233 
306 201 
1062 808 
240 158 
474 250 
399 230 
1351 1057 
303 235 
707 739 
362 199 
714 762 
492 198 
509 406 
1728 511 
267 145 
591 282 
569 259 
369 763 
72 74 
71 85 
500 125 
537 619 
1488 759 
651 362 
681 155 
291 364 
1017 869 
166 75 
655 457 
198 84 
272 260 
409 254 
341 535 
495 309 
561 303 
551 231 
465 110 
293 224 
858 748 
481 237 
375 361 
578 482 
732 304 
93 77 
440 329 
310 272 
281 357 
351 317 
482 175 
1818 1058 
1082 638 
494 115 
454 184 
655 515 
491 578 
466 156 
1287 189 
486 208 
446 711 
532 325 
553 222 
370 224 
339 155 
300 306 
1214 278 
322 367 
295 447 
453 498 
777 673 
212 320 
388 483 
603 669 
69 78 
570 311 
586 86 
461 184 
305 333 
68 89 
308 316 
407 173 
419 388 
836 820 
390 196 
640 221 
486 365 
536 135 
331 387 
211 83 
602 641 
1451 351 
443 433 
735 406 
531 295 
382 577 
447 137 
70 76 
367 202 
1604 588 
68 79 
190 266 
620 241 
933 456 
530 153 
549 285 
1126 211 
358 75 
649 224 
69 75 
1199 1170 
162 146 
415 191 
409 134 
378 223 
68 77 
442 215 
534 1044 
410 294 
392 335 
182 157 
564 435 
375 505 
1414 933 
563 268 
402 238 
1394 810 
654 321 
367 84 
180 75 
1670 606 
113 94 
1486 391 
1609 1429 
740 636 
607 404 
834 733 
645 294 
571 272 
1167 442 
429 332 
213 75 
820 459 
410 170 
678 214 
480 153 
644 537 
471 337 
433 163 
68 166 
68 74 
413 278 
306 219 
706 211 
91 89 
548 147 
459 204 
826 100 
1005 577 
484 171 
796 272 
406 458 
642 233 
963 666 
1038 675 
737 217 
312 76 
68 75 
498 183 
585 230 
714 213 
223 160 
101 76 
357 75 
340 96 
417 332 
511 273 
655 397 
1066 787 
881 329 
587 252 
618 116 
508 419 
280 226 
858 535 
395 139 
68 75 
218 108 
1221 396 
584 405 
899 603 
778 83 
503 211 
484 155 
696 305 
519 415 
492 126 
753 609 
586 688 
425 395 
364 416 
629 511 
145 75 
409 301 
377 807 
602 256 
717 437 
955 279 
390 400 
585 538 
597 160 
317 165 
785 423 
71 131 
503 383 
197 90 
524 289 
214 92 
1397 503 
647 786 
449 568 
510 505 
1179 368 
1140 846 
185 635 
1210 152 
802 472 
434 100 
131 75 
399 191 
536 815 
1537 1410 
603 354 
383 233 
747 113 
636 220 
379 145 
1253 717 
666 460 
1054 635 
836 304 
158 328 
471 501 
80 617 
335 235 
1305 443 
536 386 
500 443 
587 403 
300 316 
354 668 
89 75 
1089 687 
494 527 
312 135 
690 874 
295 174 
479 454 
96 78 
579 184 
441 164 
233 466 
615 372 
483 154 
1855 982 
76 111 
226 99 
272 296 
236 407 
398 306 
68 80 
736 395 
887 571 
835 525 
631 198 
509 247 
462 285 
1523 646 
104 75 
1061 1456 
1516 987 
734 365 
958 264 
139 75 
572 205 
1658 1032 
783 419 
180 134 
658 413 
861 126 
425 510 
934 300 
902 546 
373 330 
260 87 
689 185 
601 745 
587 502 
537 297 
521 266 
1312 768 
408 542 
1097 386 
351 316 
542 380 
568 927 
475 295 
845 482 
580 407 
69 75 
321 166 
919 283 
425 339 
380 178 
885 435 
682 554 
1082 320 
725 744 
215 154 
664 258 
1276 125 
359 304 
276 317 
444 228 
722 598 
889 648 
826 599 
1144 631 
640 218 
82 141 
589 332 
190 395 
582 134 
908 359 
771 220 
367 75 
331 337 
550 392 
714 187 
740 171 
429 458 
318 96 
1140 1090 
647 251 
1040 492 
750 493 
919 461 
69 81 
917 314 
1084 714 
1280 554 
971 477 
407 267 
69 75 
345 206 
397 199 
402 311 
505 75 
774 109 
68 75 
792 372 
771 524 
977 90 
722 388 
684 125 
838 372 
330 238 
787 419 
635 825 
455 367 
317 156 
433 411 
773 397 
980 258 
1158 381 
111 77 
266 373 
347 492 
129 395 
332 191 
366 233 
426 249 
804 164 
229 105 
68 77 
738 425 
69 87 
999 892 
450 259 
1801 916 
138 75 
69 75 
555 235 
567 488 
446 406 
355 215 
735 412 
438 201 
447 304 
1687 680 
567 186 
443 217 
576 394 
1025 474 
402 224 
490 255 
68 266 
364 377 
661 347 
531 387 
308 77 
437 294 
505 893 
1247 292 
444 645 
271 158 
441 574 
72 77 
758 749 
327 223 
196 115 
500 163 
71 75 
477 233 
626 323 
495 550 
287 187 
685 317 
464 470 
1034 1014 
68 75 
70 76 
966 311 
970 362 
406 331 
426 364 
72 90 
409 477 
394 308 
604 415 
812 484 
377 266 
1094 396 
600 836 
190 178 
513 104 
524 417 
709 486 
78 98 
755 457 
91 79 
552 174 
416 270 
1412 1075 
493 361 
284 75 
1637 697 
414 181 
389 118 
336 253 
467 319 
589 76 
428 265 
305 266 
843 538 
68 176 
477 435 
839 372 
324 464 
735 463 
397 247 
890 484 
881 456 
93 150 
499 128 
853 914 
615 194 
1031 419 
473 425 
389 391 
309 269 
849 702 
723 286 
520 250 
770 390 
833 1174 
502 285 
1078 606 
68 108 
96 77 
556 253 
587 286 
776 491 
875 634 
92 128 
127 226 
1938 490 
340 393 
594 288 
482 235 
966 243 
556 288 
503 311 
566 585 
1076 566 
692 371 
1304 356 
1133 813 
69 79 
693 797 
549 75 
821 418 
604 315 
551 228 
774 948 
362 503 
402 420 
424 318 
424 262 
491 137 
244 182 
68 75 
70 75 
288 212 
647 217 
601 409 
330 308 
115 244 
956 239 
768 709 
158 86 
460 184 
68 168 
711 492 
347 330 
489 617 
614 395 
479 466 
662 132 
470 322 
685 324 
68 74 
657 478 
446 137 
580 185 
616 658 
313 271 
816 268 
513 264 
637 337 
312 334 
544 391 
339 204 
304 198 
1683 806 
270 272 
582 623 
366 320 
472 384 
535 215 
519 216 
1362 389 
661 1259 
202 559 
68 221 
271 163 
636 366 
469 602 
227 315 
630 613 
699 200 
1170 592 
260 119 
397 544 
839 587 
418 457 
80 76 
199 76 
687 562 
415 351 
673 925 
181 670 
521 1155 
922 376 
494 328 
1938 1597 
696 338 
567 401 
746 239 
511 455 
521 164 
523 179 
352 277 
324 351 
670 667 
380 455 
68 75 
136 86 
986 699 
337 113 
174 75 
521 196 
607 291 
80 76 
76 75 
579 608 
464 243 
544 771 
69 157 
68 118 
1039 329 
400 335 
68 102 
924 273 
527 206 
432 469 
853 431 
75 519 
404 680 
504 289 
447 373 
439 431 
578 464 
382 199 
113 75 
735 478 
493 245 
531 243 
465 286 
763 153 
667 240 
407 482 
1182 299 
556 262 
965 1299 
128 76 
804 729 
70 76 
107 76 
710 679 
103 75 
71 76 
173 192 
340 557 
399 469 
664 258 
571 307 
415 154 
69 75 
850 231 
450 268 
475 466 
68 78 
570 122 
586 175 
1371 489 
602 428 
906 313 
339 438 
691 184 
487 303 
444 357 
900 445 
77 250 
579 840 
975 249 
838 593 
617 221 
772 474 
419 306 
380 324 
69 77 
173 75 
942 857 
449 324 
492 525 
294 193 
723 608 
476 489 
205 101 
555 184 
597 297 
546 402 
855 706 
966 606 
652 415 
418 343 
646 348 
394 126 
