353 257 
265 291 
70 77 
72 74 
693 333 
1174 346 
75 93 
67 76 
584 75 
397 451 
652 323 
585 280 
1202 395 
421 446 
835 223 
617 543 
1939 1661 
93 74 
613 667 
545 414 
344 153 
420 245 
1707 1273 
585 640 
251 222 
312 75 
462 590 
468 387 
306 415 
482 426 
475 470 
580 266 
366 329 
72 73 
607 502 
868 146 
1137 77 
649 852 
631 600 
752 592 
66 82 
490 366 
570 183 
374 428 
254 206 
419 1190 
481 252 
463 74 
381 584 
941 870 
333 695 
449 685 
109 77 
166 203 
262 334 
414 582 
715 471 
546 356 
996 731 
365 602 
991 312 
800 746 
564 405 
456 275 
603 484 
490 271 
349 974 
607 1263 
74 74 
67 77 
370 421 
639 533 
223 109 
66 73 
1014 1371 
443 267 
556 746 
368 559 
73 74 
331 73 
785 558 
359 508 
470 439 
669 550 
279 236 
495 359 
535 514 
766 530 
1018 562 
342 425 
499 73 
67 214 
436 425 
1939 1654 
135 73 
455 326 
452 282 
244 212 
538 499 
743 503 
1188 1183 
1034 544 
343 185 
313 316 
360 659 
821 329 
349 378 
835 677 
353 527 
547 733 
353 746 
547 336 
705 388 
978 403 
282 575 
649 379 
495 588 
528 419 
704 474 
1082 826 
219 310 
68 115 
659 365 
78 73 
626 276 
682 560 
779 190 
510 386 
665 297 
800 843 
509 232 
478 560 
949 447 
596 1252 
442 178 
1771 74 
464 412 
780 803 
1324 1276 
970 976 
90 97 
684 223 
411 74 
361 500 
361 326 
921 751 
442 395 
545 1103 
374 319 
427 292 
622 374 
274 417 
895 402 
515 652 
346 114 
466 588 
418 501 
507 316 
572 74 
473 523 
966 710 
66 72 
402 417 
341 572 
885 395 
67 73 
776 549 
97 777 
111 153 
653 458 
369 256 
651 945 
555 336 
348 444 
824 390 
66 77 
70 74 
501 416 
402 466 
706 310 
1012 762 
278 274 
355 448 
615 412 
563 422 
402 416 
72 85 
802 607 
814 535 
1187 635 
818 229 
67 104 
334 513 
409 442 
443 246 
408 679 
483 818 
183 242 
566 455 
1490 448 
638 1040 
66 214 
434 278 
567 798 
279 301 
536 851 
169 74 
163 112 
690 489 
574 448 
571 911 
1037 862 
1939 1421 
347 749 
1151 184 
524 799 
891 818 
407 624 
523 689 
69 214 
343 243 
80 74 
808 734 
66 74 
470 473 
180 239 
153 556 
1005 436 
559 736 
66 112 
313 551 
66 122 
237 244 
1304 803 
748 420 
858 208 
129 98 
66 80 
537 586 
493 343 
230 316 
76 142 
305 158 
673 717 
599 908 
1178 777 
262 887 
521 242 
531 372 
176 375 
87 77 
516 494 
66 74 
434 360 
549 514 
70 103 
700 560 
582 977 
543 388 
69 195 
206 184 
421 559 
409 424 
441 229 
333 357 
274 308 
660 537 
243 379 
308 299 
112 213 
810 679 
810 534 
492 704 
600 786 
855 233 
357 282 
871 856 
785 666 
1567 77 
621 605 
85 112 
176 531 
581 510 
388 238 
587 402 
460 486 
483 306 
67 74 
756 653 
66 73 
437 298 
650 738 
477 371 
601 773 
884 419 
70 73 
318 316 
697 706 
324 417 
622 545 
113 317 
518 371 
427 329 
536 498 
67 94 
671 234 
672 384 
492 882 
583 451 
902 546 
997 652 
440 544 
489 73 
628 327 
378 719 
360 373 
941 580 
591 682 
467 401 
553 334 
562 160 
916 351 
263 701 
172 333 
1279 883 
996 246 
747 698 
454 600 
220 75 
578 453 
655 187 
795 74 
335 740 
758 808 
548 732 
414 586 
721 252 
779 378 
484 370 
416 742 
861 557 
74 75 
382 212 
543 487 
636 545 
66 73 
864 369 
442 239 
828 596 
494 441 
354 204 
274 332 
734 1166 
392 487 
108 86 
801 612 
907 380 
158 73 
367 505 
1041 189 
368 266 
66 77 
673 861 
514 439 
67 80 
424 888 
1014 1071 
79 75 
419 237 
687 260 
66 82 
285 426 
759 604 
224 608 
583 299 
1044 578 
732 350 
67 194 
1395 473 
401 619 
594 428 
1010 465 
358 529 
767 760 
467 445 
520 308 
590 642 
562 931 
502 341 
516 1112 
478 354 
265 293 
834 467 
427 602 
337 375 
294 380 
448 293 
625 234 
646 300 
458 598 
1023 921 
470 680 
604 412 
388 377 
339 74 
325 307 
67 87 
571 936 
1940 1123 
479 436 
736 558 
306 590 
394 490 
508 537 
402 270 
243 361 
925 1594 
734 578 
1099 529 
67 105 
113 74 
262 74 
659 629 
185 77 
556 310 
486 256 
457 616 
94 74 
522 482 
434 569 
341 513 
730 202 
871 524 
468 382 
486 294 
648 392 
980 360 
67 932 
485 443 
709 527 
1221 564 
410 536 
418 191 
88 94 
623 378 
259 80 
625 124 
346 392 
504 293 
1287 1040 
494 470 
780 418 
771 618 
101 74 
1271 647 
260 649 
593 491 
377 348 
497 342 
763 1152 
507 306 
1449 791 
445 536 
449 594 
836 727 
1167 621 
66 178 
570 387 
362 537 
1122 979 
478 139 
66 72 
443 375 
70 226 
591 293 
487 283 
360 140 
633 1212 
817 414 
405 385 
94 231 
326 351 
69 74 
532 310 
1490 543 
340 413 
292 348 
69 75 
839 689 
344 483 
1425 474 
79 74 
361 461 
67 74 
605 440 
127 73 
290 259 
584 404 
952 1007 
1487 73 
510 345 
311 269 
629 325 
856 73 
689 395 
389 309 
461 644 
171 74 
1940 934 
377 374 
559 1567 
345 386 
66 73 
953 967 
613 312 
791 638 
582 186 
350 302 
574 492 
651 310 
275 214 
101 537 
387 360 
185 74 
953 770 
68 228 
813 702 
366 504 
618 337 
1531 1258 
294 594 
299 390 
376 548 
420 480 
67 373 
67 75 
1003 842 
347 277 
779 1168 
830 486 
767 294 
909 770 
510 266 
547 649 
481 482 
551 518 
835 850 
763 394 
370 240 
105 978 
553 410 
762 325 
416 455 
356 891 
448 512 
1108 509 
68 75 
300 346 
798 561 
375 283 
298 586 
66 413 
395 786 
746 692 
447 552 
440 360 
682 147 
414 342 
238 290 
619 436 
1324 1169 
184 76 
505 490 
70 312 
270 95 
419 461 
711 730 
657 1009 
361 461 
1117 980 
405 342 
195 73 
1567 563 
83 84 
158 312 
711 771 
549 386 
698 681 
312 437 
729 442 
301 264 
66 76 
422 488 
1257 1183 
66 87 
743 382 
325 74 
808 637 
279 238 
147 77 
97 82 
858 73 
379 443 
321 538 
278 74 
437 307 
596 380 
506 499 
815 372 
501 239 
423 349 
185 461 
316 283 
282 292 
70 74 
603 522 
520 286 
1134 697 
465 354 
67 73 
451 1095 
864 865 
488 489 
678 265 
695 728 
553 416 
515 259 
437 293 
376 550 
350 359 
67 74 
394 284 
339 271 
606 783 
252 73 
66 167 
576 369 
1939 1560 
680 200 
601 331 
603 357 
67 75 
1094 232 
81 73 
507 263 
330 113 
982 838 
67 78 
445 749 
906 1179 
548 708 
503 588 
502 187 
1029 677 
1138 376 
662 182 
493 330 
114 179 
356 79 
452 578 
470 364 
1939 1595 
445 437 
441 262 
82 78 
424 209 
382 481 
528 383 
415 288 
567 468 
1413 150 
695 568 
66 101 
603 681 
403 226 
350 378 
444 481 
510 909 
357 291 
501 388 
388 847 
67 85 
730 690 
898 1374 
1793 1080 
94 285 
439 388 
1261 695 
933 681 
392 597 
90 88 
494 467 
996 1049 
83 104 
330 435 
439 648 
269 304 
349 489 
447 519 
630 381 
407 428 
476 408 
565 401 
1203 985 
799 507 
182 74 
503 678 
1221 801 
499 610 
425 379 
1374 957 
162 73 
598 342 
600 352 
371 322 
935 746 
1124 1196 
479 335 
666 623 
918 318 
600 1066 
67 84 
581 361 
1646 560 
456 411 
105 73 
67 73 
293 311 
583 80 
66 148 
66 130 
545 588 
400 500 
83 76 
504 251 
277 341 
235 156 
390 662 
318 501 
574 564 
723 1482 
945 450 
563 920 
570 467 
753 413 
1052 529 
655 731 
426 137 
637 434 
534 568 
1939 846 
651 472 
691 676 
66 78 
101 73 
1148 642 
1167 928 
728 708 
370 287 
1495 74 
621 75 
1940 1620 
1076 855 
500 567 
663 727 
1098 74 
327 408 
537 493 
66 253 
1254 1026 
544 382 
68 79 
513 318 
66 210 
72 85 
419 349 
1122 74 
265 206 
106 75 
362 448 
894 712 
159 108 
1074 674 
602 999 
1387 398 
728 857 
89 74 
431 421 
688 421 
707 475 
674 561 
602 310 
730 407 
623 811 
473 382 
143 105 
429 256 
391 195 
614 619 
592 917 
317 274 
600 514 
689 374 
498 777 
290 344 
285 488 
848 564 
529 240 
389 541 
547 355 
698 411 
344 348 
68 80 
970 984 
453 755 
764 497 
954 625 
488 622 
569 500 
651 452 
498 528 
382 1284 
372 530 
663 652 
416 374 
720 908 
143 110 
109 100 
603 705 
886 396 
409 448 
477 589 
437 522 
838 1045 
313 321 
261 252 
502 212 
441 394 
502 305 
400 630 
190 515 
67 91 
347 309 
810 539 
828 785 
1611 440 
1511 445 
541 381 
369 217 
607 813 
157 207 
900 300 
69 74 
472 294 
507 387 
534 178 
668 214 
544 453 
401 571 
347 198 
978 251 
508 490 
760 652 
67 75 
617 449 
496 216 
763 620 
741 715 
948 868 
273 679 
552 436 
568 228 
825 459 
710 841 
364 203 
588 328 
369 256 
452 627 
683 677 
311 328 
339 667 
655 732 
72 452 
746 400 
1939 655 
256 682 
686 368 
924 539 
483 407 
623 145 
365 229 
418 558 
1097 724 
1784 1272 
235 796 
591 387 
682 552 
545 360 
439 526 
281 251 
935 418 
426 378 
512 246 
619 352 
76 85 
518 651 
321 450 
397 512 
1247 322 
830 708 
171 73 
491 352 
508 635 
543 179 
597 262 
568 413 
283 207 
419 497 
554 900 
313 229 
94 223 
125 75 
891 339 
996 413 
298 447 
284 607 
1247 1445 
495 324 
953 365 
100 608 
515 961 
513 659 
71 74 
687 638 
558 231 
84 74 
469 856 
926 680 
721 355 
268 282 
1194 772 
1405 797 
381 514 
534 518 
818 433 
1368 573 
397 622 
476 429 
66 75 
289 113 
464 544 
1515 1118 
536 452 
450 480 
555 376 
428 356 
473 382 
67 90 
297 916 
572 576 
289 636 
416 594 
357 425 
83 124 
67 74 
540 183 
650 455 
489 598 
1059 714 
318 479 
406 430 
550 443 
524 523 
509 673 
640 316 
485 389 
723 547 
304 304 
408 876 
578 556 
441 558 
584 633 
900 723 
412 507 
456 460 
169 103 
466 367 
714 1022 
450 380 
602 547 
434 586 
583 408 
397 283 
617 110 
810 593 
91 73 
822 618 
160 249 
69 76 
235 278 
157 348 
570 390 
66 76 
732 229 
325 353 
731 301 
570 577 
439 562 
595 296 
444 333 
829 543 
489 204 
374 906 
379 426 
95 120 
716 811 
165 74 
340 315 
534 367 
505 274 
637 321 
273 202 
457 544 
506 227 
70 75 
381 578 
756 493 
103 78 
317 240 
567 700 
67 73 
206 437 
732 676 
285 322 
1293 1162 
293 244 
68 77 
507 334 
532 770 
754 481 
793 74 
886 549 
996 688 
637 772 
1580 1288 
265 417 
67 91 
66 75 
456 466 
599 492 
339 246 
803 454 
520 332 
530 369 
870 550 
500 317 
642 914 
559 956 
515 653 
517 331 
673 479 
639 372 
968 418 
692 395 
623 965 
259 515 
494 310 
661 374 
66 399 
668 495 
446 668 
577 699 
518 791 
637 671 
770 496 
634 643 
722 431 
207 349 
388 536 
409 550 
530 521 
175 73 
1292 789 
651 1165 
418 317 
233 626 
711 417 
879 1135 
448 613 
585 309 
417 290 
527 74 
523 340 
98 95 
1196 794 
158 582 
1065 1149 
350 214 
1104 771 
645 362 
491 438 
987 500 
515 712 
432 215 
382 341 
600 353 
392 535 
335 378 
868 653 
657 609 
337 168 
116 74 
301 345 
569 491 
691 275 
348 262 
304 276 
71 76 
641 295 
66 78 
213 75 
553 400 
401 727 
196 75 
802 570 
125 87 
310 309 
643 402 
576 327 
879 749 
1067 1066 
540 401 
67 85 
682 388 
409 324 
73 74 
717 482 
754 1060 
284 350 
591 535 
245 317 
523 335 
1259 1307 
504 74 
783 595 
428 767 
67 73 
170 93 
368 512 
441 494 
450 402 
631 504 
558 572 
67 73 
455 543 
539 632 
443 368 
646 902 
1017 754 
69 392 
477 653 
960 952 
626 765 
1156 1111 
369 454 
618 801 
1139 1220 
1419 1495 
440 289 
910 776 
532 486 
418 502 
584 327 
607 532 
246 75 
1196 484 
680 747 
299 262 
68 76 
1480 1261 
506 261 
827 276 
500 382 
786 1355 
684 512 
1204 1346 
714 450 
559 246 
386 464 
547 641 
510 360 
557 560 
951 603 
221 79 
455 582 
521 407 
120 74 
641 875 
591 250 
661 742 
662 510 
119 73 
415 702 
568 498 
660 428 
76 74 
835 610 
657 643 
67 79 
1315 807 
1239 1126 
755 408 
326 359 
88 152 
357 294 
549 74 
269 445 
140 127 
1212 869 
188 74 
860 659 
68 313 
1710 1512 
338 300 
673 431 
964 551 
447 575 
380 731 
167 75 
275 171 
986 998 
437 957 
301 216 
104 525 
421 246 
279 425 
587 729 
475 487 
1247 409 
572 267 
266 268 
1437 1243 
737 78 
699 322 
568 541 
1106 336 
622 685 
82 480 
593 473 
498 75 
191 252 
626 341 
371 385 
451 468 
72 84 
151 256 
1096 986 
74 74 
367 364 
70 74 
638 626 
694 1020 
456 184 
1370 592 
275 358 
800 205 
468 376 
1248 75 
690 173 
1641 1424 
674 595 
402 401 
727 655 
102 74 
841 603 
602 385 
550 394 
768 359 
533 615 
506 450 
1385 762 
704 1159 
679 515 
418 530 
783 487 
578 307 
831 596 
293 508 
1739 537 
741 585 
342 342 
667 482 
366 334 
676 288 
424 338 
403 397 
883 842 
565 450 
134 145 
552 481 
375 419 
77 74 
67 76 
770 1190 
292 216 
643 371 
551 298 
196 94 
443 351 
646 745 
780 702 
330 74 
864 443 
67 559 
570 270 
197 543 
488 1224 
413 409 
366 680 
665 598 
571 575 
69 74 
371 473 
569 734 
355 448 
625 426 
445 422 
98 74 
372 338 
323 528 
421 664 
515 207 
873 765 
406 340 
321 338 
249 534 
485 247 
282 247 
869 747 
482 992 
530 801 
351 159 
908 649 
339 956 
684 747 
769 362 
716 474 
66 81 
528 413 
68 74 
208 302 
68 82 
403 237 
66 73 
69 140 
70 74 
588 623 
303 223 
415 86 
1006 1016 
66 74 
197 271 
303 526 
321 308 
549 517 
70 76 
227 316 
622 309 
485 748 
356 415 
268 324 
543 612 
564 173 
194 79 
1610 543 
306 100 
483 395 
564 511 
1180 950 
619 305 
761 392 
437 476 
495 533 
497 332 
481 277 
550 682 
329 379 
902 605 
440 558 
620 325 
1097 536 
69 73 
536 474 
1019 1194 
320 124 
955 349 
546 359 
67 74 
311 413 
81 165 
100 74 
457 216 
327 484 
493 885 
375 705 
511 368 
344 184 
699 707 
68 74 
830 925 
411 202 
671 917 
402 401 
423 596 
89 80 
259 451 
613 237 
596 580 
651 279 
597 741 
591 649 
440 655 
522 371 
521 343 
444 348 
371 350 
378 432 
929 799 
376 461 
1024 502 
740 1035 
67 135 
1063 1574 
409 472 
445 806 
641 709 
1209 1298 
1446 1544 
876 985 
70 86 
619 321 
457 195 
213 801 
368 422 
439 313 
417 272 
710 554 
1500 530 
634 420 
482 882 
383 429 
639 545 
822 612 
351 223 
157 85 
69 213 
379 273 
228 173 
730 376 
389 73 
838 829 
494 401 
719 587 
687 491 
402 382 
522 402 
993 369 
579 306 
98 88 
443 362 
628 711 
215 131 
68 74 
784 723 
69 92 
483 286 
264 509 
579 416 
280 249 
487 240 
388 348 
1057 75 
466 500 
567 230 
306 487 
433 820 
67 77 
91 672 
451 632 
652 541 
743 496 
455 311 
962 553 
542 796 
584 422 
260 108 
981 832 
597 448 
818 692 
514 547 
674 566 
576 457 
472 599 
1162 884 
799 569 
89 74 
237 260 
117 74 
71 200 
170 498 
1402 458 
535 333 
69 321 
69 74 
651 308 
610 153 
452 457 
547 521 
75 77 
327 265 
625 123 
457 629 
480 597 
570 318 
774 813 
300 501 
1938 150 
690 584 
448 233 
240 186 
495 587 
358 164 
390 265 
976 462 
1124 731 
412 294 
506 317 
722 848 
682 507 
692 793 
556 890 
403 901 
432 371 
414 593 
453 284 
593 214 
282 461 
407 535 
68 136 
582 674 
609 425 
514 348 
67 74 
231 438 
102 429 
762 382 
310 89 
358 596 
598 518 
566 169 
115 75 
341 574 
1102 675 
526 401 
714 716 
190 76 
532 570 
461 422 
680 981 
94 74 
562 805 
736 375 
672 408 
576 446 
310 352 
888 536 
142 74 
378 885 
410 420 
447 364 
347 607 
813 612 
635 228 
996 1021 
70 96 
467 703 
178 188 
66 299 
555 316 
774 538 
613 460 
356 354 
868 491 
694 425 
457 354 
1132 1038 
1540 899 
780 465 
356 254 
573 930 
66 74 
77 74 
797 434 
405 215 
1222 576 
1053 1238 
435 285 
119 75 
976 470 
609 372 
453 325 
276 251 
68 119 
1939 430 
661 710 
1341 353 
907 538 
315 565 
69 191 
1780 747 
620 272 
985 1091 
589 364 
607 266 
453 863 
470 194 
75 74 
1269 944 
714 1011 
821 809 
914 916 
444 422 
380 317 
588 302 
625 591 
495 397 
76 85 
699 775 
462 184 
1272 256 
368 428 
241 73 
565 494 
450 406 
330 521 
313 483 
320 378 
66 73 
416 346 
560 388 
65 1285 
589 801 
882 680 
916 571 
450 689 
883 496 
1938 73 
363 433 
952 898 
302 178 
588 646 
305 396 
705 772 
167 382 
74 224 
890 381 
322 371 
632 510 
656 376 
67 111 
397 513 
1939 911 
593 359 
493 489 
410 451 
606 391 
781 613 
453 844 
318 375 
419 603 
66 129 
483 360 
364 375 
66 239 
1044 840 
582 675 
954 1300 
810 534 
662 878 
100 74 
393 512 
667 656 
458 360 
511 440 
1053 1013 
398 484 
507 489 
994 676 
1475 589 
81 74 
458 269 
931 978 
67 73 
433 420 
496 430 
77 142 
587 329 
495 335 
350 389 
492 555 
89 206 
435 362 
614 287 
959 464 
652 199 
67 79 
515 581 
218 479 
558 411 
1315 1128 
762 441 
396 362 
870 449 
338 403 
1201 929 
448 364 
560 770 
71 75 
67 111 
596 626 
620 443 
715 487 
465 485 
525 634 
1028 1654 
545 798 
566 212 
824 521 
112 74 
644 569 
617 440 
868 74 
394 327 
357 338 
552 490 
404 428 
74 74 
915 511 
678 514 
613 903 
400 275 
83 84 
662 495 
1483 781 
554 405 
68 167 
440 373 
473 578 
403 222 
1276 75 
566 581 
510 199 
68 308 
668 432 
654 470 
246 698 
597 384 
1601 1093 
907 349 
560 344 
521 352 
213 939 
322 432 
593 802 
432 244 
1154 1216 
475 473 
641 486 
517 354 
320 420 
1224 740 
259 83 
367 340 
273 325 
968 581 
430 480 
553 747 
1309 1020 
568 656 
227 73 
1007 114 
1308 1058 
917 596 
471 467 
449 703 
389 405 
549 348 
170 76 
551 241 
563 81 
250 981 
502 192 
977 795 
365 77 
106 74 
241 218 
540 266 
466 424 
690 515 
320 409 
703 893 
660 464 
329 306 
437 423 
75 88 
521 666 
914 73 
1278 991 
330 654 
1009 204 
160 118 
531 394 
352 80 
397 457 
597 700 
1612 1308 
489 428 
495 296 
746 367 
656 429 
330 279 
73 279 
67 76 
105 73 
72 357 
362 73 
336 263 
471 441 
658 589 
66 374 
495 744 
1149 451 
612 728 
516 238 
850 666 
867 740 
1053 443 
371 485 
465 462 
1093 185 
650 399 
552 364 
402 413 
1121 908 
262 307 
1469 623 
589 454 
670 496 
825 74 
369 245 
1078 794 
67 73 
375 355 
818 476 
290 290 
662 388 
491 411 
318 451 
624 457 
860 361 
1207 356 
335 543 
224 75 
456 739 
156 74 
834 310 
1565 1520 
684 594 
408 643 
71 76 
328 630 
259 483 
364 678 
253 74 
338 278 
1245 228 
352 265 
66 138 
329 73 
940 74 
654 384 
746 687 
193 81 
652 428 
582 720 
241 331 
658 543 
67 86 
497 267 
67 73 
68 74 
619 350 
453 494 
847 654 
707 1280 
366 339 
362 471 
620 289 
614 410 
619 420 
1190 939 
520 399 
415 334 
910 928 
511 308 
598 412 
670 484 
568 855 
463 285 
199 84 
887 286 
1033 73 
643 542 
67 93 
387 350 
496 367 
208 212 
542 73 
454 583 
1120 877 
725 79 
465 353 
204 82 
484 426 
67 99 
324 342 
1027 970 
613 723 
445 222 
538 541 
566 729 
67 75 
765 617 
67 81 
499 258 
774 549 
656 357 
856 1221 
66 72 
488 295 
542 613 
857 1078 
67 74 
1938 326 
112 74 
656 539 
1418 783 
1001 303 
736 556 
432 321 
1497 1056 
1061 829 
915 391 
356 460 
613 256 
627 647 
137 294 
147 74 
511 224 
336 448 
309 378 
510 373 
68 284 
267 92 
1854 363 
754 648 
481 237 
480 510 
71 168 
744 484 
332 549 
67 74 
312 373 
399 435 
384 346 
281 254 
425 260 
582 396 
316 446 
74 858 
319 355 
513 915 
492 683 
586 690 
479 438 
661 575 
136 572 
68 190 
160 78 
811 382 
689 445 
869 477 
654 601 
718 881 
439 307 
596 402 
1425 1046 
250 487 
1707 991 
468 449 
299 382 
413 705 
207 74 
862 811 
416 500 
325 167 
67 347 
683 187 
1222 198 
297 407 
336 1296 
764 358 
1458 991 
601 990 
236 74 
660 209 
71 310 
567 520 
156 74 
512 241 
480 567 
571 271 
471 405 
856 722 
272 571 
977 677 
96 75 
493 351 
463 606 
207 158 
902 555 
349 404 
499 426 
499 74 
1745 87 
81 75 
792 1027 
691 719 
279 133 
67 74 
428 498 
593 536 
306 318 
342 329 
598 485 
78 202 
475 537 
332 73 
422 450 
632 259 
675 474 
555 263 
483 478 
645 620 
416 607 
412 400 
443 246 
246 290 
539 569 
566 407 
373 921 
509 688 
452 420 
335 871 
403 404 
595 412 
428 482 
352 331 
504 456 
68 181 
324 366 
1253 298 
855 598 
1139 898 
366 527 
641 993 
245 580 
366 202 
493 535 
415 226 
71 100 
157 1331 
403 354 
763 595 
512 487 
80 146 
1362 665 
1939 1600 
382 375 
991 717 
67 76 
691 333 
597 381 
649 351 
623 532 
922 1085 
202 124 
540 394 
305 579 
708 944 
525 941 
755 726 
820 438 
619 331 
569 76 
553 423 
840 332 
565 549 
492 513 
337 446 
306 74 
268 173 
393 363 
67 78 
799 439 
1098 790 
592 728 
70 73 
644 391 
496 307 
82 282 
383 822 
811 273 
967 369 
1027 467 
742 773 
258 334 
640 457 
513 287 
434 247 
439 328 
773 645 
550 413 
615 585 
541 646 
77 74 
624 633 
629 689 
852 428 
706 458 
68 97 
471 475 
588 368 
522 558 
330 287 
552 464 
1008 1087 
475 358 
553 264 
278 293 
479 266 
525 689 
88 75 
442 543 
453 687 
686 813 
673 422 
362 404 
590 456 
1013 925 
459 73 
594 360 
66 73 
141 74 
537 475 
571 776 
537 821 
577 582 
780 73 
505 224 
1939 1498 
69 74 
764 539 
718 604 
241 223 
264 611 
382 1003 
591 476 
363 470 
494 339 
1902 1445 
537 593 
443 487 
306 270 
215 405 
479 361 
414 970 
1233 721 
348 352 
458 692 
75 74 
695 310 
509 474 
302 346 
423 422 
668 599 
793 339 
378 243 
545 1293 
241 403 
556 243 
985 393 
70 74 
671 930 
220 257 
219 272 
823 664 
215 74 
631 217 
578 370 
511 277 
340 542 
535 607 
70 73 
664 525 
504 694 
834 750 
799 387 
569 797 
71 173 
593 304 
435 484 
159 103 
508 382 
720 875 
67 74 
476 456 
258 325 
202 286 
377 504 
407 577 
527 384 
462 326 
343 468 
998 428 
553 644 
273 240 
813 358 
574 337 
510 486 
67 172 
417 399 
1205 549 
1187 829 
401 262 
330 230 
471 74 
695 877 
68 78 
554 471 
484 296 
614 358 
338 317 
313 589 
1319 150 
1107 1113 
1585 261 
586 389 
599 464 
660 478 
551 366 
87 75 
450 457 
144 214 
410 750 
630 249 
520 615 
352 1105 
379 604 
461 408 
1498 500 
1939 866 
67 73 
921 815 
159 454 
904 491 
1405 753 
951 455 
345 433 
404 445 
463 254 
546 355 
355 261 
912 1205 
1470 664 
435 373 
402 365 
67 159 
316 231 
67 75 
495 186 
1235 1424 
470 437 
497 560 
427 738 
509 579 
134 74 
521 485 
1032 674 
372 75 
1360 1179 
437 433 
84 75 
812 1231 
90 75 
231 235 
720 808 
558 286 
243 74 
501 575 
767 286 
396 284 
411 289 
376 177 
690 471 
573 384 
359 612 
379 288 
68 74 
1655 1179 
484 317 
676 741 
747 1266 
1005 1152 
478 584 
448 272 
1121 1034 
915 696 
77 113 
331 448 
848 612 
933 295 
1133 477 
69 79 
262 568 
482 551 
476 203 
830 1049 
71 74 
547 429 
492 372 
331 608 
578 610 
65 496 
1940 1130 
538 746 
808 575 
454 383 
666 456 
672 729 
1143 532 
585 635 
587 988 
437 183 
67 119 
1939 1135 
708 334 
186 76 
327 305 
687 218 
856 568 
314 417 
498 457 
171 301 
602 248 
1159 817 
436 514 
985 843 
426 556 
498 533 
660 484 
73 74 
369 270 
414 417 
416 512 
192 74 
67 77 
543 358 
937 229 
1517 478 
66 73 
369 359 
466 358 
585 819 
621 693 
508 283 
66 75 
575 520 
600 664 
1011 856 
524 431 
557 557 
932 531 
463 426 
347 280 
256 652 
539 215 
874 926 
363 675 
767 654 
839 415 
283 544 
648 885 
324 402 
485 207 
315 74 
753 475 
416 275 
405 235 
273 566 
1210 746 
439 330 
450 534 
365 328 
313 74 
405 514 
618 534 
493 395 
939 350 
208 236 
514 399 
676 464 
346 434 
1010 426 
325 477 
473 278 
675 775 
652 533 
283 481 
358 232 
854 461 
496 766 
809 460 
344 395 
380 535 
374 605 
587 705 
69 236 
666 434 
1447 514 
593 289 
531 365 
1053 1140 
445 639 
1071 1183 
147 76 
1141 1655 
456 777 
858 623 
699 519 
604 846 
71 141 
367 726 
850 198 
582 741 
767 335 
699 297 
254 650 
191 74 
297 90 
1547 99 
562 420 
78 255 
814 436 
356 247 
85 96 
879 936 
755 849 
889 865 
73 81 
279 481 
713 1084 
642 566 
597 621 
1298 1074 
985 336 
67 74 
541 800 
685 531 
700 432 
669 450 
769 951 
193 406 
661 665 
653 532 
305 278 
427 855 
570 532 
434 360 
356 401 
628 458 
747 550 
536 687 
732 614 
360 349 
534 710 
498 288 
1924 885 
67 75 
615 732 
650 327 
310 316 
228 80 
1569 1520 
523 347 
318 332 
455 539 
76 129 
748 391 
484 840 
603 351 
662 549 
435 458 
293 887 
1810 1043 
82 145 
702 582 
1154 941 
926 580 
1164 950 
503 503 
754 411 
842 615 
580 494 
391 323 
590 313 
550 919 
67 74 
335 304 
514 692 
320 951 
763 557 
448 500 
194 314 
68 118 
1177 588 
67 74 
69 78 
67 96 
350 99 
411 337 
88 78 
1411 379 
407 349 
417 228 
912 1104 
154 74 
501 508 
315 539 
538 289 
258 476 
76 73 
563 670 
300 448 
826 854 
67 74 
451 407 
249 519 
205 75 
1151 774 
322 461 
608 1298 
523 477 
393 339 
869 554 
436 511 
1939 1668 
893 731 
591 323 
320 289 
463 510 
461 378 
419 151 
675 865 
446 842 
529 180 
381 407 
467 280 
271 391 
362 515 
134 74 
399 572 
656 297 
560 748 
406 335 
224 634 
1169 1545 
310 172 
539 74 
389 538 
601 1128 
71 73 
1300 868 
344 286 
307 268 
67 74 
66 261 
473 653 
532 468 
396 269 
576 507 
301 369 
74 75 
66 423 
367 76 
482 261 
598 728 
289 382 
473 601 
703 349 
446 369 
345 685 
493 251 
445 547 
86 75 
876 549 
1449 562 
325 482 
441 445 
67 140 
545 532 
320 519 
587 681 
783 661 
425 367 
678 430 
68 123 
779 571 
383 655 
72 97 
67 279 
618 483 
618 446 
986 1202 
185 640 
763 526 
574 503 
648 453 
68 74 
458 651 
67 74 
412 203 
91 77 
901 769 
518 583 
287 360 
412 860 
405 179 
67 148 
172 557 
514 165 
1359 459 
185 747 
335 322 
754 74 
434 363 
654 791 
143 314 
832 756 
68 73 
1060 584 
700 293 
427 508 
241 302 
539 534 
578 499 
251 514 
735 523 
667 392 
807 74 
376 390 
68 73 
1010 874 
338 259 
739 758 
197 394 
469 207 
102 77 
1939 1668 
259 181 
594 380 
187 1031 
550 282 
557 625 
421 553 
398 865 
456 657 
1008 737 
137 143 
99 217 
351 318 
1701 499 
465 598 
1939 1398 
1198 851 
464 519 
658 874 
844 766 
327 75 
384 223 
67 78 
392 249 
428 477 
428 454 
150 73 
178 408 
349 452 
449 394 
705 496 
478 441 
528 585 
276 330 
1666 966 
321 403 
340 247 
80 76 
1939 1669 
287 315 
338 411 
1097 1194 
1471 1184 
194 482 
401 360 
87 102 
67 86 
396 367 
947 911 
1176 959 
121 78 
254 538 
1057 393 
716 724 
297 74 
72 74 
1222 1214 
518 360 
233 733 
572 571 
1622 217 
546 335 
607 426 
839 538 
1045 355 
506 181 
355 964 
245 412 
79 73 
440 775 
730 365 
290 655 
531 358 
341 330 
371 400 
414 364 
327 420 
1037 826 
633 455 
690 753 
560 606 
204 74 
404 281 
1035 676 
460 203 
68 89 
511 443 
283 751 
705 545 
554 755 
491 310 
574 626 
777 681 
715 464 
484 603 
463 327 
67 74 
765 482 
487 400 
273 565 
997 675 
69 93 
387 73 
1939 790 
91 150 
292 403 
1010 74 
454 301 
502 246 
90 95 
67 85 
433 312 
320 379 
603 743 
453 833 
557 311 
780 1632 
1254 639 
384 366 
612 587 
427 390 
280 470 
475 298 
473 278 
599 179 
787 337 
600 653 
307 898 
291 486 
509 420 
1087 1160 
792 429 
696 188 
1275 841 
446 281 
67 79 
67 74 
438 288 
67 74 
726 670 
482 558 
67 73 
68 76 
1153 606 
367 284 
1315 628 
205 115 
931 1046 
128 76 
412 214 
631 364 
1176 948 
606 995 
372 599 
677 862 
515 537 
414 348 
443 323 
501 455 
334 269 
69 73 
67 95 
741 568 
357 376 
845 362 
67 333 
389 802 
478 489 
82 74 
445 310 
238 356 
573 617 
486 563 
339 436 
643 275 
1317 1439 
548 712 
632 489 
441 360 
966 683 
435 404 
711 624 
70 461 
720 575 
407 349 
481 654 
1078 502 
494 375 
400 626 
250 414 
137 74 
594 552 
66 73 
611 721 
133 76 
574 668 
100 75 
628 75 
1447 710 
413 449 
93 74 
66 151 
754 1096 
129 176 
70 92 
766 804 
451 209 
625 377 
392 233 
374 447 
467 329 
871 693 
344 349 
393 463 
557 765 
758 440 
907 751 
83 77 
1419 504 
534 1023 
344 397 
334 150 
462 563 
165 295 
67 500 
303 421 
547 308 
505 367 
296 200 
67 255 
67 74 
354 376 
596 799 
525 344 
1145 1157 
373 479 
346 272 
637 204 
662 381 
484 472 
74 74 
685 381 
127 74 
68 88 
70 84 
610 1121 
187 75 
301 404 
922 1016 
920 74 
1220 1135 
432 498 
642 702 
464 768 
399 253 
599 378 
68 74 
547 552 
94 116 
926 909 
367 211 
665 432 
1398 74 
283 742 
439 317 
1272 860 
73 108 
823 518 
701 679 
940 222 
1088 739 
468 356 
671 434 
437 398 
743 410 
68 74 
510 332 
501 397 
84 199 
943 1004 
830 700 
610 750 
160 76 
413 394 
782 196 
347 270 
572 485 
490 562 
906 798 
664 457 
354 466 
358 497 
67 74 
672 324 
775 579 
484 315 
480 373 
1299 144 
1385 1239 
1150 752 
87 210 
1339 765 
819 483 
410 496 
729 767 
868 898 
497 264 
284 583 
276 296 
419 558 
520 389 
960 441 
