651 671 
658 800 
1548 133 
917 1055 
1937 1684 
432 680 
1558 77 
433 750 
543 874 
366 586 
136 76 
568 1123 
514 790 
638 922 
917 1261 
363 742 
650 1336 
345 538 
720 1075 
72 80 
738 1190 
96 618 
572 560 
82 77 
71 76 
72 78 
611 830 
90 77 
591 926 
952 807 
728 533 
398 663 
93 76 
429 869 
70 315 
677 734 
485 582 
742 1335 
394 1121 
525 668 
75 209 
269 913 
458 945 
673 1263 
546 813 
920 583 
315 404 
1115 515 
70 207 
321 779 
362 493 
428 802 
721 842 
1399 527 
534 779 
1059 544 
350 478 
426 656 
678 557 
737 1285 
107 75 
699 76 
73 80 
237 1352 
557 951 
629 810 
289 514 
733 926 
330 593 
586 497 
387 76 
114 77 
567 746 
589 1278 
139 474 
837 1503 
537 780 
369 601 
69 84 
1316 1460 
492 551 
440 687 
72 82 
545 755 
421 551 
276 1275 
716 980 
544 1567 
523 588 
404 774 
1048 1264 
560 780 
69 111 
146 165 
75 77 
70 153 
463 830 
338 76 
642 749 
771 790 
180 78 
814 1427 
69 727 
71 123 
491 521 
629 976 
644 881 
524 879 
1938 1371 
255 973 
922 1361 
637 684 
647 650 
516 1048 
436 667 
1147 950 
737 807 
427 1125 
297 77 
358 362 
70 75 
626 76 
70 83 
411 941 
238 594 
398 82 
250 477 
1098 1637 
648 727 
71 78 
116 89 
70 76 
358 715 
312 676 
95 77 
292 739 
70 155 
70 77 
553 1553 
350 697 
72 290 
744 905 
82 210 
527 691 
964 939 
115 84 
471 1127 
846 851 
100 78 
640 1398 
78 159 
770 1144 
70 76 
511 1156 
451 681 
919 781 
402 951 
145 77 
650 1092 
627 906 
427 789 
534 581 
455 508 
249 852 
503 812 
73 77 
235 843 
737 77 
1566 1151 
354 820 
436 712 
687 610 
615 274 
482 886 
70 86 
508 654 
562 751 
296 1216 
1007 1594 
543 683 
828 1193 
952 1346 
70 77 
714 1278 
839 1472 
947 1473 
394 841 
481 620 
1133 1450 
650 963 
305 1147 
172 76 
1143 1602 
70 83 
1286 1260 
454 648 
338 1120 
1853 1258 
72 249 
70 294 
1718 1582 
613 901 
594 815 
215 810 
1173 1012 
70 537 
500 780 
541 1293 
679 890 
429 992 
73 759 
808 1350 
588 1130 
134 407 
1121 1293 
679 615 
474 560 
499 1051 
628 963 
743 481 
1026 1482 
117 103 
1222 1359 
560 758 
69 77 
496 737 
602 1267 
686 688 
773 983 
869 679 
607 664 
295 710 
409 801 
70 76 
666 1014 
401 666 
442 823 
73 77 
550 693 
113 87 
565 590 
879 890 
702 794 
722 949 
428 684 
785 705 
1064 1466 
760 1438 
1922 1669 
109 80 
637 1270 
1936 86 
571 82 
541 1509 
435 844 
548 933 
282 677 
248 705 
259 1128 
447 752 
644 854 
488 1004 
513 669 
207 726 
775 1019 
547 853 
541 1392 
443 902 
69 861 
453 950 
853 880 
70 76 
237 529 
688 1177 
378 1138 
523 687 
1066 1238 
717 843 
627 828 
374 748 
364 472 
589 1006 
87 76 
1020 1507 
917 1457 
281 1082 
421 533 
252 878 
412 780 
608 490 
655 851 
349 712 
218 781 
420 1531 
1916 944 
415 992 
494 707 
554 76 
305 1278 
268 1312 
583 1321 
662 689 
261 729 
139 76 
294 689 
652 729 
126 1497 
583 76 
460 685 
910 843 
282 482 
370 769 
87 381 
78 76 
1937 1176 
1071 1109 
388 568 
507 592 
1457 1175 
480 648 
673 546 
73 143 
707 1317 
69 78 
543 1537 
641 844 
618 1041 
577 764 
70 89 
740 1015 
1937 1335 
613 878 
363 748 
562 1056 
1937 1102 
399 999 
80 119 
71 76 
328 865 
560 760 
150 85 
1937 1681 
787 636 
71 177 
77 80 
883 669 
700 1086 
1535 673 
472 736 
1116 1353 
1937 1678 
74 77 
581 787 
529 735 
72 76 
663 891 
397 77 
472 554 
363 1279 
70 79 
366 1015 
245 912 
75 76 
664 1306 
424 434 
594 859 
602 1198 
733 678 
687 555 
512 567 
696 835 
605 661 
464 890 
418 537 
70 79 
476 574 
735 718 
107 594 
583 712 
742 694 
70 76 
355 645 
1432 1609 
435 827 
481 403 
379 868 
338 139 
490 636 
535 1170 
529 1003 
600 1024 
222 77 
348 863 
774 959 
580 726 
485 655 
481 942 
79 81 
577 684 
664 1201 
695 806 
961 1573 
459 554 
77 100 
559 535 
405 123 
638 677 
466 627 
668 1004 
506 614 
467 1256 
967 1095 
649 1078 
975 1121 
668 1390 
70 78 
584 963 
771 714 
948 1203 
412 781 
364 527 
471 1042 
232 78 
600 1057 
337 879 
816 894 
637 652 
81 598 
70 107 
361 830 
629 1117 
264 591 
705 1052 
489 1211 
405 806 
250 388 
966 824 
1259 1424 
835 1030 
1269 1463 
138 77 
1008 1647 
493 895 
397 724 
70 76 
880 554 
270 1016 
944 743 
635 761 
632 677 
502 809 
459 770 
565 1037 
70 109 
71 376 
728 96 
700 991 
154 484 
675 911 
143 956 
638 1488 
678 78 
438 507 
441 796 
253 83 
201 78 
581 491 
445 978 
738 1146 
70 670 
868 1679 
483 903 
104 76 
647 1153 
356 1167 
481 752 
70 76 
400 1207 
70 76 
775 815 
658 715 
1003 577 
421 454 
69 91 
540 786 
847 1313 
771 929 
790 1364 
433 955 
1211 1438 
273 905 
434 619 
134 77 
287 475 
883 1249 
912 141 
173 96 
310 885 
853 997 
514 1339 
1476 86 
549 801 
424 994 
621 456 
296 941 
569 816 
606 705 
667 761 
475 813 
493 631 
459 780 
435 908 
720 1023 
784 979 
469 646 
206 75 
71 84 
70 77 
443 860 
82 77 
1564 1387 
479 704 
76 78 
491 77 
380 1057 
405 1039 
70 78 
1256 1176 
523 601 
113 77 
154 76 
512 860 
918 1608 
697 833 
864 1532 
563 749 
315 78 
109 77 
1739 677 
410 776 
1559 1683 
169 100 
767 859 
1937 1693 
498 1260 
158 86 
416 760 
788 796 
1642 1188 
75 90 
472 1057 
1029 1405 
598 741 
792 1384 
265 936 
83 102 
831 1159 
620 989 
337 732 
363 1356 
81 77 
990 751 
630 1075 
650 1619 
90 1439 
811 1011 
700 1177 
209 1036 
788 848 
486 627 
656 1408 
760 78 
142 100 
733 877 
101 169 
971 1345 
70 177 
136 76 
473 598 
106 77 
643 93 
533 704 
70 76 
796 1192 
71 554 
463 855 
580 852 
76 76 
562 865 
1039 1297 
506 762 
70 481 
884 1522 
540 924 
568 773 
629 764 
1021 998 
483 778 
1007 1349 
1395 1369 
432 807 
1669 937 
742 862 
264 90 
167 77 
1258 1067 
1889 833 
514 532 
347 741 
875 897 
71 76 
70 247 
545 874 
905 1430 
70 134 
832 849 
395 699 
698 906 
498 854 
614 583 
74 76 
1208 679 
779 1027 
71 76 
660 700 
709 1343 
940 962 
414 593 
1092 968 
157 76 
430 791 
181 434 
72 190 
962 1141 
70 205 
91 76 
816 845 
77 77 
926 794 
640 830 
548 1088 
101 559 
70 110 
455 530 
628 1340 
79 76 
408 706 
440 866 
185 750 
494 607 
333 1221 
539 683 
278 178 
349 422 
552 336 
574 700 
128 92 
1470 1551 
396 877 
562 938 
596 1017 
209 81 
277 78 
801 676 
425 596 
70 220 
545 598 
911 1602 
1329 1176 
385 1260 
978 1169 
416 869 
538 639 
70 99 
462 750 
787 1150 
638 796 
105 797 
376 858 
216 83 
420 977 
506 517 
872 1148 
87 76 
397 452 
586 513 
760 768 
812 993 
277 473 
499 618 
397 771 
623 796 
525 1138 
208 504 
475 776 
804 1062 
1211 1160 
716 903 
383 824 
109 144 
488 954 
219 1110 
1573 1530 
633 1335 
437 677 
680 921 
626 912 
1339 1012 
655 832 
430 971 
527 991 
427 853 
419 796 
239 664 
639 842 
646 1250 
792 1270 
905 266 
253 1083 
1081 677 
76 820 
1073 584 
374 1052 
284 92 
237 528 
527 592 
71 77 
360 431 
1192 1088 
543 607 
819 1333 
506 1280 
575 796 
460 582 
504 1200 
481 632 
171 76 
1042 1401 
1307 934 
737 1174 
70 431 
386 784 
361 650 
461 763 
694 454 
499 703 
506 802 
1832 1681 
475 1051 
74 420 
572 956 
447 819 
463 908 
70 94 
540 757 
84 254 
133 844 
512 670 
459 1016 
70 82 
512 682 
477 231 
185 77 
1537 1395 
242 77 
725 1099 
703 1095 
462 681 
667 561 
70 185 
307 649 
721 822 
86 112 
329 992 
708 1070 
689 744 
528 794 
606 755 
430 562 
455 595 
84 77 
811 720 
592 914 
586 889 
68 1462 
585 1050 
239 460 
973 1365 
70 77 
1625 826 
427 689 
111 299 
403 371 
80 170 
562 591 
587 77 
70 76 
591 1185 
216 77 
1702 1013 
277 103 
642 77 
440 643 
1291 1436 
440 880 
331 799 
83 276 
1937 1202 
217 77 
997 1261 
842 1224 
562 1091 
70 77 
323 793 
281 893 
308 676 
74 83 
899 1405 
460 694 
287 528 
835 955 
784 781 
99 77 
384 363 
70 96 
705 1119 
324 886 
312 1307 
72 79 
1256 1022 
399 657 
346 404 
71 148 
854 721 
69 76 
396 989 
70 691 
525 208 
484 514 
366 1000 
493 483 
598 800 
453 692 
666 593 
228 663 
214 77 
196 512 
277 942 
69 136 
72 97 
357 855 
1697 1574 
70 232 
559 1174 
73 111 
175 78 
521 753 
464 893 
733 79 
697 1173 
143 77 
558 764 
148 501 
438 924 
70 77 
734 1342 
673 681 
441 514 
77 78 
1007 531 
838 645 
463 739 
110 78 
1367 868 
594 874 
550 873 
412 1155 
339 777 
71 224 
73 77 
559 773 
71 83 
524 1151 
909 1422 
623 1056 
70 729 
184 588 
1249 1114 
418 593 
393 532 
418 653 
522 523 
129 118 
504 883 
79 241 
560 927 
858 1142 
434 998 
779 1054 
375 1211 
73 80 
600 911 
379 672 
455 700 
78 102 
1151 1473 
658 829 
1397 97 
79 175 
781 904 
83 190 
82 77 
330 716 
950 1127 
401 515 
717 588 
411 711 
81 538 
548 426 
214 77 
423 628 
494 815 
545 996 
935 1273 
363 1026 
296 1413 
506 728 
238 76 
583 502 
74 91 
1240 1362 
358 764 
456 605 
855 717 
644 959 
546 492 
70 76 
520 678 
71 76 
479 468 
124 77 
99 77 
424 923 
705 587 
84 91 
505 818 
309 764 
72 77 
556 1061 
514 904 
103 77 
468 801 
991 1214 
412 1000 
687 660 
944 793 
75 511 
344 922 
532 1389 
350 1604 
419 1105 
851 1133 
643 600 
512 1430 
326 1069 
1280 77 
410 825 
440 745 
343 668 
71 77 
88 77 
498 825 
322 975 
382 771 
91 195 
366 80 
545 487 
411 648 
547 1498 
246 128 
425 369 
491 643 
167 77 
174 77 
804 882 
538 558 
384 922 
82 77 
828 826 
731 513 
376 392 
1127 904 
484 993 
479 708 
723 865 
539 971 
306 1548 
71 77 
607 921 
304 545 
395 1014 
420 78 
165 76 
408 859 
254 847 
71 148 
341 509 
354 518 
944 799 
512 1339 
70 201 
1137 1266 
96 76 
375 930 
1298 525 
548 734 
81 77 
85 377 
600 778 
135 165 
1046 1132 
506 906 
329 893 
485 590 
566 872 
542 1115 
404 775 
670 703 
560 664 
542 826 
71 117 
526 1158 
226 870 
392 1439 
140 134 
284 811 
784 945 
401 668 
635 989 
89 76 
70 130 
339 426 
721 643 
638 1073 
95 1291 
433 952 
636 1086 
342 697 
377 949 
678 1250 
75 84 
1005 910 
98 140 
426 871 
653 830 
771 748 
696 1004 
565 805 
129 77 
70 76 
71 177 
725 846 
372 1090 
74 77 
1168 1099 
350 926 
512 790 
375 101 
550 76 
71 135 
541 162 
564 1014 
190 105 
1016 1459 
932 866 
71 177 
440 811 
287 1330 
368 655 
714 812 
539 669 
70 94 
70 119 
294 584 
466 810 
91 77 
535 76 
762 1017 
70 77 
738 680 
1028 1410 
476 518 
668 973 
69 78 
556 814 
625 517 
105 79 
148 237 
1741 1322 
359 1077 
443 921 
563 1109 
72 78 
667 82 
771 1311 
912 1446 
807 1227 
748 1024 
421 658 
561 772 
70 876 
70 224 
280 1038 
472 727 
276 1159 
322 625 
599 1102 
75 88 
764 607 
404 1050 
597 571 
413 667 
418 466 
362 690 
1253 1225 
173 76 
70 246 
778 1286 
1937 207 
1437 1482 
780 814 
458 1168 
623 1002 
592 372 
582 566 
508 912 
87 89 
327 1015 
501 832 
462 1229 
766 664 
384 949 
680 1123 
737 529 
628 929 
551 598 
259 813 
368 1177 
89 128 
338 701 
71 178 
703 1005 
1061 1367 
444 714 
729 83 
1049 1534 
662 694 
636 458 
348 1134 
351 840 
759 939 
383 704 
1410 1285 
73 117 
451 861 
1937 1643 
70 219 
413 1329 
1230 1387 
1394 1437 
562 217 
481 948 
469 766 
867 1533 
311 836 
330 771 
866 1030 
532 1366 
70 79 
234 572 
527 1326 
102 142 
1184 1166 
80 308 
70 99 
1122 1446 
419 976 
416 533 
160 77 
429 603 
118 76 
500 632 
70 78 
689 754 
465 638 
436 794 
1937 983 
292 968 
72 421 
228 831 
750 615 
380 778 
876 875 
144 1520 
71 78 
1439 1659 
702 1002 
358 357 
252 805 
149 208 
104 277 
362 372 
805 606 
75 97 
73 124 
195 157 
336 559 
1001 689 
623 901 
412 602 
497 1085 
663 1398 
744 916 
72 77 
71 638 
100 78 
725 853 
154 250 
372 77 
779 1017 
162 79 
1896 1510 
727 789 
248 77 
375 1041 
845 1114 
760 812 
623 870 
500 1184 
1601 1594 
464 1157 
74 127 
482 109 
540 939 
457 494 
222 77 
70 76 
602 970 
1020 663 
1342 1514 
597 706 
822 968 
842 1088 
444 976 
592 877 
776 885 
267 900 
597 672 
71 79 
843 688 
865 690 
1438 1573 
1074 1658 
380 845 
729 1054 
688 983 
72 263 
1135 1069 
233 77 
1025 1355 
71 83 
531 820 
72 76 
73 115 
583 638 
585 729 
77 450 
362 1004 
71 78 
303 671 
682 806 
1380 1541 
506 512 
1455 1538 
290 627 
94 176 
440 1380 
456 838 
71 288 
1080 1488 
767 913 
784 1401 
276 569 
763 907 
1518 1477 
1323 1382 
864 1477 
704 1009 
1306 1557 
434 483 
657 988 
444 672 
521 786 
448 737 
287 536 
372 775 
444 816 
73 77 
528 1092 
352 729 
73 89 
897 1539 
350 745 
70 357 
724 1230 
70 206 
347 635 
609 917 
809 1185 
422 612 
477 1179 
667 891 
538 777 
75 95 
436 839 
78 125 
740 855 
105 78 
72 77 
687 519 
70 346 
862 681 
451 545 
457 638 
738 689 
652 1162 
72 164 
71 78 
760 841 
70 75 
562 888 
152 112 
420 462 
732 1009 
267 785 
496 620 
418 913 
792 840 
456 788 
298 657 
504 751 
461 1061 
445 495 
151 85 
137 110 
72 334 
323 728 
348 204 
929 1406 
807 832 
495 941 
564 76 
580 862 
1937 854 
217 540 
765 855 
933 1026 
70 112 
1513 1590 
648 914 
70 76 
482 598 
648 741 
450 567 
491 833 
71 80 
99 100 
492 931 
635 1056 
405 902 
1292 327 
258 552 
465 874 
71 464 
71 76 
815 786 
78 81 
238 777 
1352 1359 
532 689 
600 876 
475 564 
1274 1314 
423 960 
107 383 
148 77 
70 100 
550 1650 
645 1190 
226 873 
612 791 
71 77 
654 959 
1427 214 
341 738 
881 1406 
840 1426 
800 938 
553 846 
382 762 
433 668 
1017 898 
800 1113 
456 772 
645 749 
449 1492 
826 1268 
1480 1502 
412 1209 
84 128 
392 951 
119 85 
71 123 
72 77 
675 418 
72 80 
293 733 
1078 327 
227 130 
553 1037 
454 699 
1049 1323 
166 168 
479 695 
1498 868 
909 1141 
282 869 
147 234 
1405 1002 
886 907 
540 600 
265 697 
458 946 
451 567 
887 1052 
304 754 
522 790 
598 1457 
71 448 
363 723 
1234 1096 
155 81 
74 109 
408 894 
869 1305 
1918 1534 
446 845 
402 1077 
718 861 
120 983 
554 77 
486 803 
373 663 
351 876 
91 77 
773 302 
699 797 
602 651 
304 644 
553 814 
1195 706 
142 76 
70 146 
392 722 
368 630 
656 85 
439 910 
391 1000 
918 1151 
170 78 
383 1573 
73 126 
833 607 
489 139 
591 158 
1295 1033 
103 952 
443 649 
984 871 
936 1318 
587 657 
764 1121 
805 1366 
392 728 
403 721 
531 700 
1535 1693 
762 1472 
1097 857 
823 1535 
70 234 
408 827 
330 1239 
668 1053 
721 1218 
71 76 
1936 1650 
1154 921 
389 540 
1044 1479 
366 452 
429 815 
343 805 
623 1083 
621 571 
609 712 
598 1246 
473 815 
573 725 
915 848 
71 79 
359 846 
514 1146 
248 172 
577 1091 
340 631 
488 823 
614 680 
620 975 
102 260 
271 78 
90 77 
246 716 
833 1059 
505 724 
511 985 
305 83 
72 261 
360 634 
358 517 
565 729 
808 1017 
443 793 
592 1122 
515 795 
104 77 
867 610 
434 957 
72 107 
207 84 
195 320 
282 552 
838 936 
381 620 
962 1634 
71 80 
530 883 
442 572 
187 82 
614 657 
660 722 
575 1440 
293 651 
533 1043 
837 1468 
530 898 
377 1610 
105 508 
212 169 
766 912 
70 79 
638 965 
325 502 
595 711 
435 614 
770 787 
412 1126 
76 80 
228 716 
71 78 
438 77 
779 691 
70 78 
282 1038 
71 407 
293 646 
76 250 
226 94 
1061 1257 
304 1184 
744 722 
466 714 
746 1366 
909 1337 
361 813 
70 98 
75 77 
534 629 
70 76 
255 86 
341 616 
765 823 
630 810 
531 932 
1532 367 
679 789 
485 1027 
333 719 
98 78 
183 77 
891 984 
678 843 
255 447 
583 860 
73 105 
218 737 
70 76 
634 215 
367 354 
511 1029 
485 800 
462 767 
289 863 
70 76 
433 755 
381 586 
540 1211 
505 1070 
579 1147 
713 922 
679 1056 
989 862 
445 1236 
419 749 
108 135 
413 692 
586 702 
519 1410 
438 632 
395 1023 
195 77 
404 633 
576 841 
609 804 
71 87 
71 729 
1190 1106 
1107 986 
71 96 
352 561 
71 77 
506 902 
71 77 
495 718 
249 80 
841 81 
714 77 
372 488 
912 1085 
1163 1368 
962 1348 
280 634 
516 1136 
529 1398 
1937 1625 
750 708 
718 1063 
470 1115 
72 77 
526 810 
604 1274 
868 77 
178 160 
302 654 
551 705 
714 910 
521 791 
503 621 
418 1428 
681 626 
404 461 
1801 1505 
1892 77 
74 665 
586 585 
1161 712 
731 1286 
279 77 
742 1033 
625 1316 
1134 1393 
493 883 
796 1461 
399 773 
1667 1487 
437 807 
914 513 
873 974 
733 622 
636 807 
435 1071 
1604 1654 
347 77 
75 441 
292 708 
71 78 
919 1365 
84 188 
311 909 
152 853 
747 1014 
582 549 
499 790 
966 933 
504 460 
430 987 
783 850 
750 1133 
481 753 
222 77 
785 1114 
71 77 
75 77 
292 900 
423 1087 
361 598 
435 1011 
500 553 
1063 1479 
1281 76 
714 1269 
906 709 
665 837 
582 662 
381 448 
506 1162 
511 968 
331 593 
97 361 
767 850 
72 210 
627 719 
382 1311 
426 899 
297 617 
1604 931 
1384 994 
732 1032 
157 909 
432 818 
694 1224 
619 1477 
561 1245 
84 79 
835 484 
71 404 
742 970 
1051 928 
89 123 
391 762 
852 897 
576 824 
607 770 
426 842 
381 1320 
75 77 
73 77 
1449 1231 
970 1227 
214 533 
688 1482 
569 1349 
563 936 
70 226 
469 939 
480 575 
142 77 
594 997 
75 163 
446 568 
337 601 
886 1340 
1397 1497 
661 1223 
324 424 
672 659 
1154 1252 
185 105 
805 915 
325 518 
410 820 
105 77 
1012 1628 
115 128 
357 498 
467 450 
813 732 
72 77 
911 978 
86 76 
306 635 
464 567 
236 536 
105 77 
902 1014 
544 903 
250 176 
316 687 
271 664 
750 1084 
596 702 
491 881 
800 1030 
490 607 
424 617 
301 965 
1443 1488 
496 1208 
71 81 
883 1268 
568 589 
307 953 
298 734 
767 978 
467 938 
593 879 
576 925 
109 76 
787 88 
473 697 
259 672 
778 1626 
647 1300 
1123 1195 
232 771 
1145 1298 
356 690 
511 846 
285 77 
263 603 
592 591 
494 677 
341 914 
77 76 
73 198 
568 677 
502 581 
794 687 
287 77 
605 665 
1011 1139 
515 744 
404 538 
625 647 
482 879 
556 1252 
513 823 
82 1186 
518 816 
284 1126 
127 96 
559 859 
392 802 
87 86 
789 1420 
172 96 
457 693 
70 88 
632 910 
186 963 
431 773 
97 121 
623 1019 
600 743 
122 515 
126 84 
71 91 
566 677 
443 760 
328 524 
1019 1264 
1073 733 
270 794 
465 1610 
259 640 
588 903 
514 524 
649 1012 
455 583 
743 928 
71 222 
1523 1005 
1459 921 
461 751 
270 78 
278 938 
510 674 
701 1335 
1495 1507 
105 76 
525 632 
364 311 
124 409 
1006 444 
1196 855 
780 554 
416 759 
942 146 
581 1554 
704 1128 
307 559 
909 1329 
603 1141 
136 544 
397 1317 
488 566 
275 811 
99 81 
258 1117 
1490 1118 
532 1512 
72 77 
145 369 
371 811 
541 791 
658 887 
108 88 
685 853 
746 1107 
426 768 
865 77 
327 466 
70 76 
418 625 
489 1118 
396 928 
1112 1355 
286 1142 
321 102 
631 1429 
460 679 
72 210 
470 951 
484 597 
525 943 
72 107 
758 434 
100 352 
549 948 
530 127 
482 909 
185 77 
659 764 
423 575 
360 971 
70 76 
159 76 
290 154 
1303 1048 
618 1174 
237 506 
925 1172 
282 1101 
637 693 
451 745 
574 841 
529 766 
447 719 
71 375 
537 560 
1028 1393 
874 906 
1142 1007 
503 1172 
1239 1375 
741 488 
485 711 
920 925 
480 1487 
387 1421 
70 102 
161 115 
77 80 
107 195 
341 572 
531 798 
532 783 
170 79 
298 925 
914 992 
527 729 
808 818 
225 113 
454 1115 
161 79 
776 385 
585 881 
104 472 
372 785 
275 563 
510 831 
71 222 
581 1189 
683 1563 
70 490 
107 91 
738 932 
499 1059 
425 811 
495 1103 
74 84 
81 970 
743 810 
1392 1394 
445 510 
605 668 
340 703 
658 840 
686 730 
765 1355 
353 414 
540 894 
316 340 
608 874 
519 457 
622 727 
635 711 
338 972 
323 1439 
724 888 
105 79 
473 651 
266 802 
70 933 
71 78 
687 1056 
461 818 
1144 1163 
368 635 
79 78 
394 586 
386 680 
471 683 
825 672 
408 437 
340 751 
668 1006 
498 605 
1438 989 
493 718 
502 560 
526 650 
428 792 
735 1025 
70 477 
79 77 
503 499 
645 1184 
721 1142 
908 1363 
474 916 
289 773 
626 1408 
211 199 
446 722 
231 717 
592 663 
70 151 
570 1174 
405 96 
597 1491 
72 119 
202 106 
448 603 
464 877 
71 284 
71 77 
313 251 
602 845 
567 481 
548 544 
455 526 
263 763 
72 83 
419 1098 
206 703 
252 655 
998 1119 
579 1329 
97 418 
356 868 
1154 1532 
649 1428 
222 596 
747 1241 
529 876 
254 1245 
74 252 
188 77 
580 897 
130 78 
266 1103 
176 719 
129 77 
70 77 
186 77 
525 685 
420 846 
381 610 
306 517 
127 77 
82 77 
79 77 
524 644 
596 523 
76 451 
71 78 
696 620 
657 901 
989 1443 
930 952 
493 698 
355 897 
512 992 
1337 1083 
626 746 
510 1167 
72 77 
70 124 
358 932 
426 1135 
384 467 
685 428 
720 766 
1229 1272 
424 706 
562 376 
450 1076 
539 77 
660 834 
618 1138 
450 873 
1936 99 
93 355 
1051 1211 
327 989 
531 923 
889 1348 
758 780 
953 566 
504 1218 
1010 1029 
282 816 
344 992 
549 854 
649 861 
70 154 
101 88 
79 78 
369 84 
288 77 
1767 1464 
579 878 
898 1246 
299 461 
759 1262 
472 871 
297 830 
757 972 
573 1011 
1119 867 
691 665 
368 732 
1089 760 
320 686 
259 858 
294 618 
433 733 
346 775 
357 729 
71 79 
888 908 
821 827 
71 78 
294 1694 
672 1496 
79 346 
492 666 
359 888 
757 358 
277 77 
113 106 
570 1130 
149 1200 
522 697 
1462 1477 
71 432 
1014 1409 
516 639 
126 444 
70 132 
210 903 
578 737 
319 1378 
365 454 
1363 1595 
598 77 
447 731 
620 1457 
403 479 
309 893 
1015 1365 
483 807 
71 77 
558 1012 
290 155 
71 77 
91 100 
401 816 
963 1361 
394 909 
753 983 
722 639 
90 77 
195 77 
484 491 
471 831 
559 657 
297 97 
1175 1114 
472 603 
110 391 
71 648 
126 87 
70 160 
163 77 
83 409 
436 942 
771 1275 
385 631 
703 1051 
129 135 
110 77 
262 77 
884 1239 
541 781 
629 822 
490 608 
450 235 
589 802 
1359 1237 
1072 1225 
676 648 
71 76 
122 157 
78 119 
1855 1464 
1320 1438 
71 77 
685 769 
1285 1231 
571 779 
869 910 
590 691 
259 96 
290 627 
783 857 
507 967 
384 585 
450 748 
1002 694 
952 1256 
149 78 
237 792 
1936 1202 
1835 1068 
504 510 
694 957 
428 888 
398 439 
860 1210 
664 840 
499 913 
1214 1542 
817 1091 
71 77 
71 77 
570 874 
930 763 
749 743 
862 896 
590 1297 
491 1481 
546 975 
1271 1357 
1368 1632 
668 1265 
714 1110 
251 76 
712 772 
77 241 
609 1261 
348 717 
491 751 
573 1015 
388 788 
1216 1002 
342 658 
224 348 
592 606 
592 831 
816 1353 
152 77 
1017 750 
447 905 
175 1038 
480 859 
402 631 
394 1041 
511 1034 
881 1576 
70 77 
70 76 
551 982 
657 932 
1011 1281 
393 530 
480 730 
80 296 
464 1445 
577 1174 
167 86 
272 638 
70 76 
134 96 
663 904 
70 84 
497 518 
801 1188 
651 1261 
740 1133 
568 1071 
411 550 
519 667 
628 970 
650 942 
297 77 
71 173 
506 1429 
747 1054 
385 725 
494 535 
371 599 
425 833 
270 650 
415 523 
550 798 
599 1087 
377 812 
1246 1325 
399 661 
523 853 
399 840 
71 97 
577 770 
940 1086 
404 529 
323 786 
576 855 
381 631 
517 917 
850 1184 
286 82 
1647 1498 
501 868 
455 718 
582 664 
480 901 
1021 1144 
391 811 
334 698 
72 146 
440 1183 
70 168 
369 805 
254 937 
71 228 
684 1217 
1267 495 
458 77 
610 1280 
364 823 
1090 1142 
242 770 
71 79 
74 141 
120 237 
221 318 
232 1064 
79 170 
454 823 
527 1133 
883 899 
633 597 
688 77 
126 1136 
242 906 
805 1023 
756 89 
192 1151 
71 152 
586 1058 
494 1358 
794 1232 
616 654 
802 1273 
71 77 
71 354 
393 800 
71 82 
552 831 
295 747 
644 818 
370 864 
483 76 
835 894 
765 836 
638 632 
1186 1272 
773 789 
1154 1250 
453 1320 
418 862 
71 80 
478 517 
869 1493 
1674 1532 
73 214 
528 1411 
1211 1591 
704 1101 
313 779 
858 357 
75 78 
79 563 
131 77 
401 680 
667 1261 
459 999 
775 1193 
657 95 
635 1524 
73 90 
495 1401 
106 236 
735 773 
1089 1357 
219 629 
1390 722 
693 1413 
592 829 
475 705 
613 817 
108 230 
622 1155 
597 798 
148 973 
1897 1482 
71 77 
644 637 
98 131 
161 362 
827 1192 
295 598 
69 1250 
412 908 
542 768 
423 764 
471 746 
841 1129 
805 850 
543 674 
773 509 
397 874 
731 1015 
515 1285 
430 489 
450 959 
1137 1488 
1936 1366 
348 627 
54 149 
1936 1686 
654 748 
723 247 
479 569 
331 551 
1425 1025 
327 86 
357 793 
562 891 
109 77 
612 465 
542 706 
245 99 
338 647 
610 723 
665 1025 
390 445 
71 77 
568 1192 
456 495 
152 1155 
658 1084 
939 1003 
792 967 
1098 652 
688 913 
650 77 
809 1329 
566 870 
1101 1520 
409 791 
839 1250 
108 508 
722 1394 
362 922 
71 79 
732 1107 
544 851 
394 488 
218 76 
69 890 
568 1099 
583 973 
636 1096 
1445 1534 
1755 1263 
314 698 
74 120 
638 1274 
684 954 
855 991 
440 848 
834 1058 
379 1431 
74 222 
563 1313 
528 695 
624 77 
814 678 
695 920 
461 1007 
267 1304 
73 77 
908 1299 
260 77 
509 954 
623 594 
113 110 
446 725 
613 1044 
406 926 
765 892 
100 77 
1624 1686 
999 1158 
80 218 
603 680 
612 499 
886 885 
478 1445 
974 769 
549 709 
563 666 
70 293 
144 1107 
935 1517 
687 1404 
127 77 
72 84 
224 112 
390 1488 
459 723 
526 379 
524 519 
266 632 
772 955 
714 848 
404 1402 
532 722 
808 129 
238 409 
540 464 
578 632 
71 86 
673 1053 
1148 1393 
83 184 
348 927 
548 94 
426 315 
102 82 
466 872 
600 871 
460 506 
73 336 
1049 1348 
490 668 
171 77 
146 78 
76 862 
510 954 
71 432 
568 1209 
298 820 
631 689 
862 844 
1349 1229 
71 76 
70 254 
277 527 
508 755 
194 248 
654 87 
309 951 
83 76 
876 1166 
507 387 
386 848 
1066 1421 
1289 1441 
881 1128 
359 642 
445 1324 
558 599 
280 680 
1241 578 
336 1027 
765 657 
573 516 
348 714 
1452 761 
453 969 
510 79 
330 727 
565 904 
954 1037 
400 965 
602 391 
189 653 
889 912 
335 1175 
433 1107 
160 82 
299 946 
294 958 
520 366 
558 351 
1039 1398 
690 1038 
582 902 
174 98 
991 1043 
1673 800 
659 860 
311 663 
1045 1242 
272 77 
408 816 
135 77 
70 767 
445 802 
732 1047 
522 998 
135 77 
262 512 
395 629 
595 476 
1280 822 
626 997 
188 587 
617 777 
117 190 
715 928 
560 746 
670 1023 
418 843 
350 250 
713 758 
207 758 
1234 1218 
1661 1301 
276 598 
72 76 
530 1374 
226 120 
688 806 
757 1221 
488 77 
388 627 
220 725 
575 1067 
94 77 
459 810 
100 141 
1290 1525 
280 463 
559 711 
1094 1345 
72 221 
880 765 
505 665 
71 81 
1053 1422 
282 638 
309 1256 
499 1148 
395 750 
676 499 
1081 1245 
87 365 
597 79 
802 1262 
539 989 
1212 905 
458 748 
572 757 
318 97 
374 696 
410 836 
371 689 
659 964 
261 583 
70 77 
504 813 
366 1029 
995 1285 
682 757 
196 204 
1717 856 
475 658 
639 1180 
1108 1127 
878 958 
414 1012 
419 778 
347 767 
364 711 
81 77 
119 478 
423 1166 
462 637 
642 936 
859 1194 
271 79 
671 731 
726 173 
559 697 
245 584 
879 1423 
471 754 
478 820 
421 651 
77 326 
631 762 
1017 1085 
71 92 
1180 1114 
973 1088 
344 903 
518 843 
1510 1548 
482 1033 
141 80 
483 806 
522 506 
471 78 
447 652 
854 891 
70 142 
219 79 
646 1047 
517 882 
1099 1060 
81 77 
441 520 
72 77 
106 189 
363 1253 
245 828 
306 758 
362 891 
299 679 
670 1139 
431 663 
429 79 
425 817 
155 1119 
413 1066 
335 753 
606 684 
829 1174 
436 601 
528 570 
118 1006 
425 552 
477 1031 
870 837 
411 779 
1345 168 
559 912 
105 95 
1370 1597 
425 95 
626 916 
828 731 
525 1444 
837 955 
307 1354 
96 76 
114 137 
71 121 
523 772 
155 112 
971 1446 
1139 1260 
699 1161 
469 869 
1235 651 
692 674 
1189 1258 
426 1115 
1033 1079 
683 459 
530 350 
820 1021 
475 1162 
399 880 
481 897 
524 930 
468 1247 
186 677 
597 762 
70 77 
72 125 
404 1002 
206 138 
527 758 
718 880 
489 1638 
171 145 
488 404 
485 800 
570 905 
70 77 
905 976 
72 78 
790 1151 
72 177 
351 1385 
335 77 
786 579 
581 1170 
353 657 
72 153 
1159 1143 
71 84 
96 193 
464 1392 
602 697 
615 709 
634 1001 
1007 1065 
696 899 
244 637 
789 658 
393 926 
884 617 
70 79 
526 729 
343 747 
1580 742 
443 978 
441 716 
75 77 
703 814 
248 76 
1460 1546 
351 681 
598 485 
612 1210 
860 99 
789 973 
1936 861 
97 84 
872 216 
71 77 
356 360 
433 720 
651 1134 
72 76 
71 78 
935 288 
154 77 
210 176 
659 781 
83 89 
569 1015 
489 726 
626 1266 
486 775 
1560 825 
835 1315 
504 991 
328 1014 
1160 1103 
608 1362 
570 620 
859 851 
71 85 
418 590 
851 1370 
1061 170 
548 897 
592 394 
70 76 
504 1026 
71 167 
623 998 
82 87 
398 963 
71 281 
339 436 
345 1018 
70 463 
70 732 
974 1408 
683 951 
529 765 
707 808 
664 725 
369 901 
432 762 
148 376 
575 1186 
563 1223 
630 79 
79 78 
630 1052 
627 555 
472 683 
459 1095 
611 637 
473 650 
107 82 
1028 1579 
641 735 
330 1335 
70 153 
70 244 
71 80 
93 89 
86 77 
380 1117 
433 625 
427 1041 
515 636 
312 738 
436 1474 
1038 511 
87 243 
857 1348 
370 506 
475 821 
350 1266 
525 1354 
535 535 
984 564 
770 719 
391 83 
71 77 
566 789 
409 922 
93 472 
1108 1237 
228 1554 
437 843 
356 823 
623 82 
369 845 
585 749 
768 904 
657 561 
93 314 
485 527 
1199 1019 
242 716 
1004 1190 
615 409 
