95 75 
114 102 
296 75 
340 617 
489 1385 
490 1461 
1348 1527 
418 1127 
521 1168 
750 1007 
543 978 
641 800 
536 592 
1022 1564 
129 75 
248 987 
308 850 
905 1049 
476 927 
799 1040 
68 76 
351 1430 
508 1426 
246 884 
437 919 
73 659 
129 157 
80 74 
454 899 
68 78 
378 1085 
794 1427 
68 118 
341 1183 
71 75 
525 1022 
404 819 
1189 75 
68 523 
887 1329 
489 1022 
235 163 
475 156 
432 644 
72 75 
169 75 
215 74 
957 900 
1470 1410 
337 115 
77 75 
435 869 
497 640 
532 885 
1040 1205 
836 1149 
420 560 
603 968 
77 80 
723 946 
656 1243 
338 652 
195 76 
338 1171 
552 1547 
458 1010 
1151 1522 
558 911 
1633 1551 
602 1006 
287 935 
443 1633 
332 864 
496 992 
372 898 
679 834 
76 119 
334 900 
432 822 
1487 1475 
70 193 
256 792 
72 133 
1415 1066 
587 917 
338 1049 
144 76 
69 75 
93 367 
648 1242 
447 914 
358 1091 
845 830 
880 1619 
69 206 
891 1275 
752 1403 
390 488 
378 969 
506 1040 
788 1027 
234 844 
433 727 
181 75 
476 999 
719 1336 
70 75 
508 1230 
465 403 
68 295 
400 893 
372 930 
1854 156 
1938 1678 
470 1261 
389 1037 
432 1059 
668 302 
505 886 
1096 344 
309 1320 
311 827 
73 1560 
735 772 
1397 1228 
497 1115 
159 103 
207 270 
276 848 
675 1195 
434 998 
763 1584 
633 1033 
633 1087 
575 1415 
71 233 
273 1167 
215 75 
560 748 
579 950 
292 75 
507 900 
591 1140 
73 81 
294 1412 
102 143 
568 500 
594 942 
763 1315 
389 838 
641 1115 
537 937 
694 811 
609 1119 
253 723 
68 639 
281 802 
192 85 
385 1612 
240 75 
549 1198 
68 91 
79 78 
577 1031 
255 982 
143 272 
648 786 
551 937 
137 75 
531 1066 
607 1275 
300 1128 
301 1158 
251 452 
487 832 
519 1258 
814 1366 
277 1092 
655 1107 
261 75 
480 970 
415 1520 
913 1647 
670 1432 
523 836 
884 1192 
68 77 
69 155 
489 978 
285 716 
513 1060 
852 80 
932 1348 
852 1200 
544 679 
501 830 
598 1296 
400 1314 
863 1672 
925 75 
550 964 
436 788 
559 763 
74 115 
1102 1015 
121 1087 
1758 1559 
669 810 
899 1448 
318 927 
1174 1550 
415 1134 
630 1031 
141 75 
84 217 
876 95 
634 1620 
481 637 
75 77 
301 1138 
664 1466 
155 75 
468 75 
644 877 
100 81 
748 1166 
281 1136 
247 1251 
596 719 
526 474 
69 76 
902 963 
69 166 
68 184 
690 1408 
80 76 
585 1231 
730 1543 
727 924 
1068 980 
317 1146 
465 854 
207 1175 
703 1152 
326 1140 
723 1268 
68 270 
387 708 
87 75 
318 77 
1606 1677 
341 1150 
70 97 
407 936 
496 1208 
76 75 
76 153 
489 1123 
1938 1499 
799 74 
851 1044 
136 76 
378 1018 
178 306 
306 804 
287 937 
699 942 
591 995 
318 1002 
470 1360 
362 723 
548 819 
619 1013 
606 1008 
505 1019 
746 1086 
821 1387 
111 138 
372 910 
660 871 
410 944 
287 945 
131 78 
91 99 
480 1228 
133 263 
368 963 
512 1076 
68 86 
72 602 
74 76 
367 806 
499 1248 
68 852 
664 1052 
566 1029 
381 1437 
478 1697 
540 1134 
87 76 
68 276 
412 1346 
382 1052 
69 103 
704 1195 
74 91 
561 813 
72 750 
233 419 
68 74 
954 1497 
678 1164 
77 75 
108 488 
99 1693 
77 75 
73 675 
828 145 
449 918 
110 75 
405 930 
251 1099 
439 1408 
745 1225 
497 493 
486 701 
69 84 
1103 1153 
491 904 
895 1045 
124 1067 
436 1278 
669 423 
1036 806 
1063 1268 
92 155 
344 1130 
633 1181 
73 80 
625 889 
477 77 
1023 991 
544 884 
762 1412 
399 635 
281 950 
1397 1580 
1027 1369 
1200 1468 
70 109 
96 76 
70 75 
69 99 
358 711 
796 783 
872 1025 
1044 1325 
506 883 
266 1040 
499 77 
655 1080 
68 477 
932 1341 
84 153 
316 859 
590 904 
481 1151 
237 75 
440 1130 
454 976 
101 110 
522 1013 
511 1043 
526 1136 
655 1000 
526 851 
245 1446 
112 383 
74 261 
1497 1403 
295 1109 
709 76 
1179 114 
1227 105 
438 690 
98 76 
460 833 
258 959 
871 1179 
705 1545 
644 839 
782 1111 
977 1523 
590 831 
475 847 
1186 658 
560 949 
74 234 
352 999 
397 1356 
712 1107 
307 805 
683 136 
484 1165 
72 77 
69 74 
309 1106 
531 1035 
647 1036 
94 75 
385 868 
1330 1658 
788 1072 
228 242 
71 84 
77 157 
68 273 
70 80 
1482 1657 
469 856 
713 1124 
126 75 
327 738 
507 676 
69 75 
926 1428 
95 154 
663 1155 
218 408 
476 880 
303 1060 
532 1313 
1119 921 
439 958 
595 1320 
660 1069 
69 75 
997 1499 
1151 1650 
490 1315 
432 969 
465 723 
587 902 
442 950 
290 1095 
152 195 
69 161 
390 812 
593 1196 
567 670 
336 635 
589 1526 
536 75 
1175 76 
533 802 
72 423 
477 994 
481 982 
323 688 
574 924 
116 75 
742 977 
68 1256 
391 1436 
1084 1164 
352 942 
1163 1445 
636 881 
506 1018 
426 1437 
321 777 
363 850 
68 75 
374 856 
69 75 
336 1103 
546 712 
550 932 
68 75 
296 875 
388 1107 
747 974 
679 919 
170 904 
470 1244 
69 96 
1228 1050 
493 881 
430 793 
890 1124 
445 1219 
76 75 
485 1036 
72 145 
811 1536 
742 1171 
843 946 
922 1131 
570 1064 
77 325 
557 987 
633 1107 
148 108 
295 1483 
84 88 
331 985 
79 76 
784 554 
560 921 
632 1119 
91 918 
695 881 
656 89 
319 957 
636 1280 
1598 1432 
462 1125 
212 885 
428 1191 
394 1083 
102 483 
493 1347 
419 1219 
404 922 
68 75 
667 1220 
500 782 
1024 1360 
709 915 
75 168 
302 937 
337 1014 
83 75 
428 1640 
970 1499 
115 75 
394 1176 
376 88 
432 993 
812 1194 
1086 1349 
68 97 
152 170 
413 1009 
631 833 
441 1611 
413 1092 
777 1417 
68 75 
68 75 
69 197 
546 1118 
107 126 
423 938 
328 1052 
657 1312 
69 179 
248 1065 
616 1061 
68 344 
785 1517 
579 818 
363 645 
790 78 
68 82 
68 139 
839 638 
1565 1209 
868 1105 
605 985 
508 1349 
70 161 
334 77 
146 115 
209 76 
888 1098 
69 75 
391 1032 
596 719 
1332 1504 
645 1366 
556 1343 
675 1392 
957 1174 
79 81 
407 676 
235 77 
680 1469 
70 76 
286 905 
610 985 
70 80 
609 1016 
422 885 
70 81 
1326 1668 
875 1232 
385 75 
617 843 
394 1337 
356 804 
97 97 
358 925 
68 75 
91 75 
454 179 
425 768 
747 1131 
265 76 
154 80 
473 921 
69 95 
557 704 
425 664 
69 110 
420 1168 
663 649 
835 1565 
772 876 
667 1004 
70 76 
319 1009 
806 1382 
724 1010 
201 78 
468 1221 
346 971 
151 1196 
664 1063 
247 80 
358 990 
438 1121 
338 83 
415 785 
111 76 
770 604 
317 884 
442 621 
769 1064 
585 75 
356 664 
457 1442 
646 965 
996 1456 
534 1005 
69 75 
549 986 
307 770 
768 1347 
522 648 
589 500 
126 76 
639 859 
456 633 
248 964 
379 1666 
78 75 
805 656 
675 802 
208 76 
69 76 
68 73 
68 181 
471 732 
1939 1664 
69 198 
155 191 
645 1305 
71 83 
874 1397 
669 1227 
500 884 
95 1607 
283 839 
1689 1661 
549 1320 
528 1169 
662 1408 
71 76 
539 828 
403 1042 
834 956 
233 86 
682 1080 
731 1300 
845 925 
1333 1610 
523 1214 
410 1109 
281 122 
367 1085 
917 1586 
397 1071 
394 960 
77 76 
547 1060 
752 1212 
289 1020 
604 889 
424 770 
559 1461 
468 1024 
513 896 
415 983 
312 935 
286 238 
356 1560 
69 75 
162 75 
954 76 
69 136 
178 75 
418 945 
505 1057 
938 826 
156 80 
478 798 
983 1627 
69 77 
71 75 
950 721 
581 835 
328 1183 
567 909 
276 818 
79 83 
702 1338 
69 117 
214 629 
451 735 
492 947 
100 75 
583 1067 
827 1217 
755 478 
480 1153 
680 960 
474 1447 
69 75 
278 1219 
344 1572 
453 912 
219 869 
617 841 
564 1314 
570 959 
375 1006 
1264 1556 
644 1463 
194 483 
492 1344 
1173 947 
143 162 
520 860 
92 74 
889 1249 
1103 969 
689 907 
418 901 
676 1117 
492 914 
509 1300 
825 1395 
419 772 
340 972 
254 352 
70 508 
1089 96 
68 872 
739 102 
611 1420 
706 1207 
729 933 
593 952 
1404 76 
674 1232 
68 478 
584 1065 
842 1295 
323 1178 
618 1230 
926 1138 
1455 1679 
1216 1284 
611 75 
129 83 
1939 286 
540 773 
966 1027 
69 76 
465 814 
259 931 
491 1482 
886 434 
900 1111 
70 75 
1089 1576 
69 105 
462 1029 
157 416 
109 1493 
264 865 
568 778 
379 1027 
461 837 
171 75 
401 961 
381 1193 
1938 1676 
68 182 
941 777 
87 150 
663 961 
104 76 
641 1197 
88 75 
358 1107 
635 1525 
69 75 
471 1176 
77 76 
275 691 
261 807 
1053 1171 
69 75 
189 309 
316 947 
69 74 
981 1199 
307 1107 
358 724 
1604 1517 
868 1661 
450 1055 
74 583 
473 74 
809 1431 
823 1000 
559 1021 
275 360 
527 916 
419 937 
68 75 
277 1380 
593 1138 
715 1043 
197 76 
587 899 
330 1118 
438 904 
604 889 
542 1039 
385 476 
1355 1226 
112 76 
68 81 
472 949 
758 957 
68 509 
990 1114 
883 878 
1068 1473 
740 733 
610 913 
70 164 
495 993 
450 1191 
343 916 
322 920 
679 764 
72 75 
447 1085 
653 1194 
110 75 
319 948 
106 75 
384 1140 
537 76 
254 76 
645 88 
476 1342 
403 931 
370 1356 
106 96 
82 75 
69 76 
145 76 
458 958 
562 101 
68 75 
566 566 
469 701 
280 1076 
484 910 
619 1337 
462 967 
794 1607 
621 928 
468 696 
536 1121 
305 1020 
1042 1407 
604 943 
1079 1232 
667 1129 
1136 1305 
577 894 
810 1232 
737 1573 
562 1226 
1220 97 
600 859 
937 934 
1266 1496 
128 75 
872 1063 
933 1059 
1807 116 
255 76 
951 1579 
570 892 
636 817 
74 75 
907 923 
69 125 
699 1006 
384 1120 
1681 1273 
525 960 
68 108 
508 920 
247 1507 
109 84 
526 808 
505 1368 
552 825 
77 75 
644 1092 
369 1020 
326 1329 
700 1250 
83 389 
501 1313 
151 130 
575 1007 
251 842 
519 1147 
384 880 
275 88 
547 995 
555 851 
373 1428 
68 76 
842 1304 
251 1009 
520 1539 
560 1280 
821 1081 
69 146 
352 700 
1364 1569 
335 917 
428 976 
78 75 
679 1170 
805 1541 
710 1032 
379 1574 
1011 1425 
256 704 
431 1330 
69 93 
275 75 
1115 1575 
809 976 
405 75 
553 759 
1009 1344 
389 1301 
592 1158 
548 81 
1168 1625 
379 1105 
423 882 
70 88 
514 1416 
279 111 
70 268 
69 75 
786 842 
253 802 
199 184 
398 976 
144 75 
80 258 
651 1179 
487 944 
702 986 
205 209 
1191 1419 
508 944 
68 301 
255 77 
823 1424 
429 221 
1310 1609 
69 75 
90 80 
317 780 
511 964 
422 858 
141 114 
516 506 
434 1136 
68 794 
302 674 
364 842 
89 468 
115 156 
697 643 
904 868 
140 132 
861 1636 
587 877 
69 75 
358 805 
80 221 
69 149 
363 970 
309 931 
84 75 
68 712 
69 100 
104 550 
688 1187 
70 75 
123 81 
69 81 
541 1028 
87 212 
387 626 
172 100 
995 1176 
622 977 
303 864 
289 1185 
1015 1300 
496 1072 
375 788 
633 889 
455 1233 
68 196 
291 906 
433 942 
68 357 
903 1575 
683 810 
243 75 
1021 1346 
172 75 
691 1597 
508 1029 
1125 886 
502 75 
90 436 
97 102 
857 787 
494 804 
463 1019 
617 1362 
226 77 
534 1249 
70 284 
157 75 
677 719 
749 708 
633 1388 
447 781 
503 1180 
944 1319 
446 799 
498 1121 
770 1611 
621 965 
606 930 
631 1287 
587 839 
407 793 
104 75 
115 75 
566 1055 
658 1333 
549 1105 
567 1260 
356 1131 
662 1577 
327 1241 
584 1078 
542 937 
104 76 
454 139 
407 675 
550 1250 
402 862 
459 1042 
683 1307 
1017 1424 
537 900 
340 837 
290 75 
837 1423 
755 628 
487 1362 
235 832 
448 892 
588 791 
442 1044 
494 936 
503 1000 
960 1058 
231 202 
70 75 
759 915 
447 1025 
973 1006 
97 450 
412 1057 
1790 1618 
93 156 
356 641 
897 1336 
1043 1365 
68 73 
160 75 
1057 1505 
731 895 
658 1218 
726 1200 
256 1282 
605 979 
717 942 
613 1208 
68 647 
68 457 
410 656 
71 78 
972 1433 
611 1062 
465 1057 
1011 1507 
68 101 
70 75 
68 101 
429 681 
471 923 
919 1330 
538 799 
70 158 
1060 1021 
436 1058 
667 1214 
375 1072 
89 149 
549 946 
908 971 
604 845 
568 1293 
74 76 
460 1098 
664 1036 
992 1372 
69 77 
209 75 
72 414 
527 780 
69 80 
715 1197 
475 1263 
297 716 
426 815 
538 80 
1004 156 
1938 167 
571 1132 
761 659 
627 1213 
475 122 
521 130 
576 717 
359 75 
69 128 
353 630 
485 1636 
401 866 
932 1609 
329 101 
1127 1162 
349 806 
968 762 
298 75 
1311 1267 
584 917 
558 715 
590 780 
71 240 
542 622 
392 861 
707 1337 
74 114 
1411 1666 
802 1035 
1331 869 
73 156 
69 76 
913 1369 
526 107 
69 76 
137 346 
556 794 
69 92 
70 412 
1938 1558 
114 163 
507 1663 
865 999 
513 1180 
751 1204 
610 1385 
75 298 
225 78 
520 802 
758 1140 
308 949 
753 1163 
85 75 
118 75 
767 1637 
69 1195 
458 1096 
567 1066 
88 167 
797 1050 
413 82 
118 75 
529 1257 
1088 1263 
638 1137 
738 1127 
1397 1101 
101 335 
1153 1472 
386 1001 
754 1135 
1508 915 
192 763 
1667 1666 
859 1082 
398 881 
327 1011 
360 829 
105 75 
334 944 
365 1130 
720 1202 
169 87 
611 1458 
485 936 
386 1235 
695 1121 
87 75 
325 82 
919 1024 
778 1285 
716 635 
69 651 
874 816 
491 611 
1138 1517 
695 1142 
674 128 
811 921 
647 1320 
644 718 
567 891 
528 1096 
1017 1472 
420 1006 
68 360 
72 75 
619 1536 
72 422 
69 75 
69 127 
74 389 
889 1550 
589 1073 
490 1127 
597 810 
780 1497 
1057 1480 
1545 1161 
482 1437 
900 1250 
123 75 
995 1182 
1222 1118 
617 882 
197 75 
590 1040 
849 1052 
609 925 
341 1003 
313 717 
693 995 
328 1162 
596 871 
1334 1214 
70 77 
250 82 
340 1150 
81 75 
293 616 
771 1003 
461 1332 
101 76 
694 906 
71 75 
1244 1656 
435 1168 
759 1547 
461 1191 
1201 1494 
69 76 
279 75 
499 1484 
1332 1234 
730 1420 
474 861 
508 1422 
428 876 
469 1214 
602 820 
941 1078 
480 1580 
351 1082 
73 76 
859 1483 
68 120 
237 77 
688 104 
314 1124 
632 1292 
261 228 
781 823 
632 1257 
261 81 
530 919 
592 1000 
343 710 
1909 1658 
406 1167 
575 742 
469 1207 
833 950 
575 1173 
385 88 
68 75 
1110 889 
663 1657 
484 1514 
550 941 
147 76 
109 77 
745 1373 
70 519 
865 1473 
279 785 
515 834 
431 898 
455 1177 
477 1006 
497 1409 
83 83 
103 136 
309 763 
790 802 
1233 1368 
151 75 
102 76 
552 931 
680 1304 
70 115 
751 1362 
473 1371 
1015 1261 
86 77 
700 1161 
656 1061 
300 1003 
599 942 
747 1498 
352 1581 
547 805 
700 1154 
271 945 
770 1186 
469 874 
424 1124 
1042 1283 
768 1073 
538 825 
480 1007 
69 100 
107 75 
278 1049 
78 75 
502 503 
76 76 
439 1148 
574 1536 
653 555 
1007 76 
981 1221 
475 819 
340 865 
499 1066 
69 82 
545 659 
427 776 
510 1049 
74 75 
849 489 
112 76 
69 751 
1938 1033 
920 1194 
577 1177 
1130 1359 
68 76 
397 1129 
101 79 
73 310 
1445 1582 
69 79 
786 1152 
483 84 
849 1429 
1195 1549 
461 1488 
307 969 
176 1552 
69 75 
676 1188 
283 768 
494 1351 
432 1203 
522 1020 
425 830 
590 1235 
387 616 
559 1185 
615 325 
76 135 
283 842 
1209 187 
884 1023 
1041 1161 
315 1222 
1524 1643 
619 948 
81 78 
616 934 
759 1088 
602 503 
614 1253 
305 1203 
71 75 
626 894 
1218 1044 
826 750 
1097 1455 
69 96 
69 75 
201 89 
499 1336 
78 177 
1574 1643 
339 939 
369 611 
501 1046 
576 1017 
650 1514 
503 938 
436 717 
68 340 
529 911 
381 975 
1138 1589 
119 153 
247 875 
298 1123 
984 1571 
553 865 
647 932 
68 78 
69 162 
334 544 
615 1523 
690 100 
793 1164 
73 75 
95 75 
408 1362 
437 768 
68 76 
579 1229 
455 1254 
413 832 
527 952 
1156 1504 
378 762 
845 1091 
337 908 
725 985 
564 1017 
545 1330 
341 791 
1938 1620 
347 889 
132 131 
77 417 
780 975 
424 1018 
437 1086 
307 1046 
546 1315 
69 326 
303 899 
462 1559 
70 76 
613 692 
517 885 
300 833 
69 81 
418 921 
311 625 
123 76 
753 1173 
69 119 
509 634 
626 790 
70 79 
578 1120 
420 879 
250 832 
68 75 
281 1154 
1255 1414 
859 585 
482 690 
984 75 
198 924 
1030 1126 
72 79 
289 951 
539 1319 
475 938 
329 919 
703 1193 
72 76 
68 417 
240 590 
697 906 
597 1029 
164 951 
573 715 
721 419 
674 1051 
1542 1490 
69 86 
710 1210 
77 588 
460 1242 
805 1342 
504 588 
289 729 
647 1249 
314 865 
1896 226 
639 1302 
658 1255 
539 844 
301 855 
96 423 
264 896 
72 729 
484 927 
69 76 
94 1075 
368 865 
898 1198 
325 989 
243 857 
385 1079 
317 76 
594 904 
445 845 
98 76 
911 1285 
1270 1458 
452 717 
533 908 
386 777 
606 984 
543 1134 
1937 268 
306 763 
575 929 
555 1280 
128 76 
449 1048 
908 885 
613 942 
419 1210 
374 1080 
915 75 
351 818 
76 508 
290 743 
459 909 
499 1399 
243 83 
187 77 
618 674 
892 79 
596 223 
510 1488 
322 1228 
69 83 
68 75 
532 1124 
1112 899 
570 1562 
646 1626 
773 1143 
670 962 
908 1402 
69 75 
536 542 
672 1389 
343 943 
599 895 
69 251 
729 1291 
425 765 
463 588 
221 78 
66 1521 
472 1259 
404 1164 
448 654 
630 1101 
986 1170 
74 187 
450 1006 
618 1359 
568 1100 
562 1135 
290 524 
69 75 
504 863 
76 104 
1345 1350 
441 786 
369 1436 
315 1432 
837 1225 
117 76 
1428 1263 
81 118 
546 1430 
326 628 
633 735 
505 1427 
605 1184 
431 1112 
912 1159 
816 1012 
359 694 
110 210 
460 1379 
425 929 
565 1451 
591 528 
1177 1548 
71 75 
245 1004 
475 916 
761 1340 
646 933 
133 425 
270 660 
70 77 
774 1238 
528 1462 
539 1307 
734 1044 
859 75 
906 1597 
1254 1585 
90 75 
388 889 
396 852 
338 910 
1023 1670 
338 1066 
299 788 
474 1470 
323 152 
314 539 
630 76 
134 790 
163 115 
533 1270 
71 537 
104 88 
552 834 
558 1651 
441 1212 
68 377 
69 77 
69 146 
337 570 
74 76 
481 725 
444 1174 
519 727 
841 1535 
103 545 
674 721 
1314 1279 
343 1158 
175 420 
462 676 
323 992 
1034 1120 
391 1484 
458 1024 
229 1033 
1351 797 
107 351 
1177 1681 
738 1003 
326 1148 
419 967 
236 814 
687 513 
495 1281 
447 1688 
1305 291 
736 879 
509 1013 
539 1404 
621 1134 
304 867 
1034 1210 
662 1275 
913 1291 
458 536 
1554 1074 
167 75 
535 1330 
70 76 
573 866 
451 1270 
222 880 
601 895 
1183 1641 
371 1114 
655 1234 
500 1386 
77 108 
68 163 
72 76 
717 1066 
333 192 
599 75 
86 77 
845 1411 
68 99 
489 1112 
451 847 
325 672 
73 75 
990 1097 
604 75 
370 955 
1116 1285 
877 1519 
510 1401 
91 117 
585 1412 
519 988 
105 78 
598 891 
173 75 
263 75 
320 1280 
294 784 
385 853 
353 767 
387 1137 
206 800 
450 1404 
82 76 
80 76 
382 1077 
426 1426 
229 947 
685 738 
363 827 
630 1053 
202 408 
640 1128 
116 1018 
657 904 
94 414 
369 1059 
394 774 
173 364 
754 903 
671 750 
591 1120 
901 1453 
505 1204 
68 80 
249 104 
115 75 
787 1538 
430 1107 
409 944 
760 971 
491 915 
514 933 
458 740 
70 542 
391 1076 
459 1027 
660 1214 
590 1234 
155 530 
435 1019 
580 1168 
450 1128 
772 1333 
723 1383 
293 422 
258 75 
478 979 
846 1180 
913 1109 
373 1401 
488 643 
725 857 
1214 1542 
485 1300 
1005 869 
1489 300 
241 1074 
870 1342 
70 75 
68 75 
576 1348 
745 1171 
191 548 
193 413 
70 75 
770 1101 
561 1252 
542 894 
69 75 
626 1320 
96 259 
69 76 
555 979 
410 1404 
439 1125 
150 76 
87 77 
671 916 
196 199 
1837 1581 
742 1036 
451 1212 
708 848 
69 75 
697 671 
959 1129 
904 1115 
853 1262 
792 409 
453 1122 
76 75 
854 1056 
359 813 
431 966 
492 1489 
956 1668 
248 1408 
674 1585 
332 867 
248 401 
513 852 
671 1036 
602 903 
420 1239 
600 1009 
460 1302 
73 425 
507 952 
369 921 
852 1230 
416 893 
797 840 
621 1298 
325 879 
395 1083 
463 1010 
247 74 
461 1177 
703 966 
1092 1298 
148 93 
360 823 
105 141 
69 75 
1122 951 
304 1057 
592 864 
773 1538 
568 943 
659 951 
1008 1473 
1869 1658 
418 890 
102 204 
564 1137 
702 1058 
69 104 
483 1012 
467 902 
430 1043 
68 75 
586 1599 
572 672 
485 946 
481 1009 
346 856 
87 86 
392 745 
352 603 
320 704 
194 75 
338 850 
144 84 
70 282 
717 1301 
588 1220 
240 658 
533 838 
470 1393 
330 586 
522 1396 
89 90 
1417 1203 
178 77 
836 1322 
1038 1248 
461 99 
680 870 
363 863 
514 928 
843 1483 
502 1306 
265 78 
324 637 
520 1330 
747 986 
908 1470 
160 75 
983 1002 
575 1065 
414 801 
1440 1350 
569 990 
508 1077 
141 75 
631 1071 
69 75 
69 78 
596 1005 
79 675 
761 1044 
88 98 
461 694 
997 1288 
72 74 
505 898 
831 1422 
383 983 
625 1031 
117 833 
1453 1477 
847 975 
550 1523 
383 956 
354 899 
114 90 
1073 1500 
765 1248 
320 554 
328 444 
314 823 
837 1607 
574 1166 
461 941 
535 867 
483 1066 
499 75 
495 1171 
202 1162 
73 80 
377 897 
254 752 
69 77 
606 1244 
69 105 
528 819 
509 748 
562 1124 
485 986 
96 79 
828 847 
535 696 
987 759 
511 684 
619 1257 
1070 746 
97 79 
69 105 
1461 1418 
62 582 
567 801 
1143 1293 
75 75 
621 1490 
560 1061 
516 1203 
442 1355 
420 1071 
768 1430 
241 1143 
805 1569 
418 1074 
73 538 
883 1188 
849 1447 
887 1052 
1596 1607 
484 1002 
758 1589 
101 127 
379 873 
79 77 
298 1222 
110 110 
196 1004 
188 656 
927 1529 
69 75 
70 161 
396 1571 
360 1270 
1188 76 
75 216 
641 1080 
653 741 
933 925 
71 79 
1040 1316 
428 870 
69 75 
364 1087 
716 1068 
342 942 
853 1243 
1938 1197 
282 76 
494 272 
69 75 
677 1332 
77 77 
334 1644 
284 657 
554 1382 
642 983 
424 838 
68 327 
690 1382 
419 1071 
252 79 
333 1221 
357 742 
893 1377 
391 738 
103 76 
350 694 
69 75 
69 74 
401 735 
669 1430 
69 75 
728 1415 
525 1490 
69 76 
719 981 
1197 1666 
121 75 
711 1021 
78 82 
69 1408 
1135 1137 
644 918 
70 75 
366 939 
252 95 
464 825 
572 1234 
335 1164 
467 975 
69 195 
956 1562 
784 76 
599 829 
529 864 
673 1411 
731 1014 
83 79 
483 1283 
403 1384 
756 794 
372 992 
426 1183 
80 75 
68 76 
68 74 
518 1080 
69 97 
68 389 
390 755 
74 78 
363 943 
1896 1517 
660 748 
437 911 
261 1050 
429 105 
442 1002 
69 425 
1875 1675 
536 1232 
1201 1506 
75 94 
685 75 
937 1367 
267 764 
1022 1351 
216 80 
328 738 
549 1253 
583 934 
492 1281 
68 76 
1938 1658 
409 1006 
399 753 
88 869 
262 680 
845 839 
430 1259 
806 585 
1937 1669 
240 75 
467 757 
312 592 
458 639 
607 1123 
1581 816 
436 848 
520 878 
97 79 
70 75 
337 1300 
805 999 
515 695 
70 76 
69 75 
407 919 
420 990 
797 1012 
155 814 
1047 1236 
254 120 
480 763 
802 75 
69 100 
1101 1296 
322 857 
590 92 
76 77 
411 857 
648 1183 
1181 1607 
605 1323 
68 1406 
553 1189 
604 1350 
138 180 
444 796 
87 76 
1746 1393 
406 1333 
607 1486 
968 1435 
69 118 
865 1507 
221 75 
720 75 
79 204 
1334 1545 
69 101 
142 1031 
68 75 
306 918 
423 828 
157 300 
77 266 
781 1135 
858 1287 
69 76 
800 747 
338 852 
575 962 
759 1152 
588 1171 
1078 1612 
436 970 
365 1110 
532 950 
548 905 
647 937 
510 1105 
221 523 
985 964 
1309 1204 
1031 1081 
462 1078 
1455 712 
1386 1476 
583 1218 
201 625 
609 1097 
264 923 
475 1068 
89 76 
941 1323 
1425 618 
568 910 
556 1025 
482 722 
457 1002 
819 1094 
80 142 
1075 1102 
366 838 
576 1203 
124 274 
98 75 
183 75 
347 742 
70 209 
658 894 
612 770 
412 1027 
924 1378 
150 569 
67 1453 
86 551 
347 674 
367 922 
520 735 
446 777 
69 75 
477 1463 
758 1355 
760 1604 
68 110 
374 748 
764 1619 
605 784 
549 1008 
612 1039 
774 1224 
70 76 
226 1503 
191 881 
1126 1320 
225 1252 
583 77 
68 334 
563 886 
545 1417 
564 814 
370 1156 
68 207 
728 674 
455 1315 
529 1026 
112 481 
786 1378 
163 76 
482 1416 
381 1243 
499 639 
68 74 
453 75 
160 88 
339 1446 
749 764 
72 243 
328 1224 
347 968 
371 773 
764 334 
655 1103 
475 806 
181 299 
720 1269 
1115 1160 
1250 1161 
839 1066 
604 904 
912 928 
802 824 
452 485 
479 849 
480 991 
69 254 
1291 759 
131 123 
560 1377 
127 166 
68 214 
187 763 
86 75 
69 76 
533 751 
899 439 
166 143 
415 932 
107 123 
69 79 
1491 1663 
284 993 
319 1410 
152 75 
456 718 
675 1425 
70 75 
1597 1379 
444 883 
811 847 
627 1029 
507 863 
471 1018 
234 75 
459 1263 
196 1601 
612 936 
342 76 
534 670 
435 1089 
524 998 
645 1024 
1938 1488 
74 149 
519 878 
599 1227 
69 86 
172 76 
379 897 
74 75 
541 1230 
390 947 
173 75 
391 1251 
495 1032 
565 1397 
514 990 
1126 1355 
556 89 
462 623 
429 1003 
332 1157 
531 847 
952 555 
847 794 
618 909 
326 303 
69 163 
448 1033 
289 75 
946 1282 
668 1019 
69 79 
722 1199 
283 91 
333 702 
549 1122 
853 1107 
343 1161 
69 138 
562 1602 
657 713 
183 79 
69 76 
78 85 
484 1015 
429 784 
479 394 
528 1065 
442 1104 
997 1597 
69 75 
622 935 
453 873 
721 1327 
685 1484 
124 75 
242 995 
105 91 
78 74 
749 736 
556 931 
876 1355 
756 1169 
69 75 
213 85 
83 211 
621 1181 
1917 1682 
517 959 
337 85 
114 1130 
69 237 
82 76 
506 1212 
781 768 
1163 1642 
537 900 
232 1096 
535 862 
664 1222 
69 76 
601 732 
69 75 
751 973 
397 1104 
1739 1665 
995 1538 
745 1375 
631 1385 
78 196 
533 1032 
723 1361 
721 1197 
424 1030 
131 76 
538 767 
616 1506 
75 851 
103 513 
68 75 
750 1495 
655 1290 
69 367 
539 1310 
106 147 
69 83 
70 397 
1938 780 
470 1238 
79 187 
1448 1462 
977 1164 
468 1339 
145 82 
527 736 
830 900 
326 475 
72 77 
325 1080 
663 1133 
383 933 
212 75 
70 250 
410 912 
101 75 
73 75 
250 956 
559 1312 
74 198 
384 809 
69 75 
1334 756 
704 885 
818 1352 
108 258 
383 594 
413 1491 
171 192 
988 1045 
688 1157 
510 1353 
319 781 
383 958 
697 1619 
610 938 
77 76 
1290 1555 
489 696 
533 103 
69 92 
588 1292 
71 520 
866 778 
448 76 
744 846 
70 101 
706 839 
412 744 
499 1020 
144 76 
569 684 
611 988 
315 828 
665 1184 
762 1615 
432 1092 
656 76 
69 165 
328 919 
190 81 
1284 1527 
447 964 
313 338 
186 685 
808 1233 
356 76 
69 74 
620 808 
71 654 
510 981 
528 1596 
75 92 
820 1519 
69 76 
475 799 
407 872 
74 75 
620 773 
536 1174 
499 1034 
445 897 
679 1490 
781 1105 
733 75 
1027 1582 
70 75 
96 75 
336 1217 
351 75 
565 1427 
391 1107 
69 75 
445 659 
73 79 
561 1259 
472 957 
1233 1476 
69 75 
628 1162 
792 1269 
95 75 
683 740 
472 729 
343 698 
582 1264 
78 188 
511 895 
367 1102 
1464 1331 
80 683 
551 1222 
661 731 
608 783 
449 845 
76 83 
851 1118 
467 890 
499 1096 
760 987 
68 352 
355 1000 
851 1394 
670 1669 
537 1204 
406 768 
397 1023 
327 722 
129 104 
71 75 
489 579 
1144 1393 
83 774 
430 1309 
408 817 
565 1145 
508 585 
513 673 
93 78 
68 79 
227 640 
382 794 
1044 1424 
583 91 
146 1029 
586 970 
549 1125 
854 1054 
625 929 
566 852 
700 750 
814 801 
661 76 
643 1373 
637 1205 
342 532 
484 1537 
771 978 
666 577 
394 735 
69 302 
133 105 
1010 865 
80 80 
689 1316 
116 144 
297 1043 
390 820 
607 571 
852 1365 
510 1035 
680 1377 
71 109 
744 1364 
757 924 
87 188 
227 756 
604 1224 
391 714 
388 656 
529 961 
72 75 
68 175 
983 985 
563 1131 
911 1597 
850 1338 
386 1215 
70 167 
69 77 
331 1484 
616 1513 
599 849 
70 75 
529 1532 
132 76 
1254 783 
479 1134 
566 937 
1083 1124 
722 1212 
559 688 
306 90 
71 75 
534 1080 
69 379 
439 1122 
175 80 
383 1261 
320 462 
442 797 
475 576 
213 735 
523 1259 
404 1559 
697 1170 
484 864 
316 1121 
545 1227 
459 786 
519 990 
417 799 
71 149 
590 1172 
126 75 
81 156 
1085 1326 
69 75 
70 161 
476 1115 
400 1255 
131 76 
424 918 
69 75 
538 1133 
633 1263 
401 796 
1204 1473 
596 1251 
854 1600 
673 687 
449 1397 
346 1023 
549 856 
79 75 
1118 1252 
341 558 
344 961 
750 1210 
507 1229 
690 751 
309 1452 
504 813 
246 639 
412 876 
95 82 
71 75 
618 952 
969 1481 
72 75 
1390 1564 
490 1169 
463 1015 
241 92 
661 1443 
80 594 
82 386 
96 75 
937 1335 
72 76 
557 898 
518 969 
540 1349 
516 1038 
655 863 
338 1401 
831 1362 
728 931 
553 1273 
979 918 
348 76 
486 1016 
485 1627 
547 958 
578 1183 
476 1010 
391 976 
725 1355 
69 88 
89 92 
763 76 
1938 1629 
341 1192 
404 1217 
714 1687 
686 818 
327 659 
339 638 
244 75 
551 1011 
671 1145 
403 749 
407 772 
443 748 
887 1157 
725 1419 
1212 1067 
564 103 
741 1220 
704 844 
70 75 
150 817 
341 186 
158 84 
75 76 
470 798 
599 1375 
577 1319 
723 1196 
829 1397 
1938 1689 
418 916 
1938 1549 
374 1528 
836 746 
382 1286 
93 135 
380 951 
546 778 
397 1194 
440 1250 
73 90 
492 1078 
373 91 
70 76 
69 75 
71 184 
428 1070 
468 997 
477 1144 
307 656 
1344 1674 
496 890 
482 1195 
165 76 
1771 1379 
554 1039 
862 1452 
592 865 
582 1128 
70 601 
70 75 
89 75 
72 89 
133 100 
69 245 
152 76 
914 1370 
451 986 
1228 1283 
86 76 
70 75 
758 1148 
69 76 
68 80 
1079 605 
365 720 
579 980 
92 115 
815 1229 
70 167 
246 79 
438 894 
479 808 
450 495 
389 1015 
1120 1333 
571 975 
116 75 
264 965 
835 1248 
698 1214 
612 1529 
548 1433 
466 1298 
212 79 
1938 1683 
429 1087 
70 143 
358 75 
70 215 
812 1500 
297 798 
84 109 
311 524 
344 765 
417 1283 
691 1048 
68 75 
264 81 
243 713 
830 1334 
85 80 
481 1193 
1281 100 
486 865 
634 754 
438 764 
251 81 
1533 1127 
1110 1327 
124 515 
479 1061 
862 1007 
69 383 
1042 1437 
264 75 
452 1140 
397 808 
521 992 
668 983 
395 1002 
70 77 
583 1029 
495 868 
71 76 
70 75 
600 621 
942 1404 
750 812 
546 873 
910 1244 
141 80 
445 1066 
731 943 
411 1184 
754 1319 
693 1399 
86 112 
559 974 
470 925 
69 300 
454 1173 
894 1423 
228 76 
401 907 
69 90 
760 915 
1171 1477 
1240 74 
587 719 
132 76 
1093 960 
705 1649 
173 75 
77 77 
761 1328 
614 1371 
412 74 
339 905 
924 652 
328 1261 
1915 622 
71 79 
99 517 
591 864 
315 828 
928 1079 
499 897 
463 1606 
68 81 
580 1037 
518 742 
777 1169 
292 756 
528 1372 
611 1370 
647 75 
272 789 
542 773 
815 986 
916 1417 
118 170 
585 979 
802 75 
447 702 
514 754 
71 80 
281 626 
521 962 
481 712 
871 1487 
464 1008 
454 886 
353 720 
126 1056 
568 1125 
373 740 
