361 931 
484 1148 
368 983 
705 996 
358 814 
67 74 
621 1157 
436 985 
67 73 
790 1494 
981 1029 
399 935 
344 1490 
491 1210 
67 74 
798 1156 
153 74 
73 88 
380 858 
246 1091 
98 73 
1282 1685 
167 190 
219 114 
539 1382 
686 1343 
296 1033 
546 1072 
69 85 
231 83 
68 77 
355 1164 
68 303 
482 1089 
73 721 
377 1298 
878 1160 
487 1273 
557 1050 
313 847 
195 74 
306 793 
92 575 
641 1056 
68 693 
243 80 
450 913 
68 74 
71 74 
434 904 
460 1313 
225 74 
242 74 
77 82 
111 129 
183 1233 
616 111 
81 185 
623 1242 
776 1221 
173 74 
67 229 
414 1049 
577 1294 
519 966 
68 242 
633 1123 
412 1444 
670 1314 
476 1107 
207 74 
813 1006 
70 91 
688 1447 
266 140 
578 76 
1131 1660 
642 594 
67 174 
685 1055 
66 678 
651 1319 
69 371 
611 1557 
568 1183 
1291 1079 
69 79 
775 1333 
67 488 
67 164 
353 886 
67 74 
549 1379 
200 81 
113 76 
350 777 
68 622 
967 1342 
621 82 
1254 1422 
491 1410 
165 75 
1420 1456 
422 1100 
525 1269 
200 824 
829 881 
548 1434 
804 1516 
576 1123 
1400 74 
79 134 
273 1240 
321 1200 
582 1033 
314 1065 
214 961 
84 654 
69 208 
140 118 
1103 1684 
392 1139 
444 74 
572 1131 
374 1299 
180 74 
68 105 
597 1555 
156 83 
420 909 
365 1040 
787 1271 
82 75 
67 76 
89 75 
730 1253 
479 1369 
67 74 
805 1072 
804 704 
707 1460 
771 1487 
67 73 
487 1217 
305 1068 
846 1263 
575 1408 
422 1037 
104 74 
226 102 
162 155 
587 1630 
475 1082 
553 982 
606 1529 
673 1523 
297 981 
369 1072 
312 1122 
819 1386 
704 1044 
725 800 
1298 995 
1067 1678 
804 924 
68 442 
73 92 
708 1095 
143 243 
601 1026 
126 77 
575 1443 
1194 74 
386 1285 
549 1392 
771 1420 
651 1330 
545 978 
650 1359 
393 944 
314 1262 
72 1119 
1315 1375 
357 670 
533 1329 
716 1478 
1207 1610 
577 980 
1780 1672 
636 1309 
822 1322 
80 74 
73 74 
160 225 
999 1538 
519 786 
566 1099 
616 1153 
414 121 
104 591 
123 74 
347 957 
620 1073 
792 1212 
80 74 
714 1160 
429 982 
295 1602 
723 1295 
383 75 
676 1217 
230 127 
476 999 
70 74 
120 74 
775 1664 
245 1045 
976 1602 
970 1090 
694 1487 
67 74 
548 1310 
772 1551 
496 929 
594 74 
1940 1675 
902 1010 
814 1281 
488 1429 
540 1392 
107 76 
532 1283 
769 1389 
563 1227 
1702 100 
1531 1463 
566 1362 
331 1222 
317 944 
646 1087 
197 933 
94 405 
293 392 
517 74 
608 1477 
608 1143 
337 75 
107 124 
381 1655 
1060 74 
763 1350 
1322 1671 
511 1431 
803 785 
384 1250 
471 85 
112 195 
361 973 
593 1413 
69 94 
99 635 
407 1039 
305 1024 
87 75 
69 162 
67 825 
71 74 
749 1458 
192 1224 
368 1002 
67 74 
565 1372 
1250 1407 
424 89 
544 981 
74 74 
521 1052 
615 670 
362 962 
692 969 
578 1379 
68 135 
588 1398 
481 1099 
493 1069 
538 1069 
671 1502 
67 280 
525 1202 
378 1070 
521 1136 
393 75 
657 1179 
67 74 
946 1357 
68 74 
67 76 
566 1173 
135 327 
631 1288 
137 75 
1334 1570 
353 915 
67 98 
66 1440 
220 74 
69 73 
68 130 
1284 1098 
618 1191 
211 75 
141 170 
577 955 
494 1293 
1017 1475 
909 1019 
69 274 
945 1174 
108 82 
594 1301 
459 1371 
569 1285 
389 927 
532 1086 
242 953 
333 73 
617 1521 
284 793 
643 803 
797 1389 
640 1296 
706 1574 
346 892 
693 279 
205 74 
878 1220 
689 1381 
1563 1680 
550 1426 
470 1264 
366 116 
502 997 
223 1236 
474 96 
810 1567 
627 1517 
846 1235 
356 794 
609 1469 
318 1036 
74 137 
847 1583 
71 74 
517 1084 
982 1533 
405 1034 
746 1151 
290 812 
86 262 
370 852 
816 766 
70 729 
366 1595 
552 1672 
269 885 
69 160 
1150 1201 
596 1155 
458 1306 
335 1197 
854 1595 
304 465 
617 1166 
1013 1577 
559 957 
416 821 
69 330 
385 1096 
69 83 
159 256 
166 257 
294 899 
392 938 
1939 1660 
67 290 
423 1004 
762 929 
281 959 
313 815 
276 1422 
67 81 
1204 74 
430 1063 
293 1132 
632 1552 
182 1044 
1724 1514 
68 158 
75 76 
459 939 
578 1201 
696 1337 
86 454 
68 105 
733 1346 
682 1231 
912 1072 
485 1248 
179 74 
620 1012 
228 74 
595 1556 
738 1518 
67 260 
279 1186 
67 204 
654 1102 
90 198 
915 1402 
457 1367 
68 74 
1029 1148 
553 1337 
1425 1049 
67 74 
67 310 
1460 1067 
347 1401 
758 929 
969 1506 
382 1025 
559 1261 
1314 1658 
721 1275 
601 923 
230 197 
67 310 
384 1287 
1116 1389 
420 996 
538 1484 
735 1337 
705 1146 
146 1098 
430 1114 
314 171 
67 73 
463 1259 
660 1268 
437 1036 
1372 1511 
407 1274 
155 413 
530 1127 
411 1106 
1216 1001 
67 74 
618 1653 
218 1188 
116 163 
326 991 
1199 1247 
674 1311 
765 1385 
622 1115 
610 1661 
522 1037 
73 74 
765 1133 
431 919 
376 1049 
147 882 
1080 1560 
115 74 
375 1654 
800 1649 
69 74 
127 348 
67 74 
518 1438 
537 1275 
903 1500 
676 1518 
394 1023 
67 90 
108 74 
374 1072 
414 1190 
1521 1113 
67 155 
161 74 
501 74 
404 994 
499 929 
1567 1565 
670 1161 
78 79 
75 75 
166 80 
175 337 
711 1237 
444 1359 
548 1039 
132 74 
872 1454 
67 275 
432 1297 
485 76 
704 1438 
1580 1689 
348 1204 
656 1489 
80 400 
1331 1056 
124 74 
547 1473 
634 1029 
210 75 
354 1195 
954 1462 
67 78 
202 74 
326 1059 
511 1290 
320 74 
818 1262 
1045 821 
617 950 
1238 1637 
68 74 
216 83 
510 1199 
85 84 
785 1290 
744 1102 
429 997 
408 1557 
76 126 
322 1140 
245 125 
555 744 
337 74 
943 1626 
89 515 
912 1322 
617 1135 
459 1334 
817 1118 
349 1418 
866 1463 
993 1461 
558 1119 
572 1248 
309 1061 
132 625 
575 1219 
516 1476 
315 1022 
489 1296 
96 88 
289 1363 
884 1166 
302 74 
473 1158 
309 1532 
368 1023 
678 1205 
449 1252 
644 914 
1152 1271 
67 74 
539 1063 
190 401 
157 280 
108 78 
67 292 
142 275 
638 1030 
824 1423 
482 1343 
797 1310 
301 467 
159 281 
264 74 
72 98 
67 412 
610 1388 
384 1444 
498 1337 
563 1101 
607 1136 
70 78 
480 1582 
484 905 
543 95 
69 74 
200 1080 
372 1446 
1368 84 
68 74 
445 1189 
664 1645 
94 786 
517 1015 
1356 1654 
68 74 
1076 1526 
359 943 
67 184 
899 74 
447 1106 
68 75 
68 74 
334 1228 
385 977 
509 1693 
561 1535 
311 74 
201 322 
672 1078 
1126 171 
802 1188 
439 74 
422 1164 
777 1281 
375 1132 
923 1418 
1879 1663 
453 1392 
972 1396 
69 848 
441 1365 
68 75 
634 1565 
344 866 
681 1348 
748 1475 
141 508 
312 449 
625 1541 
358 996 
531 1008 
67 297 
67 1630 
307 773 
67 78 
476 1346 
633 1213 
1063 1663 
585 1165 
347 75 
67 77 
943 1519 
598 1083 
226 74 
530 564 
694 1247 
69 89 
585 1154 
88 76 
485 1308 
569 1391 
516 1025 
511 832 
1212 760 
633 1571 
747 1514 
537 1304 
328 1107 
606 1434 
192 844 
522 1372 
69 101 
466 826 
105 77 
131 225 
76 84 
1000 1360 
658 1181 
775 1348 
770 74 
195 74 
600 1123 
775 836 
386 561 
1420 1556 
623 1354 
391 957 
1310 1541 
569 1671 
203 964 
592 1309 
511 1376 
330 1409 
67 86 
67 103 
457 694 
71 224 
547 1366 
307 1193 
954 1454 
573 1012 
120 432 
1684 1561 
348 1098 
701 1423 
990 1220 
656 1114 
70 493 
553 992 
455 1449 
335 1179 
848 1310 
747 1509 
686 1587 
290 863 
760 1449 
375 787 
1045 1589 
92 308 
672 1416 
619 993 
455 1600 
68 73 
97 310 
510 1056 
523 1223 
1910 74 
372 854 
1940 1640 
919 1568 
770 1412 
652 798 
254 1221 
222 955 
72 74 
676 1234 
95 76 
577 1356 
66 73 
669 1321 
253 558 
278 422 
563 771 
165 74 
235 1578 
662 1073 
1095 1077 
211 1214 
604 1399 
462 911 
595 739 
71 160 
346 893 
758 1347 
409 1175 
443 1044 
67 208 
742 1489 
463 1454 
547 1114 
830 1512 
465 1219 
319 962 
494 1060 
70 80 
445 1026 
703 1244 
435 1191 
432 74 
542 1309 
767 1660 
1360 1152 
981 1246 
523 1249 
1188 1566 
81 73 
476 1362 
417 1277 
69 1685 
532 1521 
67 74 
77 121 
696 1458 
82 515 
84 994 
332 1284 
67 74 
68 74 
254 1296 
105 252 
622 1233 
425 75 
1016 1604 
615 1179 
372 1163 
99 361 
1520 965 
476 926 
143 74 
602 1320 
67 74 
323 959 
82 83 
492 699 
401 607 
717 1433 
530 1233 
581 1588 
727 1324 
590 1086 
154 978 
995 1331 
718 1066 
673 1236 
662 1446 
67 177 
1024 1305 
702 765 
106 74 
358 1165 
180 81 
746 1199 
532 926 
458 1682 
534 980 
383 814 
885 1398 
358 1222 
418 878 
208 943 
198 83 
67 116 
436 1188 
150 92 
1592 1483 
490 1487 
296 1198 
400 832 
737 1480 
418 1181 
295 936 
878 1655 
580 953 
641 1348 
214 74 
552 1017 
68 81 
696 1420 
421 937 
456 1369 
245 78 
559 1304 
780 1611 
156 74 
1228 1501 
266 74 
429 1057 
707 892 
917 1436 
687 1260 
670 850 
358 1084 
1939 1274 
74 74 
511 1272 
631 801 
492 1302 
891 1296 
1222 1532 
484 1281 
357 992 
255 74 
67 74 
784 1238 
427 1168 
444 919 
522 1270 
228 74 
1470 1556 
658 1341 
81 196 
70 85 
537 1236 
66 74 
1129 1357 
555 1451 
67 75 
474 1076 
77 74 
550 1222 
69 74 
758 1152 
629 1427 
914 886 
220 74 
562 74 
225 913 
242 951 
1312 1655 
514 1266 
383 1508 
1006 1051 
419 1184 
720 894 
889 1306 
1221 939 
478 1118 
603 1252 
161 75 
505 1597 
306 1384 
98 73 
207 984 
651 999 
791 1672 
310 74 
1367 1352 
946 1605 
71 98 
411 1016 
491 1293 
1086 1621 
142 75 
68 668 
125 74 
543 1261 
324 1231 
686 1628 
717 767 
515 1120 
525 1199 
620 1341 
1027 1578 
424 1253 
68 74 
1238 1641 
494 1308 
414 73 
441 643 
67 88 
676 1383 
1362 1068 
338 984 
375 921 
172 453 
1234 1676 
288 1060 
548 1161 
383 1306 
67 80 
1938 81 
662 693 
577 73 
789 1442 
868 74 
285 74 
148 225 
353 1062 
367 1110 
571 1302 
567 1362 
67 356 
767 1324 
68 80 
686 739 
575 923 
450 1273 
756 942 
431 1403 
553 1097 
67 74 
68 84 
68 162 
977 1249 
121 74 
539 1234 
568 1079 
484 1167 
435 1051 
283 1334 
71 376 
525 1257 
548 1066 
106 74 
619 1192 
67 222 
846 1617 
67 74 
570 1626 
504 1197 
67 75 
512 1225 
852 1010 
1170 1562 
366 1160 
67 84 
352 135 
560 917 
84 86 
979 1189 
660 990 
706 1212 
697 1464 
802 1187 
242 677 
552 1063 
472 1113 
96 82 
76 90 
102 74 
436 1206 
67 168 
1498 1645 
412 891 
394 1550 
897 1506 
67 73 
914 925 
499 1481 
67 438 
1451 1482 
484 1386 
67 868 
282 768 
459 839 
682 1230 
372 1372 
811 1322 
957 1450 
587 1454 
254 1668 
69 74 
71 101 
690 1548 
786 80 
136 1373 
505 924 
430 898 
201 1182 
637 231 
334 1317 
487 1104 
185 79 
356 1053 
357 1042 
1276 1686 
115 75 
370 1354 
290 272 
84 153 
160 90 
809 1667 
369 1020 
713 1175 
102 74 
761 1688 
398 1682 
592 1583 
691 1447 
1190 773 
496 1369 
299 1003 
1236 1237 
552 1649 
551 1298 
68 98 
72 73 
570 1333 
68 81 
461 1204 
72 180 
500 916 
76 73 
376 997 
67 74 
1094 1617 
610 1273 
989 999 
67 74 
195 74 
164 74 
1577 205 
283 650 
571 1160 
471 74 
359 756 
618 1275 
817 1143 
518 1568 
808 1332 
783 957 
353 1305 
299 1153 
758 1322 
714 1376 
417 1240 
428 1106 
67 987 
635 987 
825 1133 
221 609 
67 398 
760 1616 
375 1257 
456 1197 
700 1316 
68 74 
266 1071 
903 1562 
972 1457 
443 926 
69 486 
750 1280 
69 73 
267 1103 
67 80 
67 75 
377 1038 
395 1266 
71 74 
580 1329 
388 1326 
767 1460 
67 483 
409 1186 
1001 1552 
88 74 
655 1617 
493 1128 
111 291 
754 1351 
76 75 
526 1086 
1064 1601 
66 116 
690 1458 
307 1030 
600 74 
254 1113 
177 181 
505 1129 
705 1385 
600 1208 
1033 1254 
619 1338 
168 116 
1257 1679 
1576 1546 
580 1535 
498 1130 
284 659 
209 74 
681 1530 
726 933 
92 74 
397 1380 
73 465 
834 1409 
1270 1704 
251 76 
462 1184 
426 893 
522 985 
753 1198 
1120 75 
69 366 
384 774 
294 1389 
664 977 
89 90 
675 833 
67 767 
237 171 
620 1307 
511 1060 
934 1237 
69 74 
734 74 
234 1395 
637 1308 
640 1141 
776 1691 
523 1060 
727 1362 
542 410 
121 74 
436 1209 
84 74 
349 664 
506 1133 
245 74 
517 1052 
957 1038 
455 1453 
69 352 
546 1308 
537 1344 
661 992 
69 73 
184 1098 
454 1615 
312 1173 
67 477 
387 1089 
1284 1526 
748 1334 
672 1282 
74 310 
67 156 
1022 1638 
611 869 
444 1112 
1016 1623 
277 936 
443 1143 
545 1050 
308 1123 
69 74 
432 926 
217 74 
67 74 
68 83 
67 74 
464 1439 
76 292 
123 74 
80 120 
432 1125 
835 1555 
1255 1347 
227 945 
486 1065 
365 919 
69 137 
323 981 
81 539 
380 997 
619 1357 
731 1023 
521 1401 
295 850 
809 1424 
67 74 
68 74 
469 1099 
797 1516 
67 166 
549 1123 
69 74 
493 1283 
774 1343 
578 1009 
826 1296 
215 473 
843 1536 
656 1686 
104 76 
760 1279 
621 1350 
546 1356 
359 1059 
91 108 
305 75 
597 1553 
192 75 
410 1039 
491 1239 
383 874 
861 115 
92 73 
139 74 
575 74 
108 75 
344 1234 
1924 1405 
349 1454 
462 828 
664 972 
70 75 
68 74 
449 1003 
582 1378 
68 75 
194 80 
328 1196 
700 1393 
777 1454 
529 1332 
457 1130 
68 514 
68 76 
547 1254 
335 794 
543 1207 
369 1315 
1080 924 
567 1396 
826 1240 
628 1538 
483 1248 
360 723 
397 1038 
237 866 
474 1249 
710 1512 
566 1442 
468 1291 
70 286 
313 365 
1058 1182 
1168 1560 
81 120 
351 1107 
1046 1472 
353 1244 
540 1543 
897 82 
385 882 
553 1069 
73 655 
566 1327 
552 980 
221 691 
280 825 
394 1106 
103 92 
609 1591 
406 903 
793 1534 
584 1214 
485 1615 
158 76 
570 1064 
396 1008 
76 258 
800 1492 
67 120 
708 1604 
1451 1375 
449 114 
116 188 
477 1335 
68 76 
99 107 
224 1404 
67 74 
91 74 
67 562 
67 104 
839 1244 
232 983 
426 1026 
742 1232 
681 1248 
716 1133 
131 74 
273 75 
68 993 
300 879 
82 76 
568 622 
457 1354 
403 1068 
202 81 
67 267 
1816 1546 
382 1180 
1248 1693 
442 148 
1145 1289 
1803 174 
1457 262 
67 668 
400 1295 
599 968 
569 964 
260 132 
579 1094 
69 75 
632 1101 
642 1579 
470 1104 
1041 1600 
1527 1691 
729 976 
69 210 
977 908 
260 74 
687 74 
1899 156 
669 1176 
296 74 
858 1407 
68 74 
100 474 
330 971 
660 1170 
100 215 
449 1600 
186 74 
71 77 
240 838 
661 1430 
69 257 
434 1512 
327 1321 
108 248 
946 1246 
209 84 
1373 1341 
455 874 
604 1420 
182 980 
250 1342 
569 980 
109 74 
858 1622 
297 1441 
814 1222 
395 1130 
243 526 
531 1179 
1175 1369 
78 347 
696 1065 
749 1289 
70 108 
423 980 
1939 1689 
197 481 
402 1025 
499 1185 
497 1193 
618 967 
477 1599 
578 1510 
81 1282 
901 1646 
574 1544 
703 1552 
744 1437 
573 1449 
815 1172 
73 165 
453 1215 
811 1387 
164 412 
330 96 
465 1154 
532 1676 
286 1405 
201 976 
67 314 
955 1405 
622 1029 
994 1622 
145 81 
509 1293 
347 73 
325 1321 
225 57 
66 74 
504 1304 
414 1118 
706 1483 
511 1156 
1443 1523 
450 749 
761 1131 
496 1691 
67 77 
67 409 
190 74 
1200 1225 
551 785 
417 1310 
636 1439 
92 143 
321 929 
364 1333 
104 738 
440 932 
324 851 
529 1343 
384 987 
953 1638 
440 819 
468 865 
498 1275 
67 342 
310 1559 
571 1188 
566 1330 
472 1141 
80 77 
627 1196 
638 76 
568 1223 
730 1574 
476 738 
657 1619 
741 1354 
492 1122 
336 1286 
395 822 
510 1224 
105 75 
565 783 
88 321 
67 76 
428 1176 
445 1093 
358 1171 
363 1024 
70 74 
1008 1153 
830 1440 
435 992 
73 82 
67 764 
1183 1403 
604 789 
1015 75 
494 1266 
179 88 
693 1273 
965 74 
472 875 
69 250 
350 1029 
978 77 
68 82 
494 998 
785 74 
67 76 
137 75 
287 1300 
67 128 
584 1614 
483 927 
1940 1691 
383 867 
71 142 
918 1034 
265 1189 
957 1329 
67 83 
485 1108 
609 1097 
104 1472 
716 840 
1285 1433 
84 73 
86 389 
465 993 
508 1269 
68 74 
910 74 
617 1299 
67 123 
527 1598 
538 1125 
281 1108 
128 425 
356 1017 
248 1049 
67 73 
654 1094 
1489 1688 
72 728 
1001 1388 
140 77 
1834 1467 
169 453 
343 1148 
575 1246 
870 1368 
496 1138 
700 1321 
519 998 
862 1095 
646 1240 
484 954 
700 1639 
281 588 
1559 1598 
1939 1526 
858 1233 
433 1651 
67 83 
722 1362 
613 1436 
513 1218 
1245 1669 
537 938 
329 530 
423 1064 
479 1157 
170 74 
69 164 
69 262 
67 364 
67 819 
1098 148 
589 501 
654 1459 
281 1405 
114 89 
1176 1681 
711 777 
1553 73 
455 1368 
830 1388 
534 1204 
611 1321 
78 185 
430 1073 
76 74 
112 77 
662 1465 
342 636 
960 1042 
233 1454 
423 1077 
156 74 
807 1616 
1026 1421 
137 74 
265 301 
368 1327 
447 1049 
121 153 
1039 1675 
234 1167 
300 1293 
68 74 
568 599 
68 74 
1137 1356 
483 1334 
133 264 
88 74 
343 1010 
1026 1179 
81 298 
67 214 
575 108 
492 1492 
584 1091 
607 1042 
561 1421 
532 1152 
379 959 
137 77 
111 74 
166 334 
1019 1523 
75 516 
1025 1551 
559 1542 
68 198 
450 75 
577 1336 
302 915 
545 1237 
262 175 
421 779 
1313 74 
394 1577 
552 751 
467 789 
662 935 
68 74 
583 201 
275 837 
361 1155 
259 84 
68 74 
540 1281 
704 1308 
1090 1676 
181 74 
804 970 
1646 198 
392 1394 
691 1159 
786 1452 
422 1284 
363 1210 
1042 1640 
67 73 
381 1083 
628 1038 
72 74 
918 1281 
637 1200 
196 195 
477 1297 
67 86 
67 74 
1820 74 
68 75 
726 959 
68 74 
273 287 
144 1400 
667 1196 
619 1608 
183 75 
897 1454 
71 74 
267 1541 
472 1139 
86 76 
291 1259 
446 977 
135 623 
72 78 
659 1503 
751 1445 
176 76 
68 96 
692 1449 
423 1427 
863 1589 
69 82 
864 1399 
1329 1413 
524 1076 
839 1641 
941 1330 
306 849 
543 1045 
67 378 
1810 1392 
368 1184 
431 1235 
720 876 
164 203 
690 1325 
639 982 
1597 856 
307 822 
66 73 
461 1110 
412 933 
588 1178 
69 168 
637 1189 
69 604 
67 315 
67 75 
498 1145 
1033 1424 
619 1416 
603 1302 
470 1433 
652 1057 
526 74 
781 1029 
329 854 
68 542 
516 1032 
522 1439 
474 1517 
614 78 
105 103 
544 1268 
695 1169 
385 1131 
961 1482 
547 1299 
69 258 
496 1066 
752 172 
993 1453 
385 967 
263 749 
68 639 
383 1102 
617 1400 
1522 870 
446 982 
67 109 
1294 1494 
1263 901 
640 1196 
714 1144 
623 200 
72 74 
481 1044 
67 622 
662 1292 
826 1250 
75 1050 
469 1103 
543 1352 
67 90 
1189 1519 
669 1333 
69 74 
899 1298 
640 1489 
610 922 
513 1245 
760 1505 
560 834 
791 74 
577 905 
757 308 
68 133 
511 854 
353 978 
85 77 
379 1328 
774 1106 
77 168 
761 1461 
1596 1554 
679 1369 
294 897 
264 1203 
604 1204 
627 80 
67 74 
977 1468 
916 769 
67 75 
694 1150 
87 204 
276 1109 
109 105 
453 1316 
90 153 
103 748 
124 74 
736 1235 
89 74 
129 1475 
72 684 
1580 1665 
263 77 
381 1516 
919 1200 
763 897 
419 1394 
68 370 
504 1055 
67 102 
137 149 
965 1477 
70 166 
595 1236 
140 102 
936 1603 
678 1362 
486 1216 
70 74 
68 74 
76 325 
452 945 
406 1137 
67 1104 
70 74 
870 1023 
582 940 
70 76 
689 1155 
570 1027 
727 1325 
331 1316 
1133 1613 
476 814 
453 1298 
324 1615 
1065 498 
618 1105 
253 1011 
982 466 
313 1187 
448 955 
963 1589 
99 74 
197 151 
75 182 
1035 1702 
368 891 
548 1210 
280 1000 
645 994 
74 170 
1268 1252 
67 97 
157 1378 
1250 1384 
533 1161 
75 91 
116 75 
74 278 
126 836 
491 1250 
754 1497 
636 801 
375 1036 
454 818 
151 1001 
477 1509 
1177 1251 
1279 1521 
1184 310 
897 1601 
759 1675 
1650 1661 
1098 691 
1493 1696 
785 1350 
127 75 
375 985 
67 75 
1769 813 
807 1276 
118 408 
804 1338 
67 74 
421 959 
638 1220 
634 1006 
66 1438 
509 1152 
1804 1433 
373 1162 
640 1320 
979 74 
1738 75 
1074 1287 
668 1078 
108 406 
916 1375 
310 622 
702 1592 
432 1373 
591 1259 
1046 1668 
1104 1660 
571 1311 
571 1220 
583 1404 
498 1321 
67 561 
225 1081 
71 563 
884 73 
104 516 
73 395 
67 737 
634 128 
717 1343 
303 802 
69 74 
264 104 
604 1468 
67 76 
187 397 
118 77 
848 1040 
67 106 
380 1079 
558 1438 
846 1410 
314 1215 
1253 1556 
832 1212 
72 74 
165 1268 
81 76 
1016 1670 
452 1019 
67 104 
71 74 
1079 1088 
242 965 
769 1192 
451 997 
293 599 
1068 1631 
68 617 
697 1328 
466 1071 
73 161 
468 900 
214 1068 
840 818 
585 895 
768 1238 
68 75 
1938 705 
672 1403 
95 427 
67 73 
140 78 
310 557 
675 1079 
67 102 
498 950 
392 884 
447 970 
836 1235 
1026 1319 
69 90 
426 504 
113 205 
67 74 
328 1166 
796 1501 
541 989 
728 1502 
450 521 
85 74 
338 74 
612 73 
142 328 
386 74 
306 1388 
303 1158 
221 79 
519 1291 
119 782 
1107 1445 
325 960 
67 292 
536 1226 
67 73 
67 75 
69 74 
640 149 
174 74 
525 74 
542 1287 
319 1291 
802 1180 
70 315 
1110 1657 
70 74 
267 678 
229 74 
888 1009 
698 1531 
471 1424 
952 1650 
68 82 
303 929 
1269 1164 
67 74 
608 1498 
753 74 
947 1579 
629 904 
85 454 
789 1560 
67 76 
660 1364 
171 1485 
473 1028 
71 78 
752 1380 
1436 1663 
642 1311 
603 1273 
382 78 
584 1338 
441 876 
785 920 
563 934 
69 74 
729 1595 
371 1254 
306 1173 
1935 1337 
556 1250 
75 856 
162 74 
170 723 
865 1504 
355 1286 
176 74 
1596 1693 
330 893 
900 1673 
763 1535 
71 75 
249 75 
629 921 
416 854 
242 74 
555 1278 
259 1265 
1047 1700 
207 73 
371 730 
379 1327 
741 1263 
318 1467 
310 74 
610 150 
805 1298 
851 1599 
75 578 
1259 1128 
1136 1525 
466 1169 
316 1100 
315 901 
394 976 
602 1217 
949 1499 
386 1057 
115 273 
984 1393 
918 1482 
618 306 
628 1085 
67 91 
1011 1174 
285 826 
819 1545 
454 1325 
335 1267 
794 1557 
68 104 
67 249 
736 755 
1093 1381 
87 78 
572 1017 
476 1258 
707 1025 
838 1521 
429 74 
482 1243 
386 1336 
408 1172 
957 1617 
330 1169 
388 73 
1724 1685 
529 913 
67 339 
464 1440 
1104 1569 
281 74 
652 1435 
465 1284 
520 1557 
603 1253 
446 183 
270 229 
73 709 
1940 1695 
67 74 
309 1317 
405 931 
791 1547 
1590 1244 
67 74 
70 74 
302 74 
916 672 
385 1013 
70 236 
691 987 
305 76 
613 1241 
69 74 
754 1597 
537 1021 
68 137 
421 1000 
70 278 
112 139 
827 1329 
979 74 
145 225 
69 74 
120 125 
567 75 
379 801 
154 76 
721 1401 
67 636 
533 1582 
597 1439 
74 74 
753 1676 
375 1065 
579 1290 
67 106 
67 409 
75 403 
575 1370 
313 105 
67 320 
295 859 
67 177 
331 1260 
338 1302 
384 1060 
399 1071 
192 138 
392 1113 
482 898 
430 818 
625 127 
470 1296 
692 1193 
262 1064 
67 74 
67 678 
267 1026 
328 1022 
206 74 
1094 74 
939 1433 
667 1461 
514 1146 
68 74 
432 832 
533 967 
560 92 
891 1382 
455 1311 
583 1689 
682 1494 
161 103 
436 1365 
406 830 
645 588 
361 925 
578 1663 
118 201 
222 162 
398 81 
108 75 
67 92 
1135 1309 
68 75 
459 74 
372 1254 
762 1558 
866 1593 
767 966 
472 828 
323 1270 
1014 1558 
413 942 
798 1583 
1284 1365 
69 325 
393 1294 
108 74 
546 848 
634 747 
502 1646 
371 79 
775 1206 
396 1201 
484 1329 
707 1258 
942 790 
289 1447 
577 703 
67 258 
72 426 
71 74 
844 1559 
749 1183 
648 1600 
92 85 
868 1527 
427 1033 
702 1150 
682 792 
886 1420 
77 74 
67 75 
86 791 
682 1351 
108 96 
67 620 
90 74 
312 1090 
610 74 
532 1374 
825 1697 
482 779 
341 1266 
1043 1335 
499 1372 
659 84 
78 75 
424 1141 
109 247 
628 1043 
352 1099 
516 1110 
79 74 
317 1444 
716 1216 
503 1337 
296 226 
278 966 
557 989 
99 74 
795 74 
616 1195 
564 1627 
517 1175 
1354 1016 
69 334 
408 897 
449 1301 
1027 1670 
643 362 
463 1163 
501 1120 
671 1275 
339 854 
1098 1150 
450 1493 
78 74 
295 1335 
583 1248 
313 1015 
645 1098 
384 1061 
536 1019 
693 74 
776 1502 
210 1387 
747 1152 
69 150 
67 104 
67 301 
436 904 
944 1641 
86 94 
572 1251 
281 1148 
1066 1501 
471 129 
72 123 
372 863 
81 1317 
704 1220 
465 1109 
264 1051 
141 74 
515 1512 
843 479 
1342 1528 
462 1395 
105 307 
1939 1421 
420 899 
640 1188 
571 1155 
617 1344 
68 454 
605 1423 
506 1004 
1546 1689 
112 247 
412 1036 
67 216 
70 715 
463 1434 
693 1345 
405 620 
535 984 
694 1328 
614 1028 
421 361 
1259 1562 
73 74 
518 1203 
264 1265 
1088 1595 
985 970 
732 1511 
365 1146 
67 74 
602 1675 
339 1161 
509 1439 
152 74 
348 1286 
579 1483 
1434 1492 
94 78 
82 74 
336 1046 
90 74 
593 995 
524 990 
509 1372 
418 1581 
351 1077 
407 1037 
432 987 
67 94 
104 74 
418 1127 
325 575 
579 1428 
233 924 
522 1237 
271 995 
93 74 
84 149 
67 89 
1003 1502 
70 149 
251 1115 
486 513 
526 1471 
152 779 
585 1079 
424 1381 
570 1447 
1938 1460 
994 1491 
107 73 
410 1213 
639 1253 
412 879 
492 949 
69 74 
106 74 
720 1269 
929 1182 
992 1589 
77 74 
596 1356 
68 283 
143 1284 
652 1103 
508 1509 
679 1532 
513 1149 
68 475 
72 176 
818 76 
432 967 
583 1301 
130 74 
570 1055 
465 1119 
334 876 
410 698 
421 1285 
390 1195 
1693 1693 
222 803 
412 977 
151 149 
714 1542 
626 749 
1653 1687 
1489 1251 
1306 1331 
627 1319 
550 1134 
306 1235 
346 1377 
462 1145 
201 746 
332 1246 
202 1650 
94 85 
1112 1663 
564 1083 
408 74 
476 855 
331 1187 
421 1153 
386 875 
66 100 
227 1448 
1234 1146 
466 1024 
989 1133 
272 1430 
532 955 
802 1392 
140 114 
857 1505 
67 884 
867 1455 
116 74 
168 237 
326 1004 
461 1164 
130 74 
287 75 
153 74 
477 1254 
352 1370 
356 374 
79 75 
120 85 
74 617 
989 1568 
522 900 
583 74 
79 79 
81 76 
112 355 
280 293 
499 1420 
68 74 
1023 1466 
179 221 
905 1126 
1173 1563 
67 76 
396 1238 
554 1080 
84 79 
858 1613 
496 1189 
662 1517 
1148 116 
70 74 
427 878 
75 74 
486 1238 
647 1411 
457 860 
1321 1621 
323 275 
588 1406 
931 796 
186 1503 
115 92 
445 1249 
442 1052 
340 1240 
540 1287 
67 74 
67 77 
859 1419 
525 1171 
67 324 
162 91 
640 1333 
323 1123 
79 74 
1128 1695 
539 1350 
368 1149 
716 1219 
341 1122 
82 181 
436 1226 
571 842 
736 1344 
514 1128 
68 95 
75 75 
79 74 
88 198 
835 1493 
670 1313 
70 83 
1404 1604 
217 132 
68 84 
411 1175 
601 1306 
359 141 
592 1502 
1174 1588 
78 570 
650 1309 
603 990 
587 1459 
309 1097 
527 1325 
610 1110 
502 995 
73 220 
413 1068 
67 74 
82 76 
68 74 
476 1417 
483 873 
67 138 
67 74 
149 75 
516 1189 
468 1314 
382 1179 
447 979 
543 1256 
92 75 
342 1054 
500 1001 
69 304 
971 1485 
423 1214 
344 477 
528 1323 
490 930 
327 1684 
647 1528 
84 160 
903 1378 
68 74 
290 75 
193 76 
111 90 
437 845 
94 166 
586 1373 
223 75 
684 76 
419 1191 
265 79 
984 1636 
67 74 
487 768 
1009 1513 
520 1448 
84 497 
739 1577 
491 986 
67 74 
297 1285 
69 483 
502 1211 
580 1251 
71 74 
152 248 
339 1220 
1068 1371 
501 904 
67 90 
582 1060 
514 1477 
577 1431 
68 74 
815 1189 
1310 1573 
619 1221 
1407 1413 
1633 1579 
180 137 
616 1285 
156 77 
521 1259 
498 1156 
916 1371 
418 1192 
570 1174 
707 1238 
1485 1693 
424 1566 
146 84 
767 1553 
539 1070 
67 347 
68 139 
565 1364 
99 92 
68 699 
426 1297 
612 1565 
69 486 
630 1535 
1004 74 
392 1023 
1250 1683 
634 974 
938 1399 
407 1270 
314 997 
391 755 
69 74 
67 73 
562 1593 
971 1312 
676 1543 
407 74 
70 74 
497 918 
428 1267 
458 1355 
303 1372 
466 1156 
565 1517 
67 795 
309 754 
574 1076 
617 1399 
1820 1697 
358 1277 
330 971 
530 961 
280 1059 
70 713 
103 75 
1256 305 
663 1165 
260 1598 
179 291 
67 111 
200 465 
454 972 
538 1530 
666 1173 
303 880 
453 202 
493 1178 
88 74 
277 1241 
1194 1201 
622 1669 
457 719 
408 1651 
834 1566 
76 74 
743 1386 
824 1293 
1027 1441 
80 103 
493 1563 
423 1184 
1064 1582 
412 1079 
76 141 
335 689 
559 1612 
67 308 
768 1695 
346 1482 
545 1314 
489 1290 
777 1094 
490 1143 
603 1133 
391 1532 
72 100 
852 1428 
634 1149 
103 905 
405 949 
420 1135 
586 803 
67 218 
401 1033 
604 1365 
1793 1619 
434 889 
577 1059 
1045 1668 
425 912 
902 1308 
560 1124 
1017 744 
685 1050 
1273 1423 
348 1110 
83 74 
677 1240 
915 1357 
521 912 
302 992 
523 1154 
69 184 
914 1527 
981 838 
712 1498 
587 1160 
68 646 
430 1190 
364 75 
418 1286 
451 969 
399 932 
143 74 
834 74 
401 937 
67 831 
144 723 
582 953 
591 1145 
69 75 
173 80 
463 1440 
67 262 
472 1226 
588 1498 
582 1207 
70 232 
917 1437 
634 1046 
951 1538 
118 76 
442 1062 
641 1405 
621 1235 
498 1070 
125 74 
96 75 
244 75 
670 1398 
424 1107 
208 74 
548 1308 
435 1110 
484 1286 
1066 1682 
616 1294 
482 993 
70 80 
642 1201 
67 1163 
148 85 
855 1308 
67 439 
547 979 
1377 1693 
760 1118 
981 1640 
488 1327 
204 1162 
1178 1318 
356 125 
620 1292 
418 952 
547 1002 
119 97 
471 1408 
1215 1415 
888 1280 
110 75 
206 1103 
462 1202 
510 978 
1266 1579 
579 1377 
877 78 
737 1168 
661 1360 
251 1590 
616 1300 
559 1309 
585 973 
1067 215 
542 1182 
72 73 
67 947 
500 977 
529 1108 
509 901 
490 953 
542 1329 
647 1583 
563 1525 
661 1109 
373 1314 
67 671 
751 1137 
451 1349 
803 997 
616 287 
698 1197 
341 976 
68 138 
564 1367 
528 1073 
617 764 
358 1621 
335 1212 
869 1113 
124 329 
67 858 
652 1513 
639 1197 
1228 944 
496 1337 
572 1230 
236 74 
80 75 
67 75 
399 1320 
594 1187 
467 882 
636 1277 
960 1680 
68 351 
245 487 
68 76 
1053 1276 
284 1001 
560 1326 
414 1395 
389 1089 
1452 1329 
1938 321 
489 1140 
83 81 
564 1300 
73 74 
67 532 
104 163 
801 1576 
331 1007 
954 1496 
466 1233 
347 731 
644 1063 
478 814 
268 1220 
451 978 
335 1159 
404 1518 
967 1491 
89 1063 
101 84 
430 1029 
506 820 
396 1279 
543 1224 
67 95 
983 76 
453 1272 
1132 1642 
547 1434 
509 183 
451 1404 
383 916 
574 1689 
424 1111 
608 1301 
923 76 
67 159 
469 903 
430 1074 
642 643 
438 122 
71 378 
91 105 
560 1387 
548 1336 
896 1667 
69 237 
162 907 
561 1045 
1047 1679 
669 1401 
497 1401 
673 1114 
368 813 
370 986 
280 74 
538 1368 
83 76 
974 1507 
424 925 
934 1456 
777 1264 
513 1369 
81 90 
725 1139 
1766 1626 
264 92 
421 1527 
748 1379 
1457 1574 
431 1409 
68 74 
404 1403 
778 1506 
402 1441 
504 1500 
955 1574 
350 877 
494 1080 
67 680 
73 147 
429 700 
564 912 
67 76 
809 1681 
1540 1421 
582 1045 
703 1413 
488 1349 
