965 78 107
1463 676 97
1324 496 915
1069 127 80
1414 64 69
1312 314 671
1325 329 364
1182 456 1355
1319 64 85
1246 1178 1559
1224 430 1510
1317 509 342
1337 363 385
1348 90 111
1325 748 78
1358 413 479
1327 353 682
1318 375 702
1252 67 129
1746 328 69
1550 177 106
1211 97 164
1361 659 559
1339 300 660
1306 617 863
1348 293 310
809 117 219
1372 64 158
1151 63 227
970 69 114
1195 66 139
1234 509 939
1256 604 834
1517 210 69
1352 468 393
1303 340 710
1307 476 732
1255 84 156
1325 120 68
1196 199 1324
1301 427 729
1286 218 654
1044 66 95
1287 276 448
1255 418 406
1312 574 391
961 65 340
1641 87 71
1331 981 647
1371 551 665
1279 63 108
1190 397 1115
1310 322 1088
1304 369 638
1487 93 68
1278 531 661
1263 63 165
1314 523 1228
1236 233 620
1289 697 1094
1177 131 1702
1204 807 1423
1257 643 1315
1168 95 76
1265 63 121
1391 105 105
1324 265 68
1133 65 353
1756 107 68
1303 600 930
1357 89 69
1228 600 894
1373 443 309
1253 217 734
1245 372 944
1310 519 1272
1383 727 628
1217 378 815
1423 623 368
1387 324 559
1399 372 302
1390 561 697
1526 72 93
1161 556 1579
1207 63 140
1330 471 581
1252 956 1608
1223 413 949
1355 86 76
1322 562 282
1325 326 458
1199 369 980
1347 503 471
1283 691 1104
1206 68 784
1223 337 769
1313 352 221
1410 160 67
1327 66 71
1259 616 830
1209 76 245
1289 452 637
1357 410 93
1758 113 81
1210 472 1002
1020 1044 1583
1163 488 1315
1247 78 79
958 128 105
1256 391 766
1303 75 255
1243 429 1121
1324 386 254
1364 297 715
1397 605 605
1254 64 318
1223 112 166
1174 6 99
1124 71 88
1352 599 258
1422 976 110
1374 363 532
1347 65 69
1273 175 642
922 67 299
1346 476 257
1254 225 647
1250 519 1319
1341 547 758
1262 219 661
1313 562 1351
987 64 110
1326 598 588
1296 216 488
1257 410 781
1747 762 68
989 91 173
1326 601 709
1258 555 777
1416 1931 83
1381 364 357
1468 65 71
1641 63 71
1294 264 1050
1275 346 815
1195 459 1647
1317 451 595
1387 285 622
1374 108 86
1283 247 459
1254 733 863
1272 287 589
1318 477 367
1222 74 94
1286 286 635
1384 66 91
1329 71 70
1412 944 662
1241 180 685
1506 74 97
1367 63 136
1330 567 218
1325 327 66
1123 64 360
1350 1077 888
1240 463 1090
1202 64 755
1300 470 857
1303 104 305
642 86 267
1354 436 717
1215 406 498
1038 89 204
1372 1328 979
1319 308 458
1489 1611 351
1310 62 67
1372 199 99
1357 1904 1894
1159 340 1274
1124 89 876
1325 65 84
1251 82 94
1586 751 70
1365 388 199
1418 269 71
1360 1932 369
1224 343 472
1575 76 72
1304 166 244
1513 685 311
1272 388 541
1755 171 67
880 68 174
1368 841 850
1342 357 481
1525 76 87
1299 270 278
1442 566 768
1347 871 1176
1356 423 437
1266 876 567
1270 1184 238
1088 559 1595
1275 500 593
1161 166 303
1363 517 576
1758 182 92
1278 69 68
1119 72 1932
1458 85 68
1268 336 782
1105 68 164
1360 83 68
1241 357 942
1236 419 676
1329 284 815
1317 597 554
1257 427 832
1319 94 71
1295 362 480
1301 377 293
1409 636 732
1168 66 683
1344 1009 575
1295 393 942
1363 542 102
1252 75 275
1267 280 456
1167 209 1931
1380 636 1380
1250 338 1576
1275 706 977
1186 398 1093
1302 317 481
1251 449 594
1435 1016 331
1292 248 496
1407 62 148
1354 468 507
986 89 99
1433 155 67
1132 92 524
1269 543 941
1304 246 1263
1278 661 1040
1365 555 522
1226 509 702
1627 149 70
1390 282 530
1318 483 678
1324 787 984
1425 869 513
1348 1070 758
1349 65 115
1362 637 735
1267 88 607
1196 692 889
1489 166 78
1274 808 939
1185 155 612
1274 74 70
1422 848 78
1272 69 118
1278 63 320
1471 84 68
1607 116 74
1212 66 395
1215 372 1030
1322 441 538
989 92 268
1135 77 81
1287 540 855
1218 63 101
1357 279 79
1478 75 68
1330 651 67
1242 305 674
1226 100 205
1272 493 802
1346 744 955
1338 561 1101
1232 224 547
1260 67 126
1319 295 788
1250 88 819
1227 496 871
982 73 306
1201 561 939
1758 389 79
1726 64 68
1357 299 644
1251 643 869
1116 341 1535
1138 96 76
1345 390 763
1287 437 524
1147 587 816
1334 741 480
1384 312 519
1285 439 678
1274 630 70
1262 384 1370
1339 88 68
1312 264 365
1308 544 469
1358 275 355
1252 402 617
1512 62 88
1144 313 642
1265 600 913
1269 512 281
1756 116 87
1218 196 359
1346 115 396
1271 329 668
1409 1074 1033
1361 1083 660
1354 500 459
1506 63 70
1366 87 91
1318 1932 1213
1237 771 1530
1214 595 481
1233 738 1216
1752 538 67
1246 496 781
1402 289 597
1385 567 955
1326 419 490
1203 63 198
1389 352 331
1177 69 398
1314 69 68
1314 718 871
1366 543 656
1371 472 472
1360 763 716
1420 77 238
1217 436 660
1339 947 720
1422 341 292
1278 106 300
1282 537 1108
1111 64 90
1289 578 474
1319 354 648
1282 415 1386
1260 598 722
1255 486 1455
1289 360 441
1407 70 67
1309 430 757
1434 1932 1626
1172 62 94
1363 290 394
1305 352 765
1284 67 88
1421 716 345
1128 458 982
1255 424 1028
1201 683 671
1243 516 10
1161 1764 1710
1293 600 569
1275 127 208
1412 363 154
1300 706 943
1269 71 71
1539 67 67
1230 984 996
1310 278 515
1354 678 547
1099 88 1920
1165 426 1479
1243 77 424
1313 63 69
1309 459 746
1215 104 787
1284 364 557
1271 265 575
1311 63 68
1214 392 1309
1347 505 583
1450 885 598
1268 76 102
1382 669 364
1307 319 308
1281 336 862
1316 410 444
1213 1113 1134
1521 642 85
1292 113 87
1360 537 445
1275 848 442
1063 119 927
1271 365 543
1237 682 1459
1329 383 605
1226 285 751
1352 430 915
1256 445 1008
1610 76 74
1244 376 852
1163 77 770
1364 102 81
1245 596 831
1362 5 68
1190 1173 1284
1394 1461 265
1269 437 769
1308 304 720
1381 1887 476
1246 512 1206
1263 568 760
1309 337 598
1143 66 99
1327 432 924
1755 142 91
1233 202 319
1256 276 636
1266 347 1208
1311 509 515
1273 69 72
1420 1573 680
1212 471 1932
1277 145 111
1228 449 731
1387 157 257
1378 474 248
1097 69 128
1372 671 854
1235 632 1023
1263 696 687
1239 104 87
1287 505 693
1360 371 69
1314 623 739
1278 421 525
1192 77 70
1040 114 1859
1358 573 384
1314 405 670
1296 71 70
1330 93 68
1223 408 693
1374 547 745
1303 422 95
1252 166 448
1017 72 114
1353 308 172
1209 69 69
1004 81 250
1294 275 343
1471 106 80
1026 66 109
1508 63 68
1214 412 1029
1294 900 69
1296 392 487
1251 590 826
1252 297 456
1288 249 549
1254 770 359
1372 659 710
1302 531 548
1243 599 732
1314 217 91
1043 146 211
1279 276 433
1347 212 68
1391 1108 273
1259 520 1067
1210 662 1273
1282 533 1383
1280 547 560
1293 295 438
1232 94 280
1285 1397 1778
1290 314 370
1059 65 79
1334 366 430
1273 727 1486
1275 639 706
1392 459 575
1272 926 1179
1230 399 860
1217 567 1256
1324 318 573
1466 62 69
1409 436 68
1382 580 815
1207 347 1320
1306 861 1342
1279 63 415
1327 524 478
1283 68 71
1236 908 1672
1398 111 69
1756 148 72
1251 488 1078
1754 147 69
1351 420 503
1284 66 72
1404 92 68
1366 141 104
1225 64 98
1360 395 728
1254 86 240
1261 397 856
1366 589 870
1290 67 90
1459 210 68
1246 336 744
1059 65 262
1320 459 492
1297 471 799
1421 240 80
1237 476 1061
1283 114 275
1330 295 507
1287 452 680
1326 279 1871
1336 253 372
1417 73 73
1310 70 71
1383 307 274
1382 1932 707
1140 92 238
1321 245 633
1361 337 177
1324 485 504
1263 304 700
1295 86 84
1577 63 68
1314 141 231
1308 396 544
1318 411 1006
1265 720 1043
1286 861 305
1274 1794 1503
1355 442 917
1236 459 947
1536 300 266
1235 94 194
1262 402 1136
1390 441 570
1428 81 68
1273 631 891
1330 1124 1056
1289 82 68
1409 967 1177
1306 509 416
1262 484 1019
1319 444 381
1288 245 545
1755 608 67
1212 286 885
1394 439 457
1278 306 362
1296 63 80
1177 63 171
1340 349 141
1113 63 244
1293 298 396
1382 65 68
1244 99 84
1233 177 654
1387 64 68
1292 249 69
1081 64 281
1300 321 631
1299 555 984
1266 467 876
1209 63 188
1305 870 1100
1309 381 510
1300 597 560
906 94 134
1290 1151 882
1458 86 70
1310 212 493
1265 407 919
1256 612 994
1293 156 312
1338 744 866
1757 173 119
1414 1341 1025
1188 448 1006
1200 279 542
1325 310 545
1248 507 1201
1240 395 39
897 65 195
1430 1107 69
1318 63 70
951 64 130
1322 427 548
1370 1282 528
1247 519 1367
1124 357 954
1264 711 1483
1187 273 756
1383 1263 637
1319 79 90
1268 660 914
1454 63 79
1696 206 68
1373 143 68
1254 102 156
1347 328 152
1325 396 603
1389 455 850
1434 63 70
1365 1469 630
1176 238 1479
1370 405 344
1214 63 69
1365 71 80
1648 63 68
1319 401 485
1282 153 151
1362 372 686
1297 481 226
1545 375 68
1247 63 79
1267 758 381
1286 522 848
1263 312 1060
1460 84 73
1320 975 654
1222 65 101
1251 1236 1932
1388 97 134
1144 72 268
1314 669 907
1357 383 572
1216 66 77
1477 64 67
1249 457 815
1753 482 69
1314 532 1233
1428 77 68
1284 776 102
1335 543 609
1306 290 581
1405 329 805
1244 661 898
1401 141 83
1673 844 75
1095 65 88
1514 121 70
1644 164 67
1446 74 68
1365 146 90
1232 384 1023
1241 346 648
1423 1931 337
1224 63 298
1460 185 68
1217 785 1138
1309 330 731
1152 384 1319
1134 214 1931
1260 656 1391
1221 240 905
1753 64 68
1264 760 1157
1291 66 70
1310 229 383
1189 124 1932
1404 86 97
1303 569 679
1169 498 1895
1660 298 68
1491 64 143
1212 204 748
1222 440 1377
1318 147 72
1267 121 126
1272 252 379
1207 385 1510
1340 634 380
1198 556 1042
1246 64 145
1366 137 189
1502 64 72
1239 64 246
1269 62 74
1436 68 72
981 95 110
1409 706 289
1362 313 403
1342 547 377
1275 774 704
1273 960 501
1130 90 142
1328 347 551
1617 186 69
1364 448 598
1250 775 1678
1239 641 1558
1145 65 798
1372 654 1110
1302 395 571
1306 272 487
1439 103 70
1434 68 72
1309 630 1253
1756 207 74
1750 92 67
1414 142 70
1332 357 782
1284 306 481
1341 527 589
1339 494 605
1277 391 712
1298 509 651
918 64 265
1220 676 795
1421 64 68
1753 135 70
1359 1211 143
1076 64 256
1494 79 168
1364 457 456
1233 193 912
1310 591 715
1329 494 730
1387 490 729
1421 664 985
1512 65 67
1369 686 250
1426 66 72
1179 96 277
1275 466 673
1337 309 262
1303 515 441
1323 686 775
1030 79 399
1341 508 790
1192 1931 232
1365 718 166
1292 606 1359
1356 378 571
1278 555 572
1753 117 83
1358 176 341
1290 1217 968
1306 429 532
1243 433 1388
1147 65 108
1406 756 69
1071 72 433
1358 508 501
1268 490 923
1335 241 334
1366 689 510
1329 474 611
1256 334 906
1231 573 1128
1223 661 1745
1320 277 288
1404 67 95
1307 410 588
1363 658 1009
1445 142 68
1323 367 529
1357 477 379
1245 392 602
1270 282 780
1356 1138 184
1205 77 161
1502 307 67
1132 64 75
967 69 141
1506 63 68
1322 869 954
1228 549 1325
1372 217 391
1380 75 76
1507 64 80
1325 171 68
1356 626 521
1343 457 826
1249 132 725
1302 508 864
1275 1932 1075
1195 69 85
1276 403 943
1327 122 250
1277 296 836
1239 477 756
1240 345 776
1095 72 264
1402 91 68
1292 549 1746
1256 226 71
1753 351 491
1208 63 219
1275 522 649
1592 314 69
1250 368 952
1415 1047 88
719 105 283
1246 73 84
1367 850 971
1293 507 765
1379 479 630
1228 310 774
1304 884 1776
1335 403 705
1434 88 69
1388 920 397
1355 562 818
1318 416 221
1271 285 425
1334 533 650
1254 119 101
1250 130 157
1291 536 700
1298 63 137
1189 215 744
1276 108 365
1349 514 649
1303 452 386
1204 1032 1700
1237 324 1122
1329 1098 465
1138 69 165
1193 351 1262
1604 1931 118
1321 300 698
1287 395 781
1324 143 115
1398 84 68
1199 458 374
1258 68 357
1284 1212 904
1238 528 1027
1449 714 70
1348 408 531
1047 92 161
1258 375 763
1214 228 1873
1275 481 734
1229 632 1056
1344 590 762
1579 153 69
1182 71 292
1289 278 499
1281 63 74
1307 63 70
1220 521 829
1292 64 85
1312 494 100
1241 165 658
1123 477 1270
1237 483 1609
1380 515 1085
1275 277 703
1712 136 68
1291 694 967
1227 440 1076
1307 405 491
1276 665 117
1097 709 1310
1357 316 886
1315 308 519
126 157 148
1273 1413 1878
1152 64 244
1228 1110 1407
1342 352 681
1368 565 488
1277 480 51
1549 94 70
1244 575 783
1373 395 622
1337 165 204
1240 349 652
1290 77 130
1265 69 90
1425 921 1022
1305 122 71
1250 355 873
1333 264 186
1282 298 624
1353 514 682
1217 89 513
1302 531 748
1222 63 76
1366 530 585
1269 67 79
1293 466 888
1302 614 1516
1118 65 1521
1295 358 583
1311 292 67
1375 240 717
1379 397 677
1641 67 75
1328 1350 1802
1372 330 571
1327 428 837
1318 340 641
1323 401 650
1229 470 1026
1231 427 701
1274 506 646
1081 64 92
1274 509 790
1408 616 548
1215 68 155
1248 452 944
1257 654 897
1241 256 811
1251 677 1197
1353 533 711
1384 81 189
1199 445 925
1326 569 1012
1259 31 119
1053 68 1021
1355 534 861
1369 1800 433
1272 445 367
1360 401 381
1277 396 1089
1346 521 795
1268 311 387
1367 522 952
1552 244 71
1428 62 70
1429 860 1240
1287 380 716
1356 696 105
1259 570 1719
1256 236 1014
1228 141 127
1316 380 708
1323 389 617
1259 429 664
1579 62 67
1380 552 529
1223 435 494
885 94 1932
1402 632 584
1313 532 834
1202 82 406
1399 97 68
1374 459 1028
1211 441 598
1754 127 68
1541 246 76
1339 1692 1245
1325 482 888
1252 403 730
1397 696 526
1143 65 571
1321 768 714
1327 1714 1932
933 87 188
1748 190 72
1302 66 375
1232 69 165
962 65 673
1206 186 1931
1244 445 1043
1186 190 1548
1193 64 316
1282 224 789
1308 1252 1761
1206 66 366
1177 311 688
1613 63 69
1306 475 657
1228 330 865
1266 504 806
1303 64 67
1337 425 502
1305 731 1185
1239 68 80
1294 619 714
1299 77 204
1557 219 68
628 150 182
1270 573 980
1117 84 134
1355 237 557
1295 70 233
1346 173 102
1356 436 734
1414 572 614
1522 145 75
1371 684 429
1324 463 611
1228 204 626
1422 625 985
1251 239 622
1280 64 303
1303 279 748
1263 411 984
1650 67 68
1416 1105 620
1296 65 67
1309 96 131
1374 450 597
1311 661 839
1199 64 382
1362 68 83
1324 221 785
905 88 239
1309 1009 1454
1335 74 69
1360 357 72
1367 71 152
1759 70 88
1327 225 506
1242 435 738
1760 235 81
1270 418 751
1505 384 102
1435 289 71
1103 68 352
1269 327 957
1097 91 121
1331 581 715
1572 229 68
1272 377 392
1757 107 70
1239 99 70
1321 492 552
1386 248 226
1257 215 106
1244 894 974
1211 67 105
1230 339 607
1754 609 91
1334 313 613
1408 1140 1551
1314 493 1146
1407 297 300
1260 386 638
1481 80 68
1257 404 987
1329 579 639
1328 457 786
1373 697 448
1350 417 375
1382 735 708
1116 63 538
1314 614 566
1320 406 475
1330 409 595
1478 65 86
1353 63 144
1314 64 69
1251 488 578
1445 586 539
1754 79 72
1198 80 73
1657 64 69
1500 101 67
1309 487 694
1302 480 635
1267 316 677
1386 492 537
1368 76 131
1753 151 68
1378 1179 806
1359 717 605
1177 79 649
1275 346 511
994 484 392
1498 836 130
1435 1663 820
1186 64 953
1359 484 804
1334 315 531
841 88 57
1335 418 692
1176 622 826
1258 368 529
1297 399 944
1152 110 1283
1307 208 490
1385 559 912
1489 62 67
1345 627 869
1260 295 277
1355 743 938
1152 965 743
1306 1160 1012
1353 456 640
1349 70 80
1271 65 83
1368 119 75
1391 1156 105
1488 177 68
1381 590 570
1246 466 738
1214 74 419
1748 278 67
1143 144 130
362 115 219
1306 302 1004
1186 64 1098
1303 869 444
1307 677 766
1237 587 906
1252 382 989
903 88 1732
1282 427 1145
1217 561 1235
1755 227 73
1263 539 765
1306 490 585
1353 318 421
1308 1933 1628
1149 445 1289
1207 110 143
1299 381 360
1298 479 988
1348 413 841
1242 151 121
1360 69 68
1318 65 126
1247 388 630
1256 517 860
1254 64 81
1444 123 91
1296 220 208
1326 387 503
1349 297 855
1306 437 509
1370 216 278
1370 63 69
1355 341 650
1333 256 488
1174 1679 1324
1295 993 883
1295 497 846
1284 438 848
1555 70 83
1257 477 644
1380 691 600
1244 303 493
1171 1063 1353
1345 405 460
1221 65 173
1192 64 107
1247 258 191
1359 379 674
1200 411 854
1261 541 1280
1248 341 686
1642 78 67
1425 1931 201
1376 543 728
1371 606 568
1752 90 69
1442 563 733
1284 225 545
1358 302 635
1360 533 546
1255 451 481
1300 419 297
1741 119 69
1354 67 73
1301 1853 1362
1300 785 1160
1349 945 414
1356 607 897
1269 218 608
1273 236 410
1254 1138 1557
1648 75 67
1345 522 535
1228 439 153
1219 69 475
1355 500 724
1217 789 1248
1257 430 729
1297 474 586
1468 92 74
1200 1213 1335
1228 359 649
1227 306 173
1536 116 69
1434 481 348
1397 431 898
1350 404 622
1275 770 1833
1395 1230 793
1110 92 1050
1311 202 656
1282 1089 974
1312 391 687
1277 629 990
1357 958 339
1281 576 950
1220 115 264
1332 553 555
1283 598 77
1280 523 644
1362 508 627
1289 320 981
1243 80 200
1322 248 76
1375 215 493
1319 340 387
1265 1931 1892
1352 543 445
1039 141 1932
1356 614 603
1192 366 588
1225 416 735
1548 65 70
1396 474 314
1342 71 120
1253 664 1465
1391 63 76
1248 421 928
1509 248 240
1222 173 204
1289 851 761
956 86 123
1389 564 483
1295 326 503
1345 612 448
1304 404 655
1259 339 930
867 117 139
1416 271 71
1211 493 824
1276 322 903
1374 438 337
1307 359 301
1309 672 459
1288 782 663
1268 613 1448
1753 128 68
1252 141 540
1230 555 985
1343 833 972
1298 71 551
1397 412 440
1284 294 850
1168 860 1483
1311 648 870
1122 64 154
1335 391 702
1402 652 254
1273 413 714
1239 544 69
1291 430 748
1336 850 677
1221 271 823
1327 149 380
1319 69 70
1315 156 136
1362 543 298
1288 548 656
1254 69 291
1294 163 135
1348 283 501
1351 87 85
1362 637 615
1751 76 66
1311 292 539
1467 447 82
1431 66 118
1346 1227 657
1357 500 534
1380 1060 1649
1299 460 1129
1308 285 532
1285 64 423
1256 714 885
1189 291 830
1318 403 578
1310 199 71
1272 392 646
1380 68 69
1407 1927 1774
1237 412 788
1344 337 667
1287 279 857
1758 570 67
1359 358 540
1419 96 68
1303 404 636
1248 794 1115
1285 306 1130
1320 410 135
1427 956 535
1260 321 542
1365 268 316
1397 537 68
1255 436 769
1215 548 901
1281 247 519
1300 357 1384
1314 421 518
1362 728 619
1326 367 591
1236 240 589
1345 279 255
1224 410 735
1171 743 1687
1183 818 1390
1257 585 990
1315 515 493
1266 397 883
1260 68 168
1315 408 880
1193 1932 1194
1222 405 955
1420 90 111
1158 86 239
1184 819 1758
1296 624 761
1310 281 664
1163 64 277
1301 65 68
1393 63 95
1188 84 1514
1509 669 135
1270 609 1274
1333 436 4095
1300 438 1032
1301 268 759
1754 513 69
1630 633 72
1333 758 806
1370 112 112
1198 82 404
1303 539 594
1246 318 513
1343 472 703
1268 384 768
1757 127 70
1297 64 195
1267 159 696
1358 195 68
1317 523 525
1216 434 725
1327 360 669
1283 212 471
1373 64 183
1248 373 801
1248 503 560
1062 816 1334
1299 484 614
1290 87 180
1330 241 496
1755 117 71
1243 669 817
1438 1211 1902
1203 93 127
1276 572 783
1749 63 73
1321 66 98
1350 266 572
951 105 206
1247 342 1002
1339 298 240
1367 980 396
1752 68 70
1238 34 90
1408 627 104
1362 503 548
1363 558 406
1321 403 581
1312 534 821
1244 318 904
1438 458 559
1333 282 136
1270 68 71
1581 425 68
1586 698 180
1745 94 68
1324 343 772
1343 1932 697
1749 64 72
1325 63 78
1458 63 76
1307 504 662
1297 70 125
1320 919 256
1277 169 203
1296 438 492
1375 540 611
1409 780 129
1252 335 966
1277 63 535
1312 581 726
1352 405 1245
1291 355 545
1333 899 1291
1372 354 444
1252 699 888
1334 567 549
941 77 467
1027 67 566
1287 293 143
1358 459 581
1308 426 529
1314 554 607
1257 550 1157
1539 106 69
1351 371 815
1354 412 716
1144 218 718
1214 189 1292
1330 752 676
1358 416 506
1232 77 187
730 103 641
1206 628 1705
1350 63 69
1302 751 335
1294 759 967
1153 91 1931
1304 403 722
1315 68 473
1316 518 553
1354 66 391
1691 125 67
1323 469 471
1358 469 648
1271 340 1336
1754 104 128
1352 590 818
1278 366 355
1467 64 68
1366 84 68
1345 1367 1356
1320 292 798
1290 338 462
1362 69 136
1245 575 960
1332 139 428
1537 69 108
1266 484 1374
1373 638 647
1159 65 103
1756 132 89
1646 92 68
1229 64 117
1382 1145 481
1314 115 114
1250 63 81
1277 771 1173
1118 72 947
1315 73 150
1260 643 967
1257 309 1213
1320 760 799
1659 65 68
1221 395 1297
1287 379 653
1263 377 558
1253 611 1205
1337 297 442
1353 634 844
1220 438 1175
1294 413 746
1360 320 537
1276 509 1058
1260 435 611
1217 249 749
1254 67 222
1292 492 645
1333 265 528
1321 522 1099
1534 1009 101
1181 65 163
1224 306 482
1233 967 471
1376 398 727
1437 142 68
1521 64 69
1368 319 137
1532 65 70
1239 274 739
1244 466 1908
1305 672 913
1466 2 165
1502 63 67
1304 437 785
1212 174 79
1289 595 737
1341 356 461
1150 602 968
1304 649 74
1187 431 706
1167 254 1932
1179 292 1140
1376 535 807
1250 423 711
1386 872 608
1366 580 389
1387 1931 1931
1261 607 676
1293 859 831
1276 63 81
1237 783 137
1286 308 666
1319 469 1085
1317 177 515
1295 412 548
1403 587 631
1319 229 583
1336 283 407
1429 604 762
1237 297 1197
1301 907 739
1344 549 983
1365 643 596
1396 439 593
423 61 173
1237 65 271
1395 729 785
1294 359 900
1362 352 324
1276 494 399
1287 173 164
1182 65 153
1377 118 68
1302 647 770
1729 912 70
1282 461 863
1215 1247 752
1285 456 780
1211 214 79
1296 279 566
1255 1203 1050
1248 140 77
1289 405 917
1355 67 75
1325 65 68
1317 319 693
1155 246 636
1326 382 396
1343 398 1179
1298 148 495
1381 624 957
1328 66 68
1156 66 469
1282 699 1229
1394 571 175
1311 519 814
1330 533 1365
1239 384 1405
1290 674 364
1503 92 69
1369 222 242
927 75 369
1308 491 744
1304 106 67
1269 408 793
1394 382 477
1413 1568 1422
1337 735 483
1469 63 158
1269 255 844
1289 440 719
1128 65 341
1283 672 1083
1123 76 88
1240 336 498
1399 1070 312
1275 62 96
1376 378 517
1474 143 70
1312 327 552
1709 735 75
1362 561 659
1365 81 72
1304 182 506
1239 357 519
1265 317 734
390 119 327
1369 1101 1909
1754 81 67
1186 768 1063
1268 332 866
1327 386 401
1362 471 395
1352 473 824
1372 387 545
1386 521 286
1193 595 1577
1183 388 1931
1385 951 87
1303 285 604
1754 212 68
1320 113 194
1435 712 117
1251 847 933
1263 358 1021
1211 372 876
1327 372 931
1255 390 486
1251 728 1426
929 115 188
1301 453 725
1114 173 800
1201 377 699
1356 384 1203
1358 390 569
1587 89 68
1371 473 532
1320 397 537
1207 600 741
1302 286 684
1324 427 825
1277 76 1452
1363 69 70
1083 64 242
1236 803 1347
1385 72 226
1319 85 79
1408 76 363
1372 724 612
1752 966 67
1363 532 939
1113 65 84
1685 130 69
1500 90 68
1435 402 234
1347 328 815
1303 878 1352
1266 746 801
1248 63 654
963 348 1707
1256 252 740
1272 498 77
1356 1751 879
1279 520 588
1353 686 943
1392 320 566
1247 563 636
1210 1317 793
1289 506 993
1228 145 241
1282 253 502
1340 399 613
1227 454 661
1284 310 620
1169 96 158
1277 66 256
1276 906 725
1355 288 701
1209 867 1407
1751 69 70
1753 84 67
1316 111 160
1339 450 491
1282 131 321
1310 665 371
1370 1183 1848
1227 357 573
1458 126 74
1257 726 1179
1306 813 465
1322 198 72
1366 476 582
1357 432 529
1370 1439 157
1272 375 1289
1317 280 362
1753 192 73
1334 83 121
1712 242 69
1021 70 288
1249 416 615
1348 825 1131
1321 1080 482
1279 67 80
1352 501 803
1350 417 654
1463 63 67
1141 64 221
1265 570 608
1755 167 104
1211 79 827
1210 624 1118
1315 532 639
1237 63 498
1324 196 598
1315 479 1439
1292 480 624
1324 375 578
1232 64 265
1542 85 85
605 139 503
1232 407 1642
1273 185 465
1314 552 570
1369 160 262
1308 64 75
1306 75 73
1454 63 70
1314 469 392
1278 471 937
1253 232 601
1304 487 478
1314 303 455
1229 64 70
1340 309 625
1291 342 873
1331 171 478
1332 837 1251
1369 789 68
1374 393 508
1212 356 976
1235 444 742
1318 447 704
1240 1000 1306
1268 484 1372
1302 423 693
1326 498 858
1408 683 685
1473 73 69
1278 427 560
1086 64 81
1275 607 1509
1614 63 72
1148 377 1069
1291 406 474
1320 475 678
1317 161 261
1371 138 73
1338 540 895
1272 525 642
1218 443 907
1242 109 86
1315 442 464
1142 237 1489
1239 208 990
1428 593 434
1187 1930 1798
1502 64 76
1308 938 1483
1358 475 300
1327 171 153
1022 63 95
1378 107 68
1389 598 888
1267 67 76
1372 308 412
1255 120 246
1349 1342 850
1323 411 593
1226 75 89
1143 255 1360
1344 625 534
1278 346 707
1313 529 646
1424 292 69
1316 277 363
1390 674 598
1753 66 68
1351 636 1860
1753 129 67
1299 339 732
1217 75 187
1421 546 552
1304 645 741
1319 344 619
1310 346 1119
1461 622 162
1336 528 524
1253 63 74
1308 971 1150
1144 113 459
1320 312 479
1285 449 890
1289 498 448
1297 78 97
1303 274 70
1357 477 561
1240 460 818
1389 466 303
1309 65 150
1411 85 166
1234 476 510
1283 244 753
1240 708 1203
1504 166 68
1357 679 604
1368 766 936
1287 322 649
1619 66 72
1241 566 1464
1473 182 70
1398 426 530
1227 432 499
1272 538 746
1294 223 609
1300 90 317
1535 762 68
1190 68 70
1237 231 798
1361 77 142
1243 255 448
1345 559 560
1326 520 147
1290 298 617
1356 531 569
1298 64 85
1324 246 466
1361 304 473
1744 63 67
1088 529 77
1271 463 1005
1410 121 245
1313 592 693
1276 334 557
1746 68 68
1344 67 42
1267 713 930
1284 290 766
1171 65 196
1306 220 1398
1444 735 1293
1286 351 685
1279 376 515
1279 90 81
1451 65 68
1318 371 703
1531 66 80
1580 124 67
1220 275 1528
1322 587 678
1246 402 101
1220 162 252
1220 140 328
1302 415 751
1333 286 622
1382 485 476
1338 258 120
1419 833 263
1383 471 372
1292 930 491
1391 497 594
1303 60 76
1756 87 74
1010 139 1754
1286 265 595
1283 459 774
950 7 144
1387 664 776
1311 144 895
1238 518 1090
1565 996 260
1149 105 90
1334 268 662
1335 349 73
1377 422 68
1246 520 1161
938 78 331
1310 432 513
1455 100 181
1355 190 68
1189 388 1645
1308 227 753
1349 1347 1813
1416 493 863
1345 389 994
1391 64 68
1258 653 932
1252 471 1022
1127 91 658
1754 124 67
886 95 148
1440 649 115
1753 97 89
1297 304 417
1230 63 78
1359 423 639
470 120 447
1323 503 509
1380 309 487
1327 861 902
1755 452 68
1380 466 631
1276 62 177
1243 215 749
1305 301 364
1243 462 941
1281 380 1010
1267 97 919
1404 913 742
1325 476 936
1178 531 701
1244 1548 1362
1335 326 274
1358 1801 296
1585 67 69
1199 76 69
1753 74 68
1313 570 1379
1228 370 655
1311 960 1072
1352 377 545
1243 420 1103
1392 501 366
1317 352 603
1255 655 623
1217 429 1037
1321 756 477
1316 844 933
1195 611 90
1352 558 823
1295 453 593
1269 414 769
1317 389 487
1174 296 1567
1248 448 856
1348 270 360
1382 687 186
1346 526 616
1326 1817 518
1162 448 1275
1323 538 1167
1338 201 203
1140 67 217
1360 653 562
1277 125 149
1303 602 917
1140 63 313
1361 331 560
1325 516 807
1419 1005 1303
1272 377 536
1327 185 669
1307 496 519
1239 452 703
1360 345 307
1357 757 520
1335 302 82
1264 219 619
1461 1375 1451
1336 460 1025
1387 265 478
1362 1457 780
1367 629 701
1314 1008 721
1206 465 345
1270 417 494
1329 67 94
1297 649 886
1155 65 217
1336 344 630
1253 100 548
1392 671 1024
1703 70 70
1215 427 1452
1363 497 620
1276 423 456
1355 380 721
1230 64 497
1088 82 76
1244 80 335
1255 486 123
1416 68 69
1338 418 509
1203 152 91
1372 120 157
1315 296 650
1283 627 802
1379 801 1214
1354 64 98
1272 529 1375
1361 76 79
1277 286 650
1317 645 842
1258 403 770
1317 313 744
1281 565 1009
1562 70 68
1247 395 626
1311 348 538
1224 291 778
1291 637 827
1320 395 768
1413 304 110
1347 151 195
1186 1111 922
1438 271 70
1439 394 79
1172 704 1239
1267 347 732
1208 129 146
1372 121 78
1265 393 710
1334 410 517
1222 442 735
1263 411 457
1606 134 68
1345 290 77
1427 528 727
1239 313 765
1240 370 782
1261 484 1041
1351 228 130
1332 371 410
1259 153 821
1294 348 873
1351 421 741
1361 478 797
1223 859 1068
1379 269 423
1183 65 109
1298 792 715
1333 510 519
1279 371 603
1124 75 95
1314 353 829
1273 201 548
1134 99 820
1196 525 963
965 100 172
948 66 218
1383 441 427
1324 391 623
1140 66 213
1402 63 68
1369 1062 930
1390 689 435
1451 288 368
275 244 122
1375 310 394
1279 348 930
1009 66 106
1385 64 72
1283 380 421
1313 523 428
983 121 127
1482 95 73
1292 554 704
1277 439 73
1177 537 956
1294 330 586
1499 1298 1911
1269 242 248
1292 74 70
1236 125 878
1280 284 734
1298 438 522
1220 429 1186
1296 456 970
1251 90 72
1226 587 1177
1213 615 1295
1277 387 799
1604 64 72
1267 1485 755
1323 362 511
1307 354 253
1245 368 359
1135 308 1466
1268 307 648
1330 420 570
1638 216 67
1311 376 787
1281 572 996
1252 237 811
1383 67 83
1396 608 447
1262 197 99
1268 672 880
1343 766 827
1327 102 154
1314 712 73
1228 112 792
1204 651 1299
1207 1529 243
1243 72 167
1277 496 743
1343 433 1110
1139 75 118
1211 512 786
1370 139 113
1365 1077 994
1499 91 86
1296 62 106
1268 645 598
1219 67 70
1620 187 68
1292 540 670
1220 891 1452
1193 63 85
1362 516 610
1176 572 1060
1320 279 399
1756 95 89
1396 639 783
1306 288 565
1291 318 670
1151 130 72
959 72 155
1162 522 508
1194 413 1070
972 66 154
1213 475 1446
1330 395 591
1276 463 72
1313 171 672
1363 432 513
1384 518 554
1292 62 67
1371 380 559
1390 278 434
1233 72 483
1318 313 501
1395 150 69
1228 319 1182
1561 99 68
1322 67 68
1353 69 96
1352 234 527
1292 429 257
1323 513 738
824 68 214
1650 63 67
1202 1158 1686
1682 132 68
1231 377 833
1128 739 822
1333 114 69
1010 72 1006
1224 68 1034
1317 601 662
1065 125 110
1261 731 736
1353 611 663
1277 301 466
1313 1074 1454
1280 113 75
1320 374 810
1335 438 562
1275 1427 1174
1355 555 410
1156 253 1432
1316 666 1050
1201 178 1312
1293 88 1374
1152 64 194
1262 186 507
1315 720 1061
1272 694 867
1360 453 544
1403 82 979
1238 925 958
1305 1225 951
1402 480 878
1382 342 789
1289 323 709
1755 251 85
926 67 118
1219 313 1274
923 91 616
1272 241 70
1239 312 970
1343 445 742
1263 337 1065
1185 72 80
1246 373 1372
1352 468 833
1089 80 107
1288 456 550
1683 90 70
1258 432 1441
1717 64 68
1253 510 811
931 69 236
1402 1016 1290
1177 63 104
1357 380 676
1238 686 355
1433 217 69
1369 386 769
1398 986 254
1271 392 658
1350 75 69
1355 772 848
1352 538 969
1410 363 75
1475 77 68
1261 452 613
1324 767 968
1388 63 69
1337 1185 939
977 68 154
1324 362 392
1185 1299 367
1285 323 641
1259 405 539
1320 124 111
1263 174 698
1272 450 572
1204 563 1015
1304 361 527
1319 1032 1555
1261 384 840
1379 268 484
1354 73 93
1308 1327 619
1310 161 158
1218 63 82
1273 567 689
1227 757 1681
1354 63 169
1322 550 901
1395 391 634
1249 473 838
1277 62 75
1335 601 794
1194 82 213
1194 561 955
1169 79 85
1267 460 773
1304 340 485
1445 626 314
1302 411 324
1281 349 560
1095 68 129
1287 461 1463
1321 160 68
1240 623 1642
1287 376 605
1327 331 253
1562 66 69
1355 619 497
1335 1477 581
1441 102 70
1344 398 579
1280 502 590
1230 628 964
1251 109 145
1381 547 646
1169 544 824
1198 552 1008
1199 562 789
1394 801 539
1241 63 105
1256 377 507
1703 74 68
1207 69 337
492 146 437
1522 199 68
1473 277 68
1394 667 690
1339 304 506
1225 546 1446
1381 63 83
1277 72 76
1330 344 617
1303 444 394
1306 653 68
1352 600 742
1401 65 69
1253 326 596
1295 225 98
1210 71 194
1015 74 199
1236 218 243
1339 855 969
1290 849 69
1295 547 523
1194 378 729
1499 707 367
1374 984 1045
1341 65 72
1757 141 75
1234 314 416
1278 368 503
1305 208 601
1284 109 181
969 71 232
1218 680 942
1574 148 70
1287 396 1933
1349 744 1430
1367 104 74
1323 381 569
1267 455 894
1370 169 69
1297 242 630
1268 382 1144
1342 319 325
1343 75 72
1390 366 168
1417 1316 308
1171 578 1058
1748 174 69
1359 548 630
1237 243 1454
1204 64 112
1264 926 490
1151 80 537
1145 194 1931
1224 308 934
1605 962 68
1363 270 503
1301 721 1379
1348 753 472
1339 252 560
1302 66 69
1305 342 702
1284 643 853
1376 252 500
579 68 451
1369 944 1023
1421 69 68
1223 690 1017
1232 63 70
1518 401 68
1252 325 577
1162 651 961
1296 80 101
1144 64 135
1285 528 584
1241 75 150
1363 532 656
1753 1184 75
1161 953 1177
880 68 789
1362 576 1085
1221 1931 1899
1298 833 1494
1295 361 582
1282 63 82
1214 531 688
1325 356 508
1477 63 86
1338 1031 1023
1421 64 72
1318 402 465
1378 69 128
1307 275 924
1221 581 1199
1315 600 516
1374 186 76
1485 60 90
1377 768 899
1446 1495 70
1277 450 1731
1298 344 501
1350 64 76
1221 78 94
1096 67 142
1293 1932 1047
1370 411 242
1318 488 667
1327 177 122
1262 777 947
1403 372 69
1354 560 458
1341 64 318
1384 83 69
1325 268 556
1308 448 799
1095 76 984
1523 1084 106
1217 77 236
1227 363 1920
1239 433 857
1386 975 563
1291 66 360
1324 398 727
1224 137 113
1324 590 793
1298 1184 886
1273 477 778
1263 403 437
1327 203 365
1384 769 134
1300 1103 808
1752 83 68
1394 321 68
1273 435 937
1268 523 504
1293 423 708
1301 290 603
1141 66 270
1400 467 707
1373 460 615
1272 287 872
1473 480 498
1367 338 599
1262 613 728
850 119 224
1256 801 398
1336 491 624
1263 224 547
1268 351 631
1349 920 712
1285 603 1161
1759 985 69
EOM 100604 146995 2496 0 0 0 0 0 0 0 0 0
1250 300 1096
1214 299 501
1385 552 728
1464 73 68
1299 822 873
1305 340 453
1317 310 70
1351 1269 340
1279 744 1351
1353 434 169
1180 194 1511
1365 66 67
1432 144 69
1190 84 71
1332 283 487
1423 500 284
1395 224 109
1277 239 841
1283 360 460
1756 90 67
1262 579 1546
1261 73 100
1278 152 518
1284 605 501
1264 236 631
1270 701 551
1382 63 71
1255 65 81
1186 335 423
1246 472 1135
1266 441 704
1233 503 949
1374 361 541
1301 326 535
1198 63 80
1185 791 1627
1326 434 691
1197 737 920
1274 387 468
1373 353 328
1305 466 554
1313 246 511
1334 427 1205
1277 80 81
1307 584 747
1309 577 979
1194 450 992
1205 537 866
1376 467 435
1363 239 68
1352 122 126
1205 224 697
1330 89 116
1198 71 1248
1308 423 353
909 78 652
1352 897 828
1353 369 358
1253 632 812
1180 64 71
1262 66 94
1062 71 78
1270 655 902
1264 456 1227
1267 75 263
1364 664 1155
1449 370 69
1294 519 751
1291 337 724
1327 328 68
1241 414 1094
1224 64 733
1352 85 97
1305 630 678
1224 334 524
1332 357 817
1366 89 70
1413 524 1183
1451 63 71
1320 570 867
1282 762 890
1265 541 339
1444 65 186
1239 447 889
1602 161 68
1052 64 273
1242 1096 1912
1419 90 230
1317 998 992
1351 369 490
1345 818 927
1211 744 1467
1261 748 79
1205 657 390
1362 63 74
1192 718 993
1663 75 68
1295 537 664
1474 234 67
1370 487 461
1322 713 1040
1402 484 337
1315 448 427
1061 66 723
1309 810 845
1331 386 541
1169 69 114
1413 250 484
1260 448 703
1104 568 877
1245 311 681
1331 532 549
1328 375 678
1231 619 899
1573 95 71
1291 466 701
1185 241 744
1362 331 306
1231 292 911
1284 351 1225
1364 827 877
1750 67 67
1160 65 150
997 63 298
1311 255 585
1356 681 878
1755 416 77
1290 452 908
1605 170 73
1322 181 763
1245 398 1321
1207 86 94
1343 416 524
1325 104 116
1248 529 1436
1211 715 1248
1233 125 727
1292 155 141
1181 1366 1383
1339 437 646
943 103 1471
1279 284 453
1252 428 1062
1216 267 602
1306 294 69
1359 444 68
1276 704 692
1251 75 306
1439 68 68
1382 535 459
1757 232 68
1321 368 538
1186 129 73
1756 535 67
1205 483 894
1350 523 799
1300 236 635
1289 313 320
1263 334 669
1334 570 966
1294 78 154
1217 83 1277
1308 376 881
1179 480 1401
1254 433 1518
1331 64 74
1363 444 458
1353 126 92
1240 474 1396
1366 613 844
1318 391 632
1267 486 1289
1242 80 658
1319 307 735
1218 328 760
1599 74 67
1234 706 1009
1138 70 359
1085 68 126
1333 444 590
1311 601 569
1403 1931 403
1502 77 68
1403 599 1195
1272 543 1911
1341 68 221
1356 197 477
1399 528 131
1318 1581 643
1308 393 70
1124 90 429
1337 353 699
1272 345 651
1279 644 716
1288 191 693
1295 124 936
1372 64 68
1231 253 639
1213 207 1722
1313 719 879
1287 338 562
1287 400 1382
1338 1088 618
1755 125 67
1195 440 1714
1068 64 193
1205 64 78
1347 429 441
888 79 990
1305 363 461
1266 435 882
1284 331 690
1330 328 787
1519 218 69
1113 672 1791
1247 406 657
1351 301 940
1241 391 706
1268 979 1049
1533 94 82
1382 547 288
1345 606 775
1445 1385 557
1233 114 86
1315 347 592
1329 795 1152
1316 694 800
1327 483 596
1163 455 1146
1302 443 690
1516 872 376
1564 65 107
1306 63 143
1305 394 298
1301 149 106
1152 73 1767
1319 69 68
1413 365 69
1240 530 609
1273 1933 1329
1187 959 778
1247 63 129
1362 313 970
1022 66 489
1374 102 69
944 64 984
1401 479 453
1345 832 938
1448 224 326
1318 593 758
1398 508 630
1425 80 68
1219 64 78
1493 1931 71
1308 321 1441
1363 836 69
1306 78 77
1446 121 75
1199 101 126
1317 151 375
1346 761 471
1018 66 156
1276 80 345
1460 1424 1776
1297 585 492
1201 768 1293
1373 120 372
1302 421 849
1534 66 68
1395 136 76
1296 361 696
1407 375 390
1384 847 583
1343 799 741
1291 749 1642
1387 546 334
1260 354 817
1266 492 779
1285 215 450
1387 390 442
1178 64 195
1348 409 459
1271 683 488
1369 238 579
1600 183 68
1757 1931 69
1306 1162 913
1446 703 208
1331 139 168
1318 306 530
1259 349 1602
1264 91 69
1226 313 510
1191 84 303
1282 295 652
937 87 139
1272 306 549
1351 371 707
1360 507 611
1369 984 591
1205 67 200
1747 194 68
1304 127 69
1233 479 1421
1293 67 70
1252 152 1570
1101 707 659
1280 73 652
1284 451 930
1250 411 839
1306 509 1656
1349 685 905
1229 539 1054
1333 393 623
1319 93 143
1315 1139 322
1287 330 537
1308 545 1419
1749 68 69
1305 228 830
1327 562 1474
1388 380 404
1275 63 191
1316 694 1224
1297 560 1042
1089 63 196
1195 106 89
1115 66 1725
1628 326 69
1177 418 1346
1385 460 632
1078 19 263
1419 329 667
1103 67 145
1297 278 435
1069 79 85
1326 564 620
1309 299 781
1146 109 137
1219 63 93
1195 112 832
1205 312 1384
1324 473 716
1299 418 524
1300 556 1032
1380 689 720
1269 511 468
1361 123 186
1305 583 544
1750 77 67
1508 113 67
1298 650 814
1214 63 614
1238 508 728
1224 77 193
1285 1821 1932
1036 111 290
1507 201 75
1329 109 509
1223 66 357
1248 703 712
1416 1932 1002
1329 482 921
1199 402 827
1321 602 445
1615 63 69
1439 102 67
1198 230 161
1301 82 73
1241 369 947
1221 263 1394
1472 103 191
1357 833 937
1275 652 792
1380 639 532
1268 414 647
1347 320 335
1349 926 1023
1254 505 514
1494 181 67
1240 458 1230
1324 324 592
1358 335 1048
1369 408 635
1285 573 652
1259 449 1154
1243 63 140
1393 413 394
1239 711 1209
1259 254 612
1309 457 435
1252 588 800
1552 109 68
1227 726 646
1214 532 649
1371 353 453
1321 151 513
1640 106 68
1306 199 598
1301 645 1253
1378 766 998
1319 309 647
1339 815 876
1757 248 67
1293 322 580
1285 698 752
1326 388 554
1402 393 70
1252 219 1263
1307 312 430
1369 682 1044
1273 519 825
1220 706 1148
1355 248 74
1221 653 1548
1099 68 151
1320 776 781
1297 385 571
1304 486 731
1298 64 91
1114 65 185
1199 847 580
1307 282 940
1361 353 431
1089 65 267
1391 394 405
1283 568 457
1303 76 472
1275 497 811
1343 293 673
1352 290 516
1044 72 227
1334 270 158
1373 326 623
1148 589 1932
629 141 279
1430 144 72
1215 1882 1658
1187 304 709
1306 632 1155
1312 226 1010
1317 676 694
1289 224 72
1213 64 246
1161 63 371
1185 519 746
1275 64 88
1247 465 817
1244 847 657
1426 870 500
1235 347 617
1395 542 826
1187 77 96
1116 116 155
1298 64 91
1335 418 555
1335 393 625
1249 635 824
1228 736 1333
1091 883 1740
1242 440 1097
1461 1234 1239
1332 427 1130
1317 669 832
1429 780 256
831 91 172
1407 1598 1822
1269 140 99
1261 198 111
1224 499 674
1262 752 84
1317 345 453
1323 612 265
1294 771 79
1152 185 421
1301 313 632
1045 91 108
1309 400 427
1359 71 76
1285 402 914
1186 64 72
1261 333 908
1352 361 659
1299 400 448
1269 282 816
900 93 850
1330 578 1745
1249 476 1451
1299 516 841
1753 89 69
1259 210 1262
1347 844 427
1444 65 72
1306 80 69
1340 103 69
1440 131 71
1251 670 1176
1355 590 803
1254 496 752
1258 425 360
1236 651 1426
1284 407 648
896 90 1931
1284 571 1296
1262 231 527
1323 539 613
1246 639 689
1282 443 798
1314 426 523
1236 254 555
1288 291 77
1397 483 369
1282 298 391
1170 109 787
1314 521 947
1223 471 711
1200 408 586
1243 601 1718
1340 605 661
1078 66 85
1270 411 651
1084 75 131
1132 64 72
1315 984 1196
1136 71 100
1053 118 348
1409 68 73
1303 541 816
1257 584 699
1066 100 191
1350 171 635
1235 275 73
1288 322 538
1346 288 763
1252 514 682
1363 410 588
1387 1931 218
1101 64 1462
1118 64 78
1256 661 909
1754 89 68
1211 68 119
1141 65 106
1318 739 994
1304 1214 859
1427 84 69
1340 200 113
1157 66 80
1298 437 566
1313 429 417
1094 66 435
1297 63 70
1242 413 576
1357 66 294
1225 301 938
1294 423 1004
1724 1549 67
1294 712 871
1120 1849 1078
1391 1459 1796
1294 66 341
1350 1138 725
1317 458 585
1243 235 610
1391 760 831
1354 67 72
1203 152 143
1277 653 1471
1315 65 77
1081 88 1931
1395 509 498
1350 520 654
1212 102 95
1655 92 68
1097 111 108
1347 446 908
1260 432 1931
1353 673 980
1364 72 179
1271 509 1353
1194 72 76
1321 128 68
1336 72 561
1285 343 1015
1757 70 68
1756 82 68
1212 64 396
1306 461 610
1247 592 814
1351 64 118
1357 610 485
1319 1159 995
1366 357 770
1098 69 148
1678 111 68
1319 1131 68
1306 597 448
1346 527 640
1308 68 132
1029 64 137
1415 63 68
1351 290 360
1364 565 1163
1295 415 696
1748 681 67
1236 86 171
1312 518 991
1320 505 683
1294 596 1097
1307 82 68
1401 662 491
1232 197 155
1251 147 326
1222 385 1631
1249 517 528
1271 368 497
1398 62 70
1402 197 69
1267 81 266
1307 320 358
1311 499 1022
1337 297 108
1173 65 90
1290 529 595
1313 70 211
1466 66 67
1242 63 68
1349 436 232
1280 332 712
1267 428 941
1476 1931 161
1749 63 69
1350 310 504
1493 68 132
1252 1040 1765
1302 132 91
1129 372 1846
1041 73 95
1300 424 492
1371 938 755
1352 474 574
1303 638 670
1714 63 68
1272 261 525
1330 68 70
1208 484 1301
1756 1931 68
1411 637 567
1239 512 787
1341 778 899
1338 307 440
1146 66 181
1323 223 614
1334 291 371
1304 605 407
1691 70 68
1246 475 1351
1100 124 288
1234 456 846
1363 293 406
1586 222 68
1109 345 82
1274 402 818
1297 322 471
1751 199 66
1197 210 470
1303 337 381
1202 602 1931
1184 292 1034
1204 607 931
1297 311 806
1654 63 70
1251 66 335
1271 508 389
1151 85 238
1343 363 760
1374 419 369
1288 365 482
1310 1142 924
1323 706 751
1272 301 799
1375 644 552
1264 196 295
1236 329 731
1286 272 586
1226 434 1134
1628 63 68
1303 544 962
1246 239 833
1751 72 70
1330 690 1185
1379 543 742
1374 873 972
1197 285 1406
988 65 436
1256 1171 1024
1378 88 125
1323 477 834
1229 629 1010
1206 608 1076
1250 395 667
1324 588 698
1245 410 797
1328 293 161
1331 713 417
1094 63 154
1368 1873 1092
1167 256 907
1236 64 144
1334 565 1038
1204 63 133
1214 72 311
1350 431 674
1099 100 1636
1184 373 1930
1755 610 69
1298 457 901
1269 429 1019
1371 887 821
1264 1490 1293
1337 208 175
1274 224 112
1262 306 712
1361 114 95
1429 1931 284
1279 73 72
1460 67 68
1408 1028 187
1282 358 1270
1237 288 1635
1510 64 70
954 65 361
1320 1115 1033
1390 570 536
1637 615 68
1270 440 872
658 116 376
1726 93 68
1169 491 1932
1294 462 661
1228 193 743
1305 651 1250
1302 107 169
1301 301 630
1177 67 217
1416 222 71
1342 654 952
1343 582 733
1339 1003 694
1302 844 1618
1295 63 68
1406 90 68
1222 486 931
1072 123 266
1361 582 686
1208 380 1283
1448 163 69
1195 307 730
1274 76 99
1239 66 90
1354 1931 1904
1324 198 68
1210 577 95
1301 774 832
1351 354 359
1289 324 825
1336 359 590
1332 652 456
1341 397 1044
1441 950 577
1453 69 133
1493 323 75
1416 106 68
1073 69 1242
1080 88 759
1230 516 757
1262 355 728
1369 83 69
1264 1306 1107
1330 340 479
1310 63 128
1110 616 933
1360 357 466
1395 869 729
633 114 556
1217 66 811
1248 129 163
1264 174 151
1285 292 777
1756 210 67
1724 66 69
1757 870 68
1186 64 70
1159 64 331
1484 109 70
1321 1124 68
1347 516 538
1556 79 67
1176 67 181
1327 418 653
1757 107 75
1262 63 154
1024 71 368
1325 532 810
1196 569 950
247 84 267
1268 396 752
1253 100 255
1379 526 406
1351 240 431
1233 318 671
1320 671 1063
1421 563 415
1316 245 310
1250 312 778
1203 239 69
1383 518 365
1657 66 86
1326 63 68
1256 246 908
1404 103 69
1281 383 816
1349 222 411
1347 496 795
1354 78 76
1057 71 311
1260 310 727
1396 894 1221
1343 409 591
1057 1217 1931
1365 299 574
1249 72 494
1479 1497 68
1310 951 815
1316 647 1141
1260 402 586
1325 213 445
1154 64 118
1432 170 68
1235 358 1151
1323 83 235
1243 276 1303
1220 229 775
1266 103 137
1346 401 462
1463 325 87
1755 113 67
1371 443 507
1314 368 688
1278 230 438
1252 97 343
1338 230 484
1538 115 77
1405 977 235
1752 464 68
1317 849 1278
1482 1327 136
1314 1931 460
1363 404 307
1290 206 70
1285 150 74
1088 63 77
1407 811 647
1219 120 494
1272 361 630
1267 73 86
1342 329 393
1209 69 121
1183 394 1767
1630 283 70
1302 71 90
1420 1246 1884
1287 221 637
1757 82 82
1145 499 866
1262 455 832
1287 381 748
1313 115 73
1306 206 593
1244 555 722
1757 89 68
1345 504 1123
1236 589 958
1213 78 258
1448 572 942
1331 83 85
1338 759 682
884 96 163
1322 243 563
1387 549 664
1084 81 567
1277 461 708
1296 64 95
1305 596 925
1625 71 68
1574 193 68
1178 70 93
1313 90 318
1041 78 86
1363 392 835
1182 66 154
1415 119 283
1215 1286 1211
1250 64 270
1223 532 1520
1382 662 391
1264 429 701
1263 795 1371
1359 67 224
1144 151 1490
1253 267 509
1339 293 138
1231 451 805
1181 467 524
1673 64 68
1757 501 81
1175 548 727
1323 438 490
1341 892 639
1390 686 753
1756 265 113
1253 181 646
1318 434 682
1245 356 524
1311 316 119
1280 445 689
1394 151 73
1127 64 582
1314 361 494
1290 548 651
1504 69 69
1298 1659 1231
1441 81 69
1292 893 511
1364 167 236
1325 713 76
1259 502 790
1382 387 383
1372 516 876
1210 92 1908
1350 724 68
1755 220 110
1318 134 78
1524 68 75
1506 64 69
1322 63 74
1754 102 69
1266 552 917
1755 66 68
1581 71 68
1108 1043 206
1257 378 700
1305 458 537
1124 258 85
1487 139 175
1389 671 1025
1228 312 826
1369 1404 337
1400 412 532
1239 663 892
1181 507 765
1317 538 732
1228 420 827
1316 64 180
1266 538 871
1339 306 637
1414 337 68
1287 399 439
1139 73 163
1227 66 69
1104 79 204
1192 209 642
1303 892 1873
1302 635 689
1317 607 472
1264 292 381
1301 422 715
1373 414 462
1343 65 610
1223 63 322
1222 489 731
1333 535 411
1304 193 575
1384 510 617
1261 588 810
1233 571 1425
1236 68 1052
1340 63 413
1369 455 697
1245 309 1793
1242 623 709
1245 538 896
1229 802 1431
1535 71 68
1488 1654 234
1329 521 724
1302 432 462
1153 127 148
1066 78 371
1571 80 102
1258 63 487
1411 464 396
1174 320 832
1525 1931 136
1293 64 87
1260 400 938
1293 285 1018
1265 360 608
1270 554 649
1216 252 779
1304 723 823
1288 469 838
1585 63 68
1754 162 68
1439 498 486
1348 647 668
1290 401 621
1298 141 105
1363 589 1258
1210 566 903
1273 318 757
1285 163 703
1076 65 84
1320 111 68
1268 284 578
1434 460 302
1119 90 93
1112 153 1375
1198 65 109
1255 866 632
1392 1315 382
1323 373 560
1263 354 516
1277 249 644
1416 64 222
1356 734 68
1298 508 1171
1321 402 446
1210 64 102
1302 344 538
1142 66 369
1251 506 951
1607 78 103
1466 1178 332
1392 502 199
1333 213 92
1257 558 905
1135 150 704
1132 325 170
1265 664 880
1290 604 750
1299 591 832
1236 693 1033
1275 340 670
1144 66 292
1521 80 68
1754 138 68
1289 663 469
1390 520 746
1290 325 810
1417 916 72
1303 473 474
1334 266 93
1337 412 608
1268 560 976
1307 655 863
1634 72 72
1319 408 704
1666 64 68
1235 249 803
1374 905 931
1164 343 844
1357 691 1348
1321 88 133
1297 230 566
1231 85 71
1234 354 679
1245 76 77
1350 672 734
1355 577 764
1249 63 93
1325 599 1296
1360 74 69
1338 507 595
1296 122 91
1422 1152 1400
1271 900 1395
1217 66 1202
1315 84 136
1167 68 75
1240 63 71
1301 361 611
1570 78 67
1149 149 591
1191 364 1369
1282 63 220
1226 64 87
1479 993 822
1288 600 1164
1327 428 409
974 79 163
1390 388 431
1262 580 1238
1267 273 701
1184 600 957
1448 624 193
1256 125 765
1445 71 69
1265 65 95
1334 318 666
1201 811 1375
1570 258 68
1333 647 791
1305 189 1273
1344 363 655
1491 67 70
1345 608 951
1447 69 70
1255 394 825
1303 410 487
1302 243 419
1394 453 515
1220 180 245
1203 271 853
1314 272 128
1536 67 68
1337 1177 709
1240 589 888
1496 1148 592
1006 83 290
1248 831 811
1071 65 131
1274 65 113
1246 277 517
1418 1100 999
1195 347 1089
1311 402 661
1378 648 320
1496 68 84
1300 427 503
1314 432 475
1142 104 227
1371 720 732
1379 27 936
1278 559 1430
1285 327 475
1425 54 258
1342 487 821
1394 80 68
1298 66 95
1327 643 1382
1249 76 70
1602 340 67
1473 1188 79
1561 200 69
1226 396 781
837 627 1905
1150 71 119
1211 66 121
1245 407 1147
1293 773 1216
1371 363 1303
1193 267 1097
1058 80 171
1350 342 535
1249 421 474
1136 432 1680
1306 453 759
1218 63 194
1347 325 505
1308 365 510
1182 69 72
1551 64 83
1317 387 551
1186 282 1045
988 75 207
1317 441 644
1366 728 653
1321 389 428
1299 549 656
1277 555 1589
1324 413 559
1200 451 1379
1251 453 920
1306 629 173
1292 900 732
1245 65 288
1305 168 69
1756 125 79
1233 209 629
1175 595 1324
1445 182 96
1112 69 690
1207 473 884
1272 258 511
1253 433 1147
1324 549 757
1273 321 654
1384 477 490
1160 65 642
892 70 206
1311 68 218
1419 190 86
1196 322 759
1276 547 504
1272 424 1274
1361 441 543
1323 517 828
1354 480 372
1232 622 1005
1299 465 647
1340 364 550
1382 93 70
1339 378 277
1205 64 363
1310 1030 897
1286 248 1829
1250 718 1849
1304 220 694
1493 392 69
1672 99 69
1344 1007 1759
1251 1273 1268
1323 594 487
1404 346 550
1245 64 95
1337 323 475
1143 74 199
1266 768 810
1200 818 1145
1300 330 712
1268 293 1053
1382 378 916
1442 1932 763
1306 483 1520
1347 504 302
1306 374 638
1358 262 838
1222 244 591
1259 251 680
1382 918 225
1295 444 485
1511 193 67
921 66 249
1734 64 67
1299 466 724
1707 79 83
1263 533 1348
1287 308 550
1229 147 77
1512 100 68
1239 451 809
1272 305 918
1225 292 892
1379 70 73
1293 590 735
1308 1376 1461
1340 449 356
1054 435 1137
1395 295 653
1282 568 1034
1317 466 777
1311 278 588
1242 449 550
1344 198 70
1383 715 459
1147 70 127
1288 192 285
1306 340 658
1277 457 594
1254 364 855
1240 63 712
1428 65 73
1341 65 72
1240 799 465
1318 65 144
1270 336 1052
1363 280 345
1211 308 921
1355 1187 868
1357 66 85
1121 66 169
1261 351 533
1359 1027 831
1348 65 86
1275 210 682
1367 91 248
1308 73 71
1479 64 67
1100 1080 1339
1425 208 246
1083 67 109
1281 333 782
1259 502 1655
1148 647 1092
986 63 117
1364 73 98
1402 782 626
1229 67 112
1274 633 1587
1386 97 68
1136 68 74
1411 64 121
1310 414 650
1318 384 515
1407 174 81
1094 78 732
1404 249 428
1648 71 70
1571 98 69
1524 63 68
1194 422 1035
1572 69 70
1261 455 1072
1349 121 71
1197 65 1140
1435 64 68
1382 613 658
1276 398 867
1310 595 761
1394 666 438
1338 558 80
1294 75 69
1199 317 991
1400 1154 1338
1315 1346 520
1389 861 785
1262 640 987
1258 1067 170
1295 716 1211
1296 469 645
1247 65 82
1270 351 681
1313 138 68
1248 1348 1279
1281 772 994
1280 231 350
1261 600 914
1198 311 503
1311 279 480
1333 328 316
1377 241 76
1403 571 565
1312 322 989
1224 67 70
1749 110 67
1366 623 509
1236 501 871
1303 1492 1396
1370 357 408
1260 303 745
1283 66 661
1377 66 68
971 78 126
1211 904 1373
1404 64 81
1164 967 1145
1431 64 122
1225 281 789
1291 373 613
1155 71 210
1371 380 542
1358 12 580
1323 625 932
1320 324 714
1284 596 762
1333 427 755
1278 380 571
1261 522 1193
1371 71 129
1133 72 1740
1283 145 69
1343 63 98
1283 1222 349
1347 624 1049
1284 402 656
1322 461 344
1185 63 201
1225 547 1019
1241 355 731
1354 690 436
1110 63 83
1290 70 73
1321 347 444
1437 68 85
1265 253 530
1254 499 981
1248 328 323
1450 224 120
1315 467 831
1479 96 76
1443 1147 408
1250 256 731
1246 429 532
1481 612 68
1184 424 834
1334 599 612
1461 232 207
1297 519 605
1385 422 227
1244 539 719
1263 508 503
1266 65 77
1264 517 423
1420 923 781
1328 828 794
1222 429 1051
1199 958 1503
1315 106 397
1360 589 346
1274 214 596
1203 356 648
1318 436 414
1462 65 68
1758 194 90
1335 364 498
1219 385 1266
1157 67 283
1284 572 1133
1286 329 975
1495 1184 78
1269 168 690
1243 533 913
1211 63 138
1258 261 763
1353 555 738
1380 807 720
1237 66 69
1320 593 700
1303 162 75
1601 111 88
1307 326 393
1331 552 790
1202 702 1056
1756 102 78
1188 83 490
1298 405 689
1081 65 286
1304 308 465
1268 416 1002
1370 68 68
1348 63 71
1313 284 972
1308 215 910
1154 71 78
1651 113 68
1252 223 837
1221 526 277
1305 578 613
1757 187 104
1230 66 85
1215 675 1013
1264 81 358
1387 782 591
1493 125 68
1236 374 1398
1322 324 206
1216 319 749
1291 322 543
1196 269 820
1306 306 319
1303 88 532
1321 501 644
1264 367 1037
1259 304 758
1353 191 513
1508 81 70
1302 661 67
1345 468 1007
1302 63 69
1255 407 714
1343 63 77
1334 715 585
1259 357 1007
1264 886 719
1288 686 450
1458 1373 191
1234 598 1468
1316 318 615
1302 430 480
1308 65 74
1318 101 549
1308 328 739
1755 315 68
1422 63 69
1283 907 1087
1248 64 70
1254 271 692
1235 484 606
1425 518 344
1172 65 262
1227 803 924
1263 1243 1549
1630 145 70
1125 464 990
1469 566 290
1506 111 67
970 76 207
1519 205 67
1427 89 248
1290 687 1276
1419 705 900
1256 63 92
1353 314 388
1408 767 526
1501 448 69
1619 62 67
891 117 138
1280 617 897
1428 691 698
1270 113 134
1224 507 969
1223 544 874
1350 492 707
994 73 161
1383 611 88
1398 509 761
1345 459 541
1276 263 594
1495 77 81
1639 65 68
1322 309 656
1591 152 118
1212 754 206
1366 83 71
1354 129 68
1274 178 376
1356 385 299
1272 95 68
1257 496 611
1533 64 80
1268 298 548
1038 66 1931
1327 572 922
1256 378 1249
1074 71 157
1234 627 640
1335 465 456
1350 121 172
1755 105 74
1311 548 703
1451 274 67
1262 425 1164
1275 64 139
1095 71 117
1068 135 107
1301 112 74
1259 583 723
1292 254 768
1070 64 296
1242 635 654
1315 508 889
1291 211 430
1357 538 525
1464 829 1579
1314 382 598
1269 1328 927
1321 556 786
1341 400 802
1219 203 774
1294 359 431
1285 638 783
1636 77 68
1294 322 426
1363 647 657
1254 513 703
1317 92 867
1359 499 618
1391 792 70
1310 261 74
1248 64 72
1257 87 818
758 81 355
1355 541 503
1264 438 445
1095 64 114
1756 440 85
1333 65 69
1375 1931 932
1351 610 601
1260 679 943
1382 411 544
1396 552 685
1355 548 382
1375 197 68
1351 443 409
1349 327 836
1335 592 462
1282 549 816
1247 495 839
1264 650 1172
1255 380 1656
1178 179 1194
1315 337 813
1329 63 249
1353 611 138
1279 312 644
1114 93 252
1410 848 959
1280 514 614
1753 67 67
1366 619 956
1282 488 629
1351 388 568
1072 64 347
1321 63 80
1320 897 1397
1289 742 910
1339 735 649
1197 75 188
1228 64 276
1256 303 401
1220 430 1077
1328 288 564
1124 86 1134
1320 146 405
1297 262 512
1338 352 521
1256 482 917
1232 359 735
1252 270 132
1385 1063 629
1402 421 807
1293 348 534
1308 113 298
1225 104 252
1276 452 469
1336 741 715
1261 502 1931
1389 425 368
1233 726 1648
1300 63 154
1210 89 104
1359 503 476
1364 761 558
1456 221 68
1236 356 1825
1392 506 253
1262 650 632
1755 291 70
1351 682 620
955 64 1462
1386 346 288
1377 81 74
1304 353 705
1427 535 625
1141 113 854
1305 397 616
1315 612 727
1643 232 69
1191 102 698
1432 207 132
1174 775 342
1211 68 334
1420 793 334
1290 379 634
1295 65 72
1372 591 668
1005 97 1550
1301 260 351
1297 1380 1228
1310 627 674
1369 487 488
1353 94 171
1302 432 955
1352 546 629
1345 442 615
1357 400 69
1360 446 473
1365 376 526
1315 566 583
1313 214 556
1392 68 76
1315 643 1200
1388 369 545
1236 384 1066
1279 864 849
1238 64 75
1271 564 701
1327 63 646
1143 64 75
1353 561 789
936 116 1721
1295 510 587
1274 622 700
1349 65 69
1367 871 1111
1279 548 843
1423 67 88
1232 1861 1931
1446 84 68
1303 295 1494
1292 1296 851
1249 724 959
1259 63 96
1231 593 174
1108 63 305
1308 498 913
1750 739 71
1285 154 125
1191 492 681
1317 79 189
1304 555 1221
1319 68 77
1307 345 620
1318 664 1075
1360 81 91
1277 414 825
1279 351 746
1070 79 79
1164 81 74
1473 426 68
923 67 1108
1301 160 69
1427 663 128
1194 64 228
1235 1108 955
1146 65 836
1185 131 1233
1440 63 1188
1154 1932 1932
1218 712 688
1553 115 105
1317 327 331
1357 461 623
1283 1108 758
1271 436 902
1367 136 72
1508 219 72
1230 718 228
1416 108 118
1261 242 747
1252 456 1366
1247 452 470
1284 209 68
1355 424 936
1377 349 590
1315 77 105
1565 100 67
1194 111 147
1143 63 265
1205 82 431
1308 364 663
1333 281 492
1314 480 793
1321 427 588
1356 570 513
1285 384 629
1262 303 877
1338 536 649
1339 564 1045
1290 505 703
1506 560 80
1006 72 895
1283 473 783
1228 570 954
1346 66 86
1263 64 99
1318 390 850
1331 680 893
1221 167 109
1263 287 627
1240 986 1742
1751 150 91
1264 68 395
1369 62 71
1249 725 773
1271 337 483
1204 529 1395
1298 148 219
1302 116 134
1210 110 132
1360 549 775
1308 264 543
1319 543 911
1336 428 414
1568 68 137
1757 445 68
1274 261 556
1261 254 357
1349 447 949
1307 238 424
1166 63 294
1365 384 611
976 70 1916
1281 729 855
1339 621 721
1754 419 76
1140 80 300
1601 266 143
1291 950 1279
1399 88 424
1448 853 68
1247 487 1774
1292 344 302
1253 722 1177
1307 336 785
1225 182 707
1374 84 95
1098 69 78
1426 77 69
1116 67 366
1364 601 591
1749 63 155
1215 374 929
1283 349 806
1350 303 520
1268 695 1472
1322 593 640
1301 190 379
1317 292 699
1586 181 68
1638 117 69
1641 66 88
1362 712 554
1155 528 1185
1278 755 1035
1402 980 867
1322 238 524
1192 410 1178
1304 360 828
1550 77 72
1253 774 1431
1741 140 68
1618 72 68
1745 440 69
1315 359 248
1336 407 659
1401 472 381
1269 548 952
1160 979 1174
1196 63 105
1374 660 723
1405 128 68
1339 362 788
1385 102 132
1277 621 646
955 65 190
1318 167 262
1238 259 872
1246 68 97
1593 141 67
1229 275 186
1319 694 1083
1357 350 175
1323 396 464
1143 1051 947
1001 64 106
1204 212 918
1295 452 658
1370 643 579
1409 669 431
1314 637 924
1202 459 759
1312 612 68
1435 127 335
1331 587 367
1258 133 146
1402 65 69
1753 1448 70
1246 610 816
1296 352 606
1454 63 70
1271 425 1089
910 66 271
1347 230 538
1580 75 71
1217 64 119
1189 739 1134
1327 471 1073
1244 67 588
1152 64 190
1158 146 1188
1329 89 110
1235 418 925
1295 119 68
1189 581 717
1270 706 900
1404 91 70
1402 885 1565
1258 351 705
1311 444 68
1304 63 70
1201 71 102
1267 436 666
1321 272 510
1327 127 106
1257 500 933
1398 296 232
1113 73 74
1305 502 478
1272 66 121
1280 928 1065
1311 400 733
1414 67 74
1300 63 93
1191 67 531
1300 248 68
1294 490 1491
1394 83 68
1290 215 794
1225 69 99
1257 567 825
1333 304 167
1096 64 250
1409 69 68
1262 67 75
1753 65 72
1064 65 208
1388 757 918
1348 486 302
1249 381 851
1213 65 316
1253 1344 839
1236 418 356
1257 1146 108
1321 491 818
1253 85 201
1329 737 1220
1034 63 97
1272 241 936
1349 575 170
1321 579 952
1311 432 650
1322 155 378
1248 352 770
1216 613 620
1191 687 959
1247 585 708
1314 643 1082
1290 110 807
1272 487 912
1484 1164 993
1346 466 510
1300 482 774
879 69 1313
1315 63 67
1315 449 987
1298 198 498
1161 69 100
1238 299 1148
1246 818 1545
1359 391 710
1265 220 921
1350 1220 566
1263 115 117
1303 62 71
1313 931 669
1234 577 1380
1433 66 68
997 439 813
1117 67 81
1330 585 403
1328 464 596
1206 319 1367
1319 1035 1616
1166 477 1572
1290 250 875
1220 243 1861
1375 395 943
1328 516 564
1249 448 966
1248 700 1202
1393 149 75
1335 485 820
1307 835 669
1303 522 587
1294 79 298
1346 470 255
1253 814 1137
1301 558 1912
1459 69 68
1268 508 415
1386 69 79
1378 229 248
1363 63 69
1282 342 673
1361 571 1006
1286 64 68
1314 557 493
1421 218 73
1206 402 1536
990 96 245
1111 359 1931
1222 584 848
1223 503 897
1294 540 766
1212 63 172
1313 63 397
1198 64 303
1206 65 194
1271 354 72
1531 72 71
1341 115 83
1220 1286 833
1285 388 457
1474 1103 68
1358 132 68
1220 63 86
1100 65 84
1271 66 80
1265 49 774
1356 683 319
1273 425 404
1335 614 866
1753 62 69
1200 108 1204
1247 83 84
1648 393 68
1378 556 340
1258 62 88
1216 64 223
1398 72 95
1377 83 71
1298 294 940
1751 103 74
1298 600 416
1316 1136 715
1383 410 407
1755 174 68
1313 304 966
1353 83 75
1151 351 477
1311 236 179
1354 66 67
1329 555 389
1757 112 68
1324 795 899
1392 502 511
1381 429 524
1270 278 525
1386 518 166
1310 230 365
1517 81 87
963 84 113
1303 64 141
1264 676 843
1755 79 76
1086 67 1517
1255 70 71
1244 77 149
1076 66 189
1276 66 69
1233 329 475
1302 386 484
1369 491 632
1295 546 1104
1257 464 771
1323 83 137
1289 292 319
1626 63 68
1288 1841 1042
1278 980 1072
1353 541 498
1180 74 355
1447 125 67
1286 495 107
1291 64 68
1342 443 988
1314 338 952
1398 583 99
1228 707 859
1306 346 891
1165 985 1675
1294 373 444
1353 274 487
1323 814 560
1159 447 837
1272 519 353
1198 618 778
1232 86 129
1243 864 890
1572 67 69
1308 801 941
1292 448 489
1234 310 1931
1362 469 362
1392 559 611
1289 63 79
1356 67 73
1269 142 179
1366 762 793
1244 63 343
1023 70 510
1344 543 87
1045 64 85
1317 883 1065
1393 452 268
1277 225 586
1302 64 68
1198 742 899
1163 63 141
1278 65 68
929 91 169
1152 66 249
1503 251 70
1070 67 422
1261 623 819
1219 488 716
1340 590 939
1352 252 111
1310 785 686
1196 369 1219
1350 561 828
1378 792 408
1260 63 204
1293 502 791
1174 250 1595
1090 64 176
1061 92 525
1223 420 790
1364 364 182
1356 438 566
1327 508 851
1347 1575 1298
1321 357 648
1384 701 589
1365 491 385
1300 531 277
1293 267 556
1334 583 446
1276 76 81
1212 75 328
1300 368 924
1456 77 68
1281 114 75
1283 391 71
1351 420 613
1313 622 604
1233 490 727
1276 623 762
1331 346 289
1244 339 1601
1326 336 570
1223 929 1439
1705 68 69
1322 487 577
1298 481 1054
1265 184 883
1355 470 567
1260 372 824
1330 443 584
1283 392 621
1209 469 744
1342 87 82
1349 1297 1047
1278 68 593
1321 805 68
1165 253 374
1284 222 603
1406 268 86
1263 369 560
1250 485 1932
1401 62 70
1584 63 75
1192 350 87
949 66 1780
1329 430 600
1487 1931 444
1257 478 530
1132 142 1372
1221 64 154
1433 1512 88
1258 677 731
1291 584 386
1146 85 339
1328 228 466
1323 367 580
1616 201 68
1185 592 1433
1302 229 447
1265 147 117
1306 436 545
1313 626 468
888 80 318
1259 69 256
1326 500 552
1295 511 1219
1356 624 491
1216 65 75
1432 577 611
1264 248 687
1204 640 787
1312 305 383
1752 391 68
1179 65 108
1360 80 336
1393 141 122
1290 304 559
1251 744 1360
1229 389 1071
1244 625 700
1250 64 70
1297 471 781
1623 77 73
1246 205 786
1238 706 1482
1361 64 68
1367 547 436
1367 602 1287
1250 326 511
1756 118 74
1497 75 70
1283 750 875
1526 63 68
1330 111 135
1242 269 612
626 120 408
1322 401 517
1085 64 351
1508 185 87
1185 83 266
1314 229 480
1330 790 295
1382 481 100
1393 479 573
1296 87 143
1305 407 907
1294 209 888
1480 1931 197
1274 174 749
1388 523 775
1472 1595 731
1411 472 456
1233 377 808
1215 604 627
1386 407 958
1306 446 861
1248 423 520
1186 630 829
1397 66 71
1215 356 755
1271 383 983
1080 64 168
1069 74 128
1315 87 670
1373 799 1175
1228 739 802
1291 648 627
1279 83 287
1238 688 331
1271 1042 1789
947 77 112
1324 403 420
1208 366 711
1353 618 765
1248 63 141
1393 87 111
126 182 163
1366 64 71
1280 1703 1769
1311 624 916
1365 125 337
1305 458 1121
1353 761 643
1392 1178 835
1216 360 826
1348 174 380
1394 1917 1690
1401 752 605
1428 432 335
1287 526 709
1352 536 707
1497 132 67
1162 382 1103
1279 510 674
1383 115 209
1232 275 353
1289 810 70
1328 395 484
1349 417 227
1376 113 286
1337 367 708
1295 399 574
1396 666 459
1280 134 186
1312 87 69
1553 517 695
1216 647 1052
1301 301 70
1316 1371 587
1486 64 70
1291 496 744
1376 735 908
1204 64 75
1192 67 358
1270 71 113
1349 201 525
1342 589 747
1378 370 547
1188 814 963
1247 373 666
1310 443 374
1362 506 460
1189 545 1407
1348 646 737
1390 799 173
1258 583 1159
1362 436 422
1271 322 547
1234 429 834
1021 72 1931
1203 82 69
1280 467 294
1229 1329 887
1309 377 715
1347 377 652
1393 867 566
1316 176 78
1314 930 639
1334 584 787
1513 76 67
1437 68 143
1252 441 922
1297 334 906
1262 352 659
921 87 239
1702 112 68
1133 178 86
1267 148 86
1344 310 637
1326 100 152
1424 106 99
1327 507 538
1235 518 1317
1283 383 566
1321 355 854
1624 71 68
1291 527 81
1351 1881 514
1357 480 366
1267 347 647
1247 432 1058
1307 379 1087
1453 1931 116
1245 546 721
1313 361 603
1325 155 639
1328 378 729
1079 413 1321
1310 256 462
1366 469 606
1422 622 542
1320 142 482
1398 425 500
1269 410 635
1296 556 70
1305 160 588
1350 66 74
1278 1105 173
1332 851 196
1304 403 1540
1335 283 417
1211 123 533
1168 71 723
1297 300 98
1351 523 629
1117 69 75
1269 329 704
1374 75 298
1262 387 1130
1286 333 746
1392 338 283
1358 382 743
1210 210 157
1328 371 619
1754 788 87
1271 320 489
1305 388 569
1377 962 1051
1404 681 821
1253 250 382
1333 654 439
1275 333 756
1290 385 501
1255 822 1363
1270 438 869
1367 153 106
1214 399 722
1089 66 143
1294 446 483
1389 62 75
1250 376 600
1291 316 700
1275 299 736
1280 66 75
1294 416 604
1292 295 700
1251 452 879
1175 594 1091
1240 1423 1485
1119 252 1708
1295 362 718
1197 76 118
1250 397 1159
1298 331 654
246 121 166
1753 77 68
1214 64 126
1208 70 152
1288 160 79
1275 455 1100
1324 188 83
1298 309 768
1280 301 572
1446 1293 403
1348 519 495
1455 621 73
1354 69 109
1269 400 1084
1268 369 595
1291 1006 519
1295 387 711
1341 489 896
1242 319 567
1255 64 69
1229 349 844
1259 368 1144
1356 90 124
1338 1931 656
1386 777 430
1301 532 70
1074 65 344
1390 463 441
1221 239 1376
1330 633 641
1429 564 708
1318 454 482
1242 281 460
1299 360 498
1330 374 603
1268 479 939
1235 99 1085
1370 74 210
1398 77 69
1309 340 69
1326 827 1053
1309 452 1124
1285 394 874
1169 292 1901
1752 236 67
1311 725 568
1416 1204 719
1316 344 739
1266 556 1091
1204 66 421
1323 272 604
1290 1385 1764
1308 435 604
1323 609 697
1339 598 967
1513 175 216
1234 306 868
1241 666 1571
1288 304 519
1311 416 754
1280 248 455
1402 1041 633
EOM 101314 147451 2545 0 0 0 0 0 0 0 0 0
1393 405 466
1293 559 921
1327 249 689
1605 363 68
1500 144 69
1477 944 415
1266 1339 764
1165 975 1887
1217 334 1382
1333 422 408
1251 393 1217
1308 729 1143
1290 483 1154
1319 285 605
1301 519 630
1316 1049 1016
1296 591 707
1295 731 729
1215 223 724
1233 78 210
1338 797 1486
1249 69 135
1246 703 1075
1369 285 386
1752 213 73
1297 63 67
1416 140 68
1113 65 708
1061 67 258
1323 522 633
1279 348 554
1328 323 472
1264 362 595
1307 123 69
1356 267 158
1248 63 141
1228 103 121
1467 65 137
1368 848 1204
1189 64 72
1330 1315 1508
1198 65 239
1307 595 793
1261 383 881
1286 189 252
1346 586 748
1149 762 947
1284 714 545
1018 70 228
1322 180 396
1464 301 84
1308 869 1374
1444 543 445
1337 543 861
1290 213 163
1329 577 646
1300 733 675
1164 335 1931
1272 284 841
1304 728 1479
1298 525 662
1311 396 857
1253 467 656
1309 835 701
1280 539 171
1238 524 1015
1298 519 602
1281 471 525
1446 553 210
1237 333 674
1398 182 81
1101 88 1490
636 100 240
1365 283 366
1226 99 95
1289 63 70
1208 78 537
1386 1086 1164
1655 78 68
1225 65 89
1374 874 829
919 97 145
1309 694 943
1755 73 73
1244 607 864
1307 549 983
1393 590 837
1284 96 250
1281 148 1736
1292 489 1021
1232 131 158
1206 68 1058
1266 897 778
1379 74 137
1434 81 67
1254 709 1050
1412 107 72
1319 663 78
1335 293 403
1341 252 483
1382 1024 652
1288 408 884
1278 728 775
1367 255 441
1415 94 80
1387 437 74
1227 832 1141
1097 79 76
1383 271 538
1211 104 69
1233 326 1005
1299 408 586
1324 556 926
1279 170 665
1349 115 469
1270 703 1005
1238 62 68
1241 541 732
1300 97 187
1239 241 605
1309 80 69
1212 521 898
1056 64 230
1261 68 156
1222 229 575
1339 366 705
1377 581 556
1309 435 665
1699 164 68
983 63 130
1435 323 399
1214 514 1394
1275 571 855
1283 336 594
1351 417 518
1457 97 73
1237 64 137
1223 64 71
1368 587 93
1637 63 71
1480 111 67
1307 815 361
1572 114 80
1406 69 67
1278 651 708
1303 328 544
1242 583 1711
1381 297 414
1279 62 68
1218 70 84
1234 476 87
1325 595 893
1245 647 871
1271 579 973
1524 146 68
1245 64 501
1308 61 239
1181 350 1048
1357 216 68
1061 64 138
1281 73 69
1271 192 523
1272 416 1268
1127 71 96
1434 63 73
1288 649 498
1240 1011 133
1377 718 68
1344 447 1071
1236 63 86
1465 117 71
1307 455 844
1433 62 74
1194 680 1032
1410 962 1047
1331 259 436
1353 452 620
1447 312 385
1286 279 343
1389 303 69
1746 192 67
1391 93 139
1314 374 638
1206 80 888
1282 372 649
1353 499 657
1288 313 598
1428 96 122
1386 650 544
1092 64 312
1189 63 71
1271 721 70
1749 68 70
1314 64 115
1031 63 443
1322 417 980
1354 465 542
1163 724 1931
1567 91 68
1242 554 779
1232 623 1188
1415 419 660
1330 300 174
1358 642 1246
1150 65 118
1351 184 476
1230 584 603
1307 1023 877
1103 372 1436
1257 68 69
1224 64 70
1023 935 1401
1340 648 1084
1173 80 87
1318 163 68
1265 492 633
1294 418 444
1306 444 773
1310 434 431
1505 1578 68
1234 87 147
1344 75 68
1153 71 138
1500 64 101
1259 687 917
1311 399 890
1298 99 77
1208 267 254
1395 1932 1401
1320 676 722
1379 403 379
1377 914 270
1303 332 411
1292 64 67
1192 601 1060
1397 236 371
1248 567 1020
1220 281 749
1307 248 702
1277 263 425
1377 1931 1902
884 79 206
1207 348 824
1225 616 745
1237 509 1269
1533 106 96
1224 959 1031
1260 758 1263
1342 332 362
1274 334 1067
1292 75 76
1210 72 972
1324 304 524
1240 63 108
1752 66 67
1438 158 83
1352 63 75
1559 124 79
1308 431 540
1367 1002 1026
1207 537 1181
1241 281 751
1355 547 1008
1307 147 464
1225 90 85
1311 290 570
1205 69 91
1339 622 952
1294 445 676
1269 695 1305
1287 213 367
1423 436 68
864 73 1281
1267 546 820
1428 63 68
1401 239 68
991 79 1790
1391 528 539
1268 382 704
1298 275 428
1232 425 1518
1284 769 937
1290 251 376
1265 430 597
1452 101 68
1380 1186 322
1264 295 718
1321 212 259
1241 109 298
1339 113 295
1179 767 1331
1339 127 197
1741 63 68
1293 62 122
1292 412 332
1249 381 429
1387 534 106
1269 90 75
1335 141 69
1313 162 523
1248 362 948
1329 9 475
1218 408 1281
1287 524 954
1311 493 483
1377 430 301
1358 331 472
1199 137 1931
1350 80 73
1367 1380 491
1333 136 186
1305 284 534
1319 519 894
1275 135 98
1312 603 708
1265 1456 903
1372 161 278
1344 765 599
1350 185 78
1307 676 547
1332 363 355
1251 370 837
1257 547 674
1322 422 204
1166 65 167
1195 78 84
1222 582 1649
1323 480 572
1348 1103 728
1194 547 1466
1736 89 68
1358 233 538
1295 415 610
1368 87 68
1276 653 661
1295 338 714
1321 536 675
1315 576 360
1306 498 689
1191 246 796
1264 427 615
1327 105 141
1300 399 1051
1279 570 741
1344 1640 364
1226 157 369
1281 490 707
1307 520 613
1280 68 69
1287 126 361
1273 973 1017
1195 64 109
1032 65 1877
1316 204 642
1383 631 91
1262 268 600
1092 104 101
1295 711 1149
1252 393 642
1308 268 270
1638 63 68
1204 695 982
1235 63 68
1338 805 1124
1327 354 784
1207 667 1466
1300 435 518
1219 75 1680
1086 65 236
1123 63 135
1305 420 944
1269 555 497
1754 342 106
1265 263 538
1414 137 68
1215 70 591
1294 277 448
1610 1381 68
1301 284 687
1345 389 651
1193 461 1192
1249 386 454
1754 113 100
1017 74 328
1154 63 78
1463 84 108
1236 256 715
1269 169 777
1395 836 187
1276 556 396
1298 545 862
1314 1237 727
1296 208 529
1243 361 704
1273 293 680
1349 288 424
1274 280 533
1251 448 1399
1288 343 432
1247 562 542
1339 527 701
1269 393 843
1351 212 396
1225 428 704
1403 371 104
1226 402 653
1485 62 67
1151 495 1028
1116 300 1931
1187 71 242
1255 381 501
1147 82 70
1377 764 678
1182 344 1090
1328 370 625
1135 196 1178
1673 111 69
1329 505 511
1311 68 395
1320 255 363
1382 67 166
1309 478 433
1271 354 592
1234 173 690
1376 332 690
1070 69 600
1419 276 67
1247 360 890
1243 697 787
1357 491 603
1299 459 891
1513 64 68
1326 357 285
1295 583 692
1339 110 68
1260 393 552
1424 626 538
1351 398 554
1287 856 1128
1357 522 818
1482 99 70
1319 423 357
1422 1920 155
1353 781 1045
1325 691 777
1411 64 76
1296 646 427
1233 346 1083
1371 315 440
1243 369 1253
984 73 694
1344 749 845
1600 63 69
1319 331 314
1238 245 801
1271 287 495
1372 269 316
1477 421 604
1398 461 614
1277 372 652
1381 1088 1715
1243 204 497
1210 819 1931
1356 370 445
1288 309 665
1085 376 921
1297 300 723
1291 63 72
1315 616 661
679 163 263
1236 1128 1612
1356 744 511
1240 381 1014
1351 560 760
1353 306 436
1338 165 70
1614 66 67
1307 66 69
1336 431 1007
1362 946 890
1306 875 824
1206 182 366
1027 63 128
1206 942 1125
1295 530 1342
1254 491 1406
1329 501 488
1323 63 93
852 102 192
1309 259 315
1430 203 69
1359 297 407
1351 528 488
1275 548 392
1235 276 584
1333 505 586
148 141 406
1295 321 446
1234 272 409
1260 101 219
1216 65 678
1752 96 68
1216 70 193
1753 204 68
860 88 669
1089 62 257
1346 66 230
1299 875 1594
1257 354 909
1025 72 726
1354 67 758
1251 626 996
1279 65 76
1557 499 73
1346 455 901
1259 203 991
1332 73 304
1353 484 530
1348 490 633
1253 147 845
1320 339 510
1305 63 68
1316 832 608
1225 655 1109
1436 409 209
1267 1932 1101
1364 452 490
1301 911 935
1332 527 699
1321 420 567
1303 63 265
1284 596 733
1259 568 732
1263 562 731
1416 283 73
1287 416 1005
1268 299 455
1244 481 759
1210 492 1018
1293 64 97
1262 198 650
1238 226 116
1166 457 885
729 132 206
1313 571 909
1754 100 69
1306 500 814
1327 807 916
1254 63 72
1463 1931 89
1253 1152 716
1267 64 369
1249 877 661
1271 598 795
1012 68 126
950 65 199
1754 491 125
1311 786 729
1239 64 141
1255 468 1073
1347 527 1003
1285 443 603
1311 298 701
1345 525 730
1275 594 875
1201 484 1530
1261 422 1010
1076 63 144
1324 470 712
1609 68 70
1307 451 570
1255 90 398
1449 63 70
1334 67 113
1278 524 1071
1286 378 748
1501 147 70
1338 807 306
1295 464 686
1299 1205 904
1291 763 1417
1445 196 216
1354 558 428
1279 349 306
1404 382 685
1289 436 583
1231 257 834
1297 555 420
988 82 103
1147 384 571
1270 526 987
1229 544 567
1268 369 686
1328 620 781
1395 722 1639
1274 352 896
1316 502 1648
1251 495 917
1355 472 893
1278 494 427
1354 760 861
1163 70 1023
1299 900 941
1623 1150 68
1423 86 69
1311 339 484
1339 599 783
1233 137 82
1750 65 68
1275 220 513
1236 495 1241
1316 369 754
1292 470 593
1188 63 154
1052 66 184
1191 63 109
1252 492 417
1343 391 578
1633 219 90
1248 575 649
1359 498 291
1295 321 596
1370 605 410
1137 63 304
1216 94 355
1320 600 779
1374 441 762
1275 366 748
1292 481 960
1310 439 765
1263 641 955
1379 549 343
1342 478 849
1197 86 365
1226 664 1181
1344 290 675
1539 99 80
1219 598 565
1317 270 583
1379 1102 309
1290 69 160
1419 1018 897
1270 133 241
1281 277 463
1240 59 163
1234 63 213
1342 67 74
1234 745 863
1361 968 328
1445 123 68
1298 572 769
1398 103 599
1344 1321 1000
1285 373 868
1360 301 519
1749 95 115
829 87 636
1245 554 432
1277 656 1172
1323 1136 972
1329 1422 165
1361 395 713
1281 17 806
1333 777 1514
1254 493 698
1240 62 1529
1286 574 1223
1263 141 111
1337 839 714
1496 76 69
1260 391 708
1168 158 549
1354 594 747
1292 435 1618
1352 237 313
1361 478 833
1300 265 370
1219 261 896
1062 74 362
1699 64 81
1292 351 615
1266 537 645
1355 432 295
920 96 120
1396 88 67
1360 507 742
1301 449 1480
1755 162 97
1369 459 535
1754 171 68
1396 157 82
1297 1147 678
1678 65 68
1095 73 86
1480 1401 82
1279 634 791
1324 655 20
1416 72 84
1306 357 495
1237 836 1048
1247 66 109
1121 67 386
1344 490 503
1292 67 77
1273 344 637
1323 958 227
1283 453 607
1301 547 721
1318 486 824
620 111 629
1306 1460 1430
1663 69 67
1311 491 642
1464 361 174
1334 665 351
1397 757 740
1477 409 130
1348 69 69
1268 449 827
1289 84 133
1377 199 382
1297 65 70
1279 161 1373
1270 968 1230
1408 582 436
1215 665 1689
1213 742 950
1283 239 626
1180 463 1347
1316 470 517
1385 154 69
1014 66 361
1253 67 108
1211 529 327
1537 83 95
839 121 150
1315 302 421
1244 66 115
1348 69 68
1292 521 772
1320 468 507
1223 594 1179
1670 66 115
1278 396 746
1603 155 71
1277 955 1168
1208 821 1212
1367 626 725
1212 105 145
1211 64 220
1346 649 537
1193 265 1096
1296 439 381
1269 247 683
1288 453 930
1377 68 67
1262 496 1063
1358 438 793
1389 764 974
1382 153 76
1206 89 192
1309 808 773
1300 445 766
1376 64 75
1397 67 344
1324 1584 68
1370 69 85
1380 424 627
1020 71 87
1142 210 862
1249 492 838
1489 1931 374
1228 477 1077
1249 375 1192
1321 405 371
1385 527 523
1215 378 1098
1279 549 869
1323 473 1219
1213 393 502
1246 498 1443
1355 514 260
1212 111 205
1189 335 753
1300 447 823
1297 196 356
1323 323 429
1313 470 1255
1415 605 639
1275 515 781
1387 296 433
1321 173 193
1750 804 66
1209 732 1129
1181 506 1390
1457 1932 570
1266 126 68
1335 702 824
1395 612 331
1329 70 76
1320 410 559
1111 1379 1233
1146 63 178
1232 622 1003
1252 555 1430
1244 66 69
1364 1169 464
1290 84 72
1303 103 230
1327 73 347
1343 471 805
1345 458 400
1032 96 325
1293 108 177
1750 63 69
1090 64 170
1387 483 539
1438 819 565
1222 65 91
1235 345 1288
1185 63 266
1103 392 982
1240 411 716
1420 107 76
1397 94 76
1238 663 488
1546 71 127
1220 818 970
1247 435 1006
1387 612 853
1360 357 447
1258 320 755
1388 450 589
1516 82 84
1183 64 95
1120 93 238
1388 752 960
1486 68 80
1252 288 742
1332 1520 878
1280 315 501
1379 650 473
1270 64 200
1065 1254 1541
1162 848 1124
1254 82 1097
1051 66 929
1355 85 71
1313 570 1033
1217 507 756
1263 803 1435
1270 825 381
1362 471 499
1621 74 70
1317 334 514
1317 339 579
1463 282 75
1539 225 70
1274 75 117
1342 216 137
1175 77 138
1298 488 472
1300 63 148
1393 536 490
1271 594 592
1304 359 484
1151 63 264
1361 351 474
1332 314 535
1751 73 70
1278 851 787
1405 367 614
1413 660 757
1227 68 112
1366 466 559
1265 726 1190
1324 128 98
1063 66 358
1270 739 864
1311 63 72
1324 500 564
1271 399 674
1080 111 84
1353 449 538
1320 78 154
1143 65 121
1275 536 815
1213 344 785
1248 753 1563
1254 305 898
1691 163 73
1169 115 105
1431 124 103
1751 121 67
1358 440 506
1272 63 173
1354 312 676
1251 722 699
1314 584 388
1242 81 1454
1083 248 536
1254 321 907
1286 398 347
1313 556 774
1131 301 1098
1364 656 1135
1359 518 631
1301 789 641
1237 657 1299
1148 66 95
1304 366 691
1291 322 9
1181 362 656
1306 86 721
1331 62 396
1311 439 635
1749 132 67
1295 649 441
1757 118 87
1204 62 74
1269 63 89
1399 94 67
1374 356 184
1190 172 920
1371 540 390
1478 63 70
1261 350 580
1305 65 69
1301 367 834
1391 345 411
1150 70 100
1275 848 916
1207 449 1181
1286 265 446
1042 64 212
1141 921 1196
1243 527 1418
1435 845 105
1308 590 1073
1196 585 1632
1331 297 29
1633 66 70
1348 586 1114
1313 385 122
1358 229 410
1301 162 209
1232 302 508
1330 398 669
1204 437 370
1612 81 69
1182 713 1784
1279 618 1107
1200 65 79
1250 347 646
1313 487 768
1187 350 1260
1363 531 459
1389 596 699
1384 276 406
1119 63 225
1344 529 496
1423 74 234
1269 145 69
1149 313 1825
1376 189 79
1267 723 514
1314 461 735
1394 69 76
1369 1503 209
1321 329 486
1446 73 75
1141 307 1233
1051 92 450
1263 281 753
1350 566 828
1689 80 70
1298 759 1005
1255 423 693
1326 706 703
1302 753 839
1413 63 68
1198 64 293
1343 1267 927
1361 346 654
1265 147 285
1455 606 68
1606 92 110
1197 527 814
1376 87 119
1277 77 71
1349 460 518
1296 536 432
1294 542 542
1267 350 622
1297 504 734
1341 67 168
1356 579 332
1351 469 538
1292 405 660
1277 229 85
1315 490 1189
1273 281 729
1361 454 323
1755 73 68
1317 139 242
1321 472 1057
883 118 145
1023 63 326
1000 64 960
1365 63 68
1408 152 68
1337 1104 499
1007 84 157
1341 94 67
1251 474 164
1345 439 840
1348 424 373
1141 93 608
1358 67 69
1249 428 711
1376 837 486
1194 469 1145
1248 550 760
1331 782 807
1276 351 623
1314 321 544
1258 183 81
1208 461 834
1321 347 457
1313 493 671
1322 138 78
1305 432 452
1554 1932 1932
1243 399 828
1414 389 439
1321 66 68
1311 221 466
1454 75 69
1403 1321 614
1216 344 1430
1293 77 73
1263 122 710
1330 541 532
1273 367 1416
1724 385 68
1237 63 74
1274 341 724
1311 326 804
1338 523 567
1268 544 758
1321 307 539
1273 382 630
1286 251 333
1377 280 545
1501 117 69
1307 63 67
1278 428 485
1223 93 191
1320 273 734
1753 838 70
1244 373 1638
1303 246 620
1413 280 89
1329 334 701
1313 325 478
1375 343 430
1480 579 282
1201 442 1232
1206 711 508
1296 788 661
1360 864 407
1185 326 823
1311 275 639
1290 507 1062
1334 97 75
1200 71 399
1430 479 623
1297 452 706
1680 63 67
1388 452 100
1244 388 7
1338 104 72
1163 401 1485
1425 780 944
1357 293 422
1468 81 68
1358 510 661
1301 337 686
1238 533 1511
1351 1037 1061
1322 55 185
1291 139 107
1000 68 184
1304 296 526
1254 64 154
1278 689 752
1243 271 879
1331 72 81
1392 65 74
1211 65 206
1364 444 738
1259 771 801
1236 341 970
1562 296 74
1268 556 549
1155 211 114
777 73 264
1288 362 217
1460 546 99
1372 1932 366
1351 694 607
1574 92 69
1243 327 479
1440 169 161
1262 1354 1439
1322 313 577
850 67 231
1261 489 1063
1259 188 365
1247 151 229
1162 529 1183
1163 479 1472
1368 300 393
1224 353 899
1278 295 730
1366 72 68
1318 383 750
1450 96 69
1071 78 146
908 70 202
1262 76 569
1641 70 79
1245 65 197
1471 63 68
1383 672 392
1252 511 656
1317 474 837
1328 415 528
1367 941 266
1292 338 737
1252 580 1398
1242 71 81
1247 463 1000
869 66 334
1278 361 544
983 63 100
1169 385 1088
1374 1018 1022
1294 610 858
1328 314 651
1342 770 1030
1751 64 68
1292 512 561
1198 453 655
1375 779 300
1329 288 705
1120 73 116
1267 505 707
1262 458 589
1310 764 570
1212 71 170
1388 389 116
1231 320 666
1313 779 976
1210 349 914
1755 233 96
1214 327 1198
1261 348 746
1221 603 813
1301 397 793
1299 297 696
1293 213 159
1210 515 1334
1755 159 108
1291 68 88
1255 63 187
1200 117 237
975 486 114
1246 363 1175
1303 365 569
1748 144 68
1494 95 68
1260 1005 1317
1247 291 740
1154 410 752
1236 469 932
1284 580 926
1309 297 591
1357 240 524
1337 457 467
1167 166 375
1364 865 1668
1359 218 73
1333 288 522
1217 67 119
1286 278 834
1311 568 335
1253 291 855
1446 63 69
1222 721 1323
1273 418 685
1279 62 72
1548 62 67
1315 485 1027
1381 560 567
1316 519 540
1204 504 915
1276 356 765
1296 66 120
1375 1151 804
1328 364 1183
1214 387 1060
1356 333 162
1323 572 762
1290 426 508
1138 63 290
1270 361 1011
1496 64 251
1330 624 1311
1221 428 1458
1226 850 835
1331 616 457
1006 87 121
1354 604 516
1302 533 587
1243 71 201
863 88 137
1237 503 1538
1265 441 704
1243 396 659
1370 52 116
1186 97 955
1395 547 833
1579 499 69
1193 66 107
1453 1211 828
1211 584 1149
1206 144 599
1250 677 1209
1494 64 99
1285 427 751
511 138 550
1260 371 559
1274 390 897
1313 510 885
1272 500 1849
1278 627 1257
1272 722 1371
1326 409 347
1233 138 87
1271 378 421
1307 525 682
1306 535 675
1221 571 1894
1108 65 774
242 105 390
1338 183 153
1234 617 722
1302 372 270
1175 66 328
1303 167 69
1352 332 658
1214 473 789
1308 65 219
1253 64 85
1335 62 68
1302 549 679
1392 228 72
1184 560 1256
1204 999 1237
1303 518 911
1361 372 529
1291 322 412
1362 1107 293
1588 71 279
1338 404 557
1346 349 795
1296 410 682
1290 350 689
1603 63 68
1480 461 85
1275 453 1697
1420 603 76
1249 337 1066
1071 65 949
1195 251 598
1214 646 1427
1316 414 447
1311 453 555
1385 467 495
1374 716 823
1333 379 742
1186 465 1336
1263 592 648
1228 68 301
1209 298 905
1282 64 146
1235 505 1010
1248 450 1218
120 77 508
1358 464 659
1363 258 112
1377 1931 357
1658 64 68
1312 391 944
1370 480 561
1497 337 84
1331 69 71
1334 992 420
1044 72 229
1302 234 385
1205 945 836
1409 62 109
1139 850 1093
1299 341 565
1420 83 72
1358 458 473
1268 349 767
1315 416 494
1386 1120 132
1344 463 708
1275 550 624
1284 382 856
1373 320 523
1390 282 640
1119 136 1202
1343 389 642
1163 63 545
1238 498 592
1187 71 70
1270 627 810
1384 948 1540
1327 386 829
1317 310 766
1293 414 1022
1214 548 670
1344 1346 799
1285 306 1409
1390 233 153
1357 747 440
1300 328 768
1386 331 444
1154 341 591
1427 92 89
1275 429 809
1540 109 144
1342 405 604
1301 180 415
1292 382 741
1345 66 127
1292 671 696
1315 269 157
1756 72 82
1328 504 69
1314 1615 124
1469 763 70
1270 235 836
1213 757 819
1336 934 805
1255 526 704
1256 96 368
1250 774 800
1356 672 851
1255 1488 312
1375 198 400
1325 595 467
1289 335 1013
1167 192 1442
1212 635 1178
1322 1006 1277
1444 649 440
1381 471 626
1258 624 944
1143 74 147
908 122 1931
1439 63 107
1278 69 69
1753 320 69
1248 422 717
1302 482 895
1257 257 459
1235 68 69
1197 63 182
1321 325 483
1338 270 295
1360 293 817
1273 366 652
1651 194 68
1254 589 1035
1243 630 800
1607 790 126
1418 445 82
1425 66 68
1205 65 421
1303 303 592
1753 167 68
1475 617 691
953 73 111
1188 537 664
1754 192 117
1294 113 72
1347 299 528
1390 86 71
1136 67 295
1030 68 223
1267 768 1036
1279 63 292
1104 269 1389
1346 327 300
1303 338 340
1658 242 71
1324 232 497
1281 527 1016
1347 69 88
1346 395 566
1415 906 652
1338 86 69
1175 62 222
1145 382 1097
1241 103 331
1532 66 73
1299 468 540
1097 63 165
1198 82 203
1248 64 214
1269 532 591
1287 482 763
1143 259 979
1190 838 662
1580 750 69
1207 335 534
1235 762 1438
1268 431 806
1363 342 601
1750 67 69
1231 242 933
1391 352 423
1637 63 68
1502 76 68
1318 432 582
1248 265 347
834 70 165
1266 173 826
1349 441 620
1268 528 605
1262 504 646
1363 63 159
1321 621 698
1323 940 262
1263 475 727
1202 71 92
1287 296 641
1508 227 68
1355 463 513
1228 72 280
1185 65 147
1755 88 104
1049 65 82
1230 580 1591
1587 82 88
1286 75 243
1251 448 353
1270 386 653
1362 65 363
1299 67 124
1179 99 263
1310 88 69
1273 402 776
1421 145 69
1331 231 570
1754 994 93
1425 104 189
1273 414 643
1307 309 939
1507 1531 136
1343 463 819
1364 312 368
1375 578 353
1308 67 138
1373 845 775
1475 972 496
1325 653 668
1363 510 81
1297 478 582
1340 63 70
1340 658 636
1317 445 645
1274 778 972
1448 467 71
1177 64 440
1342 419 587
1343 145 415
1336 1404 956
1313 325 905
1218 460 619
999 73 342
1322 843 814
1234 455 1580
1371 65 68
1238 164 197
1275 560 69
1084 77 337
1499 92 68
943 94 115
1331 321 626
1053 65 246
1348 231 131
1329 640 634
1399 1933 331
1197 393 1403
1396 927 1045
1663 1931 69
1263 389 613
1177 125 174
1307 461 865
1127 69 75
970 64 486
1322 346 291
1277 283 1058
1228 759 1932
1286 199 663
1459 107 88
1318 369 887
1341 313 506
1282 62 74
1126 63 152
1362 63 73
1310 399 692
1750 180 137
1256 411 396
1264 1206 318
1072 64 213
1308 368 811
1191 64 90
1306 355 572
1534 1932 951
1347 68 69
1290 266 511
1264 510 929
1217 394 499
1212 729 1065
1259 327 506
1434 357 68
1420 335 351
1289 195 87
1365 503 438
1301 412 642
1163 102 164
1391 64 145
1171 70 285
1506 566 521
1163 62 116
1368 368 482
1324 321 511
1280 684 929
1138 289 610
1377 869 257
1303 587 643
1525 291 142
1229 67 170
1022 64 900
1339 441 802
1272 973 751
1312 520 928
1215 513 1705
1046 63 168
1278 90 69
1237 871 671
1276 312 398
1703 187 68
1337 203 117
1429 624 69
1038 64 231
1381 1020 547
1235 414 719
1637 63 79
1282 646 1005
1301 1139 758
1269 66 165
1158 100 1931
1396 88 69
1238 366 1093
1334 655 727
1275 417 580
1158 433 1931
1342 409 736
1190 319 798
1357 675 198
1346 365 407
1263 433 735
1310 98 1688
1273 153 700
1061 73 128
1433 1076 1809
1324 290 381
1344 706 367
1752 275 68
1380 170 69
1638 726 68
1270 260 618
1753 219 63
1275 928 825
1286 533 1207
1271 829 1194
1276 436 1062
1161 1931 1931
1362 70 68
1614 64 75
1350 82 97
1458 420 259
1360 913 1422
1754 67 68
1343 417 381
1291 1262 496
1286 391 761
1481 69 106
1233 100 310
1324 150 515
1352 690 629
1235 506 649
1342 1164 623
1343 397 184
1251 599 682
1291 627 420
1372 87 207
883 86 322
1102 63 214
1154 107 93
1492 69 70
1292 1187 339
1377 308 1063
1027 73 360
1262 389 567
1295 557 854
1374 104 72
1441 63 213
1748 63 67
1320 162 69
770 105 248
1359 1107 852
1406 842 1132
1417 938 722
1259 541 977
1305 275 538
1216 1715 1720
1395 815 110
1188 492 1706
1288 196 666
1160 619 1389
1221 488 1159
1318 345 697
1305 275 1136
1456 145 68
1270 238 419
1306 63 109
1265 310 429
1202 67 149
987 72 1931
1318 486 493
1453 256 259
1306 278 548
1229 289 414
1353 63 190
1290 275 531
1366 590 479
1410 403 609
1288 270 893
1317 1065 672
1312 280 444
1367 420 521
1291 416 977
1442 151 69
1271 438 904
1523 123 78
1276 608 643
1291 73 234
1292 537 460
1145 63 164
1310 588 963
1521 64 78
1146 802 1180
1313 551 419
1209 385 1429
1343 375 335
1064 86 130
1196 63 90
1387 464 813
1723 78 68
1402 809 1514
1308 412 592
1264 751 1932
1365 508 470
1312 265 473
1282 346 373
1290 62 202
1261 422 693
1288 64 79
1271 378 608
1297 367 683
1325 497 73
1390 737 1931
1273 418 617
739 95 260
1271 490 672
1260 393 1258
1207 282 1716
1244 560 747
1189 75 121
1356 676 555
1277 127 216
1596 64 67
1338 418 599
1252 472 1314
1250 454 480
1318 559 1376
1413 68 203
1213 546 781
1347 556 678
1244 222 74
1757 87 70
1328 540 663
1273 72 287
1206 385 1244
1193 735 1224
1237 598 1091
1311 449 643
1342 309 781
1330 296 503
1321 446 817
1279 157 535
1366 683 561
1251 447 1144
1304 289 562
1137 688 1472
1186 63 73
1115 68 661
1384 633 1272
995 71 121
1079 65 457
1565 65 67
1358 607 615
1751 66 69
1216 684 1216
1410 476 374
1396 69 68
1243 352 1445
1238 667 1069
1504 65 69
1322 614 1122
1258 263 757
1344 420 589
1177 341 978
1308 389 502
1296 823 1181
1302 397 1007
1133 1008 1168
1272 214 1078
1225 540 1622
1221 561 1325
1253 386 757
1356 276 356
1293 478 932
1310 608 690
1312 473 641
1373 496 615
878 82 392
1324 728 776
1198 108 217
1105 81 1401
1201 63 214
1306 364 533
1237 885 1226
1219 591 1013
1319 81 87
1288 92 146
1594 272 68
1729 64 70
1293 462 671
1186 69 85
1364 320 536
1318 386 1117
1271 64 310
1454 552 69
1625 150 69
1437 794 1247
1337 614 399
1430 161 68
1225 227 831
1304 168 456
1302 272 879
1253 578 1277
1455 65 68
1243 316 963
1215 442 857
1247 196 1036
1281 390 689
1307 536 371
1299 203 691
1254 402 888
1753 69 82
1225 186 158
1205 814 541
1318 525 541
1360 681 883
1246 78 245
1267 782 784
1220 1492 1401
1360 96 81
1192 64 464
1288 369 436
1175 62 221
1324 608 733
1616 393 164
1251 612 1379
834 93 361
1301 655 975
1099 63 106
1287 514 780
1115 76 393
1259 73 118
1228 879 1761
1311 391 442
1346 350 667
1056 75 86
1329 515 881
1247 294 909
1246 290 414
1278 73 188
1236 209 647
1303 928 589
1203 481 977
1251 327 548
1283 595 632
1141 611 875
1220 783 929
1331 589 976
1025 71 103
1271 107 314
1288 520 543
1321 753 591
1183 456 1009
1339 65 67
1382 1153 320
1325 73 82
1277 166 339
1356 276 670
1276 283 588
1320 697 1040
1304 283 572
1265 507 527
1300 493 976
1266 449 473
1402 531 723
1269 587 82
1191 205 1134
1277 637 902
1563 173 153
1351 336 579
1301 418 815
1498 405 71
1292 489 653
1119 1688 996
1338 62 83
1223 564 985
1254 67 71
1327 77 67
1177 1099 1084
1298 415 935
1320 65 71
1241 547 591
1146 68 516
1301 520 760
1363 481 596
1379 1138 925
1366 658 873
1735 65 68
1351 986 1088
1137 69 867
1264 65 82
1122 64 111
1296 382 578
972 70 261
1222 65 329
1217 213 1305
1336 670 649
1176 355 534
1258 548 657
1310 107 169
1284 63 137
1361 118 336
1331 776 1071
1233 63 236
1332 286 611
1283 699 1192
1348 995 1074
1329 352 612
1355 284 375
1351 1885 336
1294 619 73
1394 1014 1516
1330 604 1138
1227 712 872
1402 533 299
1494 65 67
1328 566 567
1280 264 111
1506 1037 96
1046 64 182
1286 473 938
1228 463 1427
1354 94 368
1244 76 250
1280 639 1095
1078 251 1154
1284 526 1271
1299 463 1312
1349 475 671
1361 287 275
1243 284 101
1209 68 90
1368 399 485
1303 689 949
1412 761 1310
1242 107 72
1598 125 73
1286 63 108
1318 86 304
1257 63 121
1096 72 267
1371 1420 214
1356 904 752
1282 80 192
1219 375 1864
1335 90 84
1202 63 109
1321 445 882
1195 578 626
1331 370 401
1294 1309 816
1101 65 522
1346 111 80
1064 63 177
1301 249 78
1189 70 129
1300 746 1085
1243 507 399
1286 72 68
1245 532 917
1306 831 1061
1027 81 319
1148 116 857
1416 795 729
1387 548 563
1370 122 173
1324 502 481
1213 117 175
1126 15 89
1183 1258 1841
1244 427 1426
1243 827 432
1547 63 81
1151 1711 1140
1292 450 617
1342 461 461
1292 321 640
1247 734 1045
1253 72 119
1251 510 478
1171 254 802
1300 364 843
1520 179 69
1364 222 77
1385 1070 717
1262 744 875
1360 73 69
1756 152 96
1288 363 557
1347 1524 1370
1190 711 1558
1289 147 338
1742 68 68
1305 465 903
1320 75 68
1366 148 191
1296 983 756
1379 65 68
1332 421 862
1363 393 627
1536 58 127
1289 493 785
1216 270 891
1736 1915 77
1412 78 72
1236 745 5
1620 102 67
1453 292 68
1051 22 571
1173 615 908
1146 63 309
1288 719 709
1313 606 608
1347 206 72
1252 64 85
1255 712 72
1206 665 1028
1243 837 1584
1337 803 914
1275 550 600
1328 64 97
1301 855 1299
1199 258 564
1309 287 530
1318 67 69
1380 347 86
1380 1148 734
1366 249 68
1244 763 1334
1185 527 1129
1362 453 494
1229 63 202
1106 62 115
1331 797 552
1345 631 782
1117 432 1462
1410 320 71
1247 383 799
1316 167 552
1220 285 732
1395 562 545
1306 344 750
1167 701 1632
1173 64 156
1295 73 159
1443 1532 438
1297 662 547
1171 71 124
1221 395 1
1290 400 1091
1479 96 130
1299 482 616
1294 855 69
1268 267 620
1035 87 115
1218 425 1433
1212 567 1778
1295 374 1000
1249 251 503
1713 64 94
1287 502 1048
1310 357 748
1209 189 1478
1350 1376 789
1283 286 696
1383 505 390
1288 214 512
1369 309 441
1198 88 184
1291 383 975
1357 526 637
1565 64 71
1246 64 69
1287 403 593
1346 817 1220
1497 89 72
1246 67 274
1253 234 619
1756 178 67
1662 67 68
1465 89 70
1389 482 335
1755 1931 68
1193 801 675
1224 334 909
1280 388 753
1219 449 1108
1167 128 1198
1256 670 1558
1303 434 657
1393 258 93
1403 509 466
1407 112 69
1282 651 679
1276 381 427
1322 529 443
1260 438 1610
1295 295 475
1363 70 68
1751 70 68
1233 615 510
1330 650 476
1294 368 885
1307 627 776
1276 292 669
1003 107 111
1307 378 838
1250 85 122
1312 371 643
1167 286 789
1244 252 315
1257 337 687
1269 541 543
1273 589 1852
1355 422 397
1754 269 68
1275 468 1167
1315 793 920
1271 507 929
1108 126 302
1232 293 855
1306 293 283
1318 304 486
1307 248 603
1419 946 989
1312 346 718
1514 448 85
1303 324 732
1199 392 512
1295 1447 1222
1216 213 972
1198 635 729
1359 376 143
1403 979 676
1315 606 1122
1395 456 103
1352 64 76
1312 379 555
1276 279 604
1745 119 68
1471 1857 750
1278 3 915
1142 70 282
1294 389 676
1235 994 1300
1739 64 68
1307 148 247
1224 666 1405
1235 268 692
1367 113 77
1192 114 131
1156 417 914
1086 62 91
1093 163 993
1392 64 171
1151 422 963
1251 322 1148
1208 70 111
1169 108 113
789 79 394
1317 1183 488
1283 793 689
1184 851 1647
1290 847 794
1319 1501 562
1333 328 351
1265 373 363
1749 103 81
1345 530 411
1361 291 387
1745 1414 70
1321 63 67
1387 614 546
1365 71 123
1352 523 790
1377 1721 352
1312 343 832
1438 227 68
1357 936 1465
1323 362 424
1418 446 241
1365 444 728
1232 122 935
1385 677 876
1236 154 1161
1595 68 71
1486 197 68
1294 381 446
1753 98 72
1294 376 584
1271 133 147
1465 92 90
1273 513 1193
1199 310 681
1330 63 166
1578 1931 68
1226 67 136
1364 459 770
1674 235 69
1359 266 721
1298 438 550
1358 1352 367
1376 152 173
1521 1156 112
1599 504 67
1272 406 672
1256 435 1007
1292 646 1615
1197 65 74
1331 208 79
1242 153 1116
1491 64 68
1157 74 74
1347 333 981
1518 65 69
1335 604 809
1374 851 807
1271 66 104
1310 65 69
1239 419 406
1371 203 271
1095 782 223
1320 398 682
1285 64 173
1404 69 79
1288 114 198
1300 454 870
1287 401 440
1323 265 217
1220 286 332
1251 864 1276
1398 618 621
660 100 964
1367 575 712
1342 388 665
1413 1931 564
1178 65 70
1307 184 71
1262 788 1458
1374 346 269
1246 203 467
1281 651 964
1478 689 282
1089 187 96
1187 94 560
1357 673 1395
1333 867 669
1205 489 844
1290 133 102
1341 544 522
1299 230 579
1749 105 76
1644 598 68
1675 104 67
1403 63 68
1229 574 35
1125 68 124
1107 70 311
1348 304 440
1303 351 756
1297 316 638
1199 64 232
1262 65 125
1749 310 68
1303 296 601
1271 98 915
1298 613 891
951 73 1715
1343 447 615
1352 392 791
1473 170 68
1361 825 329
1401 528 1119
1369 130 69
1274 498 386
1519 91 72
1241 872 985
1321 64 70
1264 244 808
1301 93 428
1250 336 634
1305 924 670
1175 100 633
1271 310 834
1218 505 1234
1266 378 748
1373 117 183
1263 261 1519
1320 443 1096
1313 63 220
1719 288 68
1358 595 491
1276 394 747
1266 800 159
1353 435 335
1019 88 400
1376 459 820
1355 554 577
1358 72 68
1297 306 1047
1333 272 79
1371 449 530
1319 435 475
1409 64 74
1377 461 561
1323 637 703
1239 74 280
1315 622 1124
1464 880 564
1009 696 1932
1260 795 693
1220 689 1547
1272 958 1472
1280 64 95
1060 83 97
1346 535 260
1251 63 497
1370 633 216
1448 127 318
1361 364 654
1334 778 759
1323 505 344
1202 444 1084
1304 800 778
1112 81 1907
1384 64 85
1363 295 86
1323 454 507
1320 879 584
1329 386 573
1316 486 414
1615 222 68
1214 377 910
1343 440 436
1514 372 69
1273 83 69
1620 103 191
1397 286 96
1300 543 666
1258 363 866
1246 584 1020
1316 394 599
1382 321 478
1233 341 946
1267 78 183
1318 304 496
1662 155 69
1268 672 1204
1380 1283 255
1318 64 71
1226 86 107
1233 246 1334
1328 398 666
1265 70 71
1317 376 428
1358 68 73
1275 735 671
1175 627 1150
1384 68 114
1323 309 447
1306 425 390
1374 63 73
1250 478 703
1317 384 421
1312 235 321
1393 1562 568
1322 361 530
1437 673 896
1305 63 84
1211 797 1365
1373 457 539
1457 411 72
1195 68 209
1296 890 930
1377 1178 381
1246 268 422
1334 1439 635
1234 239 677
1301 432 586
1312 829 1023
1342 731 270
1351 667 779
1342 81 169
1553 108 68
1392 260 330
1136 549 969
1372 623 966
1363 515 371
1257 440 1213
1113 623 1802
1033 73 112
1305 760 480
1292 1173 475
1311 33 651
1386 71 173
1303 125 309
1358 401 107
1273 360 758
1286 382 490
1267 748 581
1074 65 608
1282 100 68
1315 70 107
1506 79 119
1366 302 618
1267 530 721
1215 525 552
1357 210 316
1302 303 331
1285 101 195
1350 503 354
1317 82 68
1270 323 1652
1259 146 697
1621 82 186
1281 713 1377
1488 149 69
1379 308 434
1323 709 763
1324 289 531
1226 593 804
1325 72 71
1402 517 567
1349 400 370
1292 108 70
1247 313 705
1455 153 67
1365 63 67
1277 415 1095
1290 724 71
1303 64 68
1341 65 136
1328 397 293
1381 692 166
1297 336 534
1253 435 1442
1324 426 564
1474 70 92
1755 67 68
1380 260 364
1311 513 585
1294 87 206
1503 75 69
1755 242 59
879 122 170
1044 64 415
1315 358 630
1367 71 69
1287 422 656
1394 677 954
1234 149 333
1277 64 309
1248 806 1443
1561 111 77
1217 67 70
1037 94 145
1382 329 742
1294 63 111
1306 645 818
1297 541 957
1375 765 1291
1146 69 82
1751 413 96
1296 578 72
1253 70 70
1446 348 71
1322 558 501
1306 495 453
1311 1495 869
1307 67 76
1301 835 597
1293 512 564
1250 470 791
1355 71 72
1294 434 656
1189 138 84
1107 600 973
1271 423 647
1312 347 550
1754 191 96
1325 310 459
1207 428 1210
1208 581 1076
1201 68 91
1712 74 69
1357 334 699
1207 380 724
1251 217 913
1284 307 70
1265 107 782
1428 185 71
1401 1656 152
1429 1071 88
1181 74 114
1755 164 164
1321 335 614
1334 388 132
1316 314 310
1299 546 715
1279 320 455
1302 658 768
1316 223 458
1140 65 1201
1306 498 773
1274 529 86
1179 775 645
1192 69 129
1269 1114 792
1360 115 69
1361 721 173
1280 410 634
1379 124 75
1332 98 127
1556 88 68
1350 779 924
1355 187 401
1312 404 279
1249 224 846
1318 1180 934
1319 63 70
1332 371 514
1364 491 725
1206 605 1864
1367 326 375
1217 479 739
1394 473 582
1270 333 770
1315 416 764
1290 732 71
1252 563 1605
1352 546 466
1737 432 68
1272 427 601
1333 604 994
1357 304 377
1267 342 852
1356 409 620
1302 1244 1148
1268 64 185
1304 72 70
1263 318 805
1009 230 1134
1217 458 899
1305 613 967
1282 149 319
1211 64 81
1251 576 1058
1182 431 1579
1360 454 206
1233 539 1025
1274 392 275
1273 114 160
1205 586 1010
1101 65 903
1279 383 410
1484 276 68
1284 503 785
1391 794 682
1390 77 79
1386 69 1191
1383 545 663
1349 347 390
1282 548 827
1181 117 759
1318 363 432
1132 125 79
1527 1931 769
1294 153 53
1399 408 399
1302 63 69
1314 121 12
1239 530 693
1184 251 1207
157 134 542
1267 574 924
1352 427 673
1266 560 545
1386 365 838
1241 309 1384
1244 474 743
1226 1106 1273
1319 308 520
1257 689 581
1263 181 1068
1228 65 100
1343 82 141
1327 1294 1743
EOM 100578 147414 2679 0 0 0 0 0 0 0 0 0
