1357 423 642
1382 117 149
1180 411 1380
1217 453 782
1177 63 75
1334 499 284
1421 64 68
1332 99 93
1209 312 412
1530 71 199
1373 1935 527
1226 1905 241
1337 300 68
1314 63 804
1389 1206 867
1290 64 79
1228 646 481
998 236 1466
1360 363 483
1304 1092 591
1301 735 898
950 126 128
1321 302 564
1648 68 67
1067 73 218
1245 68 239
1303 63 75
1240 410 929
1286 685 835
1754 70 68
1236 563 73
1285 73 240
1013 78 684
1439 101 104
1201 586 828
1630 277 68
1285 698 750
1749 189 67
1363 421 297
1281 471 1178
1393 452 86
1747 62 68
1147 481 1556
1210 512 635
1753 70 68
1355 189 279
1754 273 104
1132 64 277
1643 170 67
1282 456 636
1164 252 781
1276 357 552
1169 418 748
1334 616 648
1171 64 70
1296 432 713
1189 372 1331
1258 652 1032
1359 403 700
1336 991 229
1197 209 475
1156 64 233
1327 252 81
1752 100 67
1215 437 885
1322 307 680
1257 65 102
1282 63 100
1239 356 498
1173 441 985
1194 609 1156
1168 327 644
1264 81 496
1209 569 1260
1632 108 68
1288 315 381
1175 809 926
1374 181 149
1346 70 151
1700 84 69
1121 63 193
1236 63 140
1242 385 857
1197 473 758
1257 407 588
1144 77 71
1277 382 612
1452 67 72
1278 63 73
1140 463 1054
1309 474 458
809 98 187
1231 388 674
1314 601 603
1319 394 514
1348 756 1541
1331 374 683
1223 404 668
1245 554 963
1577 297 447
1287 73 385
1211 421 651
1185 257 877
1238 262 583
753 117 252
1195 80 801
1057 770 1664
1596 224 71
1191 84 470
1303 248 1070
1302 416 846
1262 64 104
1329 389 591
1283 63 150
1160 244 627
1434 132 67
1663 66 68
1268 66 78
1178 443 742
1749 111 68
1343 63 85
1253 64 118
1241 437 1032
1294 177 77
1751 105 67
1338 642 1068
1410 170 68
1233 257 927
1185 858 974
1129 310 952
1250 274 670
1235 460 480
1059 66 202
1182 465 1284
1566 368 72
1288 461 472
1245 426 436
1248 330 475
1185 514 785
1196 63 75
1471 303 485
1346 86 187
1249 555 609
1195 319 883
1268 827 1092
1207 64 504
1283 482 873
1360 379 242
1100 99 1272
1496 1932 132
1250 525 607
1238 285 475
1242 62 1225
1240 485 821
1254 62 69
1314 355 589
1288 502 489
1306 793 582
1351 165 111
1382 1027 133
1604 110 69
1753 133 72
1293 110 131
1180 93 103
1325 803 635
1219 476 819
1209 448 1363
1486 70 68
1205 283 665
1756 204 71
1650 63 74
1488 548 142
1573 82 68
1259 721 642
1261 580 1039
1202 86 73
1731 252 69
1330 396 939
1279 465 464
1394 1115 68
1512 68 67
705 119 399
1460 64 86
1316 589 664
1257 222 1172
1519 110 68
1172 1521 1018
1289 409 409
1215 656 792
1191 63 165
1333 450 484
1211 485 1523
1264 698 726
1447 134 67
1242 688 1623
1130 218 998
1199 128 118
1389 268 618
1277 460 577
1261 63 82
1367 158 68
1142 241 1681
1409 441 682
1372 360 399
1291 729 586
1341 110 174
1749 161 68
1273 378 409
1375 387 458
1278 429 752
1227 405 330
1691 68 69
1207 178 103
1306 435 621
1389 817 870
1179 65 70
1407 627 685
1352 62 1874
1192 584 954
1324 969 359
1307 748 1741
1277 344 860
1253 382 76
1070 62 119
1704 64 71
1063 69 90
1317 513 934
1756 165 125
1283 63 68
1406 143 214
1190 63 329
1332 556 416
1253 491 1107
1296 464 556
1668 120 67
1453 265 68
1392 419 338
1177 309 747
1154 73 72
1049 73 183
1536 743 95
1214 461 756
1258 63 69
1312 287 653
1369 65 68
1274 398 513
1310 559 817
1304 481 785
1491 65 70
1113 1116 1581
865 79 126
1348 130 279
1294 281 554
1199 70 101
1329 290 333
1706 72 67
1591 64 67
1335 430 621
1309 288 457
1165 314 962
1311 457 550
1368 79 68
1183 165 335
1236 183 721
1256 63 179
1364 1933 120
1047 217 971
1390 89 115
1277 314 541
1658 64 67
1204 79 256
1242 381 675
1384 170 92
1315 427 583
1293 594 640
1172 282 1255
1300 399 624
1268 124 201
1251 272 750
1403 371 624
1259 508 209
1099 1161 1105
1078 73 252
1156 399 405
1263 73 213
1180 86 98
1321 336 701
1420 303 526
1139 875 1289
1238 814 1160
1755 82 73
1242 1229 1635
1328 631 1386
1208 493 758
1279 497 973
1181 323 840
1623 89 73
1417 109 68
1305 452 777
1363 97 68
1276 68 75
1530 106 67
1380 1201 476
1349 617 573
1281 274 691
1295 71 79
1318 397 179
1318 884 765
897 66 173
1224 566 836
1364 68 131
1302 271 598
1237 317 1792
1202 371 776
1246 399 640
971 76 176
1381 670 703
1114 65 352
1321 66 89
1241 854 921
1281 460 930
1308 368 609
1315 613 1086
935 76 366
1197 135 454
1278 69 76
1203 487 386
1247 114 489
1243 552 964
1258 592 745
1289 1088 1016
1297 63 85
1296 528 597
1204 304 834
1329 68 97
1312 255 487
1232 259 616
1257 668 845
1355 867 926
1388 194 79
1285 64 91
1215 460 1600
1180 384 951
1170 626 916
1311 70 70
1291 672 953
1490 101 68
1324 276 420
1252 389 565
986 63 130
1275 64 399
1228 223 742
1320 62 405
1306 384 336
1301 284 305
1754 286 70
1296 628 221
1330 502 799
1560 64 67
1221 711 1111
1191 64 606
1122 310 1850
1230 64 442
1470 533 102
1307 1733 1265
1315 393 796
1185 1063 1153
1218 413 503
1381 583 347
1285 401 644
1757 182 84
1325 123 70
1041 70 257
1270 712 1403
1384 213 428
1368 399 435
1286 340 931
1342 984 1159
1328 590 1178
1287 323 806
1211 492 891
1068 133 1161
1139 559 936
1301 1574 442
1480 91 73
1214 90 440
1275 229 717
1756 331 73
1261 389 434
1572 84 69
1254 246 132
1455 67 111
1449 102 124
1097 875 1242
1313 507 850
1004 63 104
1009 63 96
1451 77 108
1105 78 1706
1273 555 724
1445 65 72
1483 63 82
1281 64 256
1209 1335 1554
891 121 174
1262 413 797
1063 63 260
716 124 246
1265 485 772
1324 502 582
1351 475 624
1372 1267 934
1630 89 69
1526 128 67
1493 213 69
1758 90 66
1231 573 946
1470 63 69
1244 632 204
1238 85 213
1447 69 227
1260 289 623
1283 367 583
1276 515 1261
1314 415 580
1235 64 810
1293 872 399
1292 406 633
1332 112 84
1295 476 530
823 72 1420
1306 72 87
1224 407 397
1510 64 69
1386 82 68
1081 417 753
1219 502 823
1407 77 102
1332 568 506
1754 356 83
1311 605 486
1296 663 690
1455 1933 710
1177 64 81
1166 69 128
1339 354 590
1275 975 1089
1296 646 554
1273 373 491
1326 434 560
1253 91 279
1233 342 598
1041 64 165
1269 512 825
1119 298 953
1135 318 1242
1234 1015 1045
1367 358 504
1217 348 625
1274 94 911
1301 792 776
1586 93 71
1301 63 120
1361 182 251
1326 235 408
1356 372 628
1632 153 69
1310 684 523
1119 303 1046
1316 63 73
1242 252 495
1218 273 1594
1201 692 1560
1320 540 815
1247 743 1235
1149 491 1173
1317 427 460
1347 471 410
1150 63 72
1074 97 1031
1308 63 130
1350 818 641
1268 567 1330
1112 68 119
1279 320 1221
1346 327 249
1517 191 68
1537 81 82
1183 382 954
1258 376 824
1749 316 67
1268 344 768
1215 134 145
1118 103 1645
1297 66 84
1320 1171 661
1307 548 422
1244 117 1008
1289 75 77
1216 417 715
1181 784 1088
1206 318 502
1229 754 1017
1324 362 368
1261 539 465
1749 246 69
1100 136 129
1252 966 1111
1297 65 75
1374 626 700
1197 62 103
1517 62 47
1311 628 402
1319 872 68
1402 875 794
1576 881 87
1477 1933 773
1227 857 997
1234 78 73
1298 472 863
1101 330 1471
868 123 171
1429 535 69
1280 396 825
1411 1933 312
1352 222 69
1491 63 94
1506 80 80
1321 438 473
1244 462 510
1249 253 77
1219 66 309
1331 600 785
1316 65 171
1298 833 619
1249 1412 897
1268 130 68
1195 63 72
1155 268 1408
1361 375 575
1252 1085 231
1696 73 67
1355 292 552
1200 412 395
1451 64 253
1188 604 94
1277 593 1302
1177 362 701
1289 569 889
1207 1 621
1249 453 1866
1173 73 251
1443 143 109
1249 900 427
1423 126 67
994 84 97
1303 323 561
1184 444 895
1202 428 1018
1259 493 1324
899 80 227
1456 1003 681
1143 481 1257
1174 76 79
1579 1932 70
1646 72 67
1271 381 528
1204 435 716
1303 639 712
1390 106 164
1432 67 68
1375 51 566
1311 669 792
1283 64 220
1183 363 938
1140 1281 1383
1362 135 68
1181 712 1343
1213 82 911
1280 570 849
1364 701 860
1642 64 66
1347 623 796
1228 1514 1002
1298 818 672
1298 500 790
1319 81 177
1750 225 227
1211 441 1933
1250 295 497
1234 468 1812
1228 303 455
1263 464 758
937 66 361
1328 569 878
1208 565 526
1299 580 701
1214 943 794
1150 392 1127
1284 592 1058
1273 407 977
1343 1263 501
1110 124 79
1364 1211 369
1287 685 938
978 74 173
1177 322 1715
1156 505 1566
1492 166 69
1392 407 531
1293 64 238
1367 63 70
1332 720 803
1246 376 486
1327 443 707
1184 972 1283
1313 709 759
1306 588 453
1399 1935 909
959 75 106
1437 65 78
1140 71 359
1258 522 469
1384 1156 287
1305 615 726
1308 625 74
1259 748 517
1383 63 67
1296 69 170
1355 137 109
1305 543 701
1232 664 1165
1519 88 165
1301 538 648
1272 663 606
145 149 298
1182 80 73
1758 142 84
1300 380 691
1299 153 75
1317 283 526
1247 366 490
1341 66 70
1349 65 84
1233 322 1504
1207 539 123
1266 660 413
1388 66 69
1322 369 600
1303 1932 1932
1681 64 72
939 80 215
1322 130 416
1252 67 71
1385 493 363
1312 1015 536
1192 614 868
1565 158 67
1144 462 1439
1216 63 408
1210 489 812
1237 464 830
1103 119 152
1331 538 899
1353 436 540
1299 60 76
1334 265 440
1434 68 70
1176 466 888
1312 655 278
1224 917 934
1171 574 437
1234 476 656
1350 165 87
1509 67 70
1317 358 734
1161 348 837
1241 374 754
1392 1641 175
1347 80 78
1560 189 68
1427 63 69
1658 64 68
1389 395 67
1386 772 756
1168 64 252
1453 143 68
1480 116 85
1272 666 561
1146 64 871
1304 350 510
1512 111 74
1328 64 244
1138 506 931
1322 170 204
1148 717 1073
1391 1532 158
1297 503 590
1555 727 68
1256 385 514
1060 78 134
1110 308 1893
1295 147 465
1178 63 334
1171 994 1858
988 72 1851
1290 305 761
1338 67 76
1435 66 229
1232 77 193
1312 63 100
1300 1188 1479
1458 69 83
1352 66 173
1084 130 1105
1374 467 602
1141 495 1622
1270 349 478
912 68 232
1299 416 848
1407 766 445
1193 497 653
1323 64 120
1252 456 713
1252 201 144
1213 394 661
1201 382 499
1139 80 1127
1442 887 135
1365 596 642
921 69 129
1391 196 75
1204 157 1932
1301 310 729
1163 66 86
1235 387 1074
1307 611 266
1456 163 67
1284 442 525
1160 181 1152
1254 408 984
1124 63 112
1703 1932 70
1759 148 68
1226 85 69
1368 702 102
1003 171 67
1271 94 81
1168 526 1214
1290 207 70
1273 94 155
1214 81 188
1443 64 77
1382 392 348
1173 879 738
1193 63 108
1245 1311 441
1075 97 102
1208 267 732
1260 69 71
1311 254 616
1172 77 1222
1190 905 751
1243 224 376
1105 116 1447
1342 67 84
1315 63 104
1129 201 516
1351 1933 479
1168 422 786
1075 65 141
1230 385 386
1260 450 632
1190 671 1572
1274 108 106
1013 64 156
1250 478 854
1270 63 96
1240 694 622
1302 888 1628
1265 153 90
1374 518 529
1355 670 393
1278 372 367
1227 74 449
1240 860 887
1318 193 240
1200 485 877
1283 519 716
1284 73 298
1343 541 927
1182 470 660
1757 135 68
1230 420 332
1177 865 567
1276 603 447
1360 96 75
1305 484 780
1263 250 607
1231 206 868
1273 70 228
1111 69 213
1422 230 68
1216 179 213
1196 380 746
1376 333 69
1324 486 280
1353 225 270
1754 133 68
1465 78 67
1360 740 163
1484 126 68
1289 185 232
1292 863 1486
1286 440 774
1317 1440 700
1261 554 928
868 111 175
1265 363 493
1343 221 82
1307 340 461
1254 542 1815
1639 171 68
996 64 380
1303 353 493
1406 488 556
1360 645 992
1177 607 960
1246 310 894
1356 173 240
1314 1796 1595
1444 78 68
1293 577 437
1236 732 864
1181 490 680
972 67 113
1149 66 1823
1229 511 408
1231 582 1183
1114 63 231
1366 473 578
1237 311 1083
1280 63 69
1228 627 881
1262 158 280
1326 540 852
1232 106 142
1256 543 405
1238 131 127
1269 585 347
1534 63 84
1380 675 688
1394 64 68
1268 794 977
1355 852 538
1278 194 259
1249 1792 1392
1311 604 1242
1305 73 147
1257 941 493
1194 506 973
1229 163 242
1290 324 515
1365 902 530
1192 796 780
1050 131 748
1221 105 296
1548 673 80
1231 504 670
1750 158 70
1213 64 402
1440 77 68
1453 1573 90
1135 408 1387
1435 388 292
1327 79 109
1144 64 304
1368 1087 385
1236 656 825
1439 68 69
1024 64 230
1353 80 68
1315 64 119
1333 286 104
1255 490 1034
1432 232 67
1346 65 69
1409 140 85
1228 942 1714
1754 155 77
1757 67 68
1052 83 102
1756 76 77
1276 63 75
1343 620 1024
1197 379 595
1344 484 80
167 168 394
1259 77 75
1230 425 737
1466 70 72
1178 77 78
1379 115 77
1240 62 498
1217 520 1567
1209 617 688
1237 444 1135
1181 415 940
1343 1932 1932
1312 82 68
1267 602 1669
1212 412 1665
1289 668 369
1227 559 845
1343 339 187
1140 708 1474
1277 628 534
1315 808 1021
1139 739 1217
1261 68 104
1412 760 1034
1307 115 69
885 97 130
1333 469 394
1255 63 160
1221 606 1116
1300 620 714
1253 418 1210
1631 64 69
1402 514 599
1249 523 512
1331 62 73
1102 93 225
1386 116 79
1412 1279 1253
1352 547 769
1250 302 633
1450 239 69
1373 614 233
1344 320 381
1197 537 904
1405 74 72
844 131 144
1370 446 668
1266 63 73
1758 196 68
1349 947 547
1156 74 151
1339 94 69
1243 390 513
1155 78 160
1124 241 1679
1284 75 152
1444 67 138
1186 1027 1911
1252 531 1233
1217 1054 880
1326 316 411
1252 662 1381
1207 235 1864
1066 726 1451
1428 179 72
1389 481 918
1157 729 1379
1125 82 112
1263 384 907
1279 632 767
1386 66 83
1307 157 82
1392 64 68
1296 540 709
1196 780 1053
1296 966 1117
1246 529 572
1595 45 68
1206 64 198
1321 200 102
1080 64 78
1509 79 67
1227 387 1859
1266 376 717
1250 454 585
1185 72 142
1236 266 571
1756 227 95
1276 62 69
1339 1157 513
1256 63 268
1253 437 594
1056 66 305
1279 360 695
1214 349 649
1385 848 577
1761 230 68
1049 63 140
1178 264 907
1432 69 81
1226 249 459
1387 555 108
1330 701 186
1261 75 76
1298 427 736
1419 503 106
1292 604 989
1437 214 109
1328 471 300
432 76 229
1118 64 80
1223 691 69
1138 557 1084
1349 558 460
1225 66 96
1451 131 71
1187 293 1901
1699 349 70
1258 183 1066
1158 77 143
1164 621 991
1185 63 374
1374 604 494
1432 214 71
1211 805 1330
1226 466 664
1142 1324 1488
1225 590 729
1166 628 765
1171 562 1252
1540 87 87
1268 1569 1577
1292 704 1120
1345 396 575
1177 531 795
1467 71 78
1331 696 516
1165 64 110
1347 449 637
1298 93 225
1450 978 208
1403 322 540
1317 307 572
1196 944 1728
1363 1393 985
1242 438 845
1242 377 1007
1235 63 73
1756 80 67
1265 345 1267
1187 120 155
1575 64 77
1281 471 546
1734 182 69
1125 64 289
1451 65 104
1408 243 69
1294 88 84
1239 819 1429
1300 919 577
1165 93 76
1203 511 683
1120 64 79
1190 64 154
1430 1811 73
1358 424 432
1574 67 67
1175 83 76
1284 70 243
1237 1377 1036
1229 611 645
1147 401 873
1132 1932 1932
1755 260 69
1327 490 856
1417 116 72
1255 66 76
1279 788 1342
1274 545 1023
1371 610 413
1299 413 1619
1476 166 68
1542 63 68
1355 1748 1540
1212 312 224
1225 98 247
1362 387 78
1247 433 1291
1756 169 69
1466 1933 143
1288 951 1275
1487 84 67
1266 618 1338
1289 352 762
1327 1600 630
1128 68 899
1224 478 920
1175 802 1427
1301 449 946
1173 72 1933
1321 197 73
1296 64 95
1507 188 68
1033 76 93
1233 542 1135
1394 64 70
1235 241 761
1263 528 823
1446 812 918
1330 64 859
1546 82 68
1757 99 69
1147 287 1775
1151 92 85
1213 369 654
1229 414 613
1259 892 887
1322 656 792
1256 390 447
1259 699 797
1322 70 70
1427 720 72
1214 832 1094
1188 63 158
1333 131 136
1279 652 754
1281 679 166
1752 64 68
1248 552 724
1387 98 73
1152 470 994
911 64 219
1240 982 1255
1298 434 327
1230 367 774
1755 142 75
1242 453 541
1244 583 115
1288 387 564
1322 558 521
1754 87 69
1184 1178 1515
1208 64 69
1745 64 68
1311 446 665
1281 63 432
904 80 120
1450 111 203
1457 762 67
1362 430 602
1524 62 67
1347 358 461
1356 423 775
1449 114 68
1236 610 975
1194 676 1462
1410 676 631
1334 64 105
1753 64 69
1171 295 784
1250 510 408
1161 68 292
1160 544 1089
1237 65 236
1346 579 317
1272 715 1170
1462 63 68
1281 433 514
1301 350 357
985 72 711
1200 843 635
1200 66 202
1315 448 530
1157 367 1933
1380 167 71
1285 506 1317
1322 69 96
1427 1421 428
1264 93 84
1082 96 1858
1258 956 775
1248 66 297
1378 1213 367
1303 641 990
1214 504 541
1098 64 1067
1372 260 139
1263 85 116
1048 452 1403
1355 308 828
1239 63 70
1173 168 1206
1483 109 100
1347 63 67
1321 67 68
947 67 133
1754 146 90
1239 646 1066
1144 435 891
1366 537 297
1335 71 68
1299 232 464
1755 169 68
1374 511 548
1383 369 405
1284 780 940
1553 98 67
1351 487 779
1298 105 73
1273 64 250
1057 451 1132
1225 381 778
992 109 178
1271 138 176
1245 533 827
1305 430 668
1302 65 379
1312 901 644
1303 584 1130
1753 208 71
1207 309 755
1223 72 89
1414 114 68
1262 1028 450
1215 427 844
1277 326 69
1209 491 721
1293 567 840
1425 72 68
1211 837 1806
1365 99 85
1529 120 67
1276 892 571
1240 64 131
1284 464 1372
1252 69 85
1344 242 208
1369 1933 660
1260 136 168
1326 516 935
1240 454 806
1266 265 606
1256 926 608
1269 240 107
1228 569 965
1147 835 542
1325 63 143
1263 63 79
1390 622 1020
1233 515 681
1419 452 432
1385 494 587
1312 686 55
1282 129 444
1194 713 775
892 121 323
1636 104 68
1249 1566 1894
1189 806 1108
1204 387 781
1290 787 961
1489 78 68
1756 68 71
1353 113 107
1276 69 84
1087 64 353
1107 635 1933
1306 355 481
1296 681 699
1327 547 616
1346 889 667
1131 318 1933
1341 350 617
1297 438 647
1255 73 697
1275 644 1243
1140 414 1041
1287 788 757
1194 205 573
1211 487 1153
1389 140 68
1242 382 203
1660 121 136
1202 455 854
1358 75 72
1408 65 70
1124 73 423
1756 236 100
1332 62 171
1415 90 131
1425 133 244
1368 189 120
1353 625 67
1505 63 77
1352 97 88
1511 69 68
1748 173 70
1161 349 975
1198 904 1138
1279 91 68
1218 643 451
1602 148 68
1210 64 159
1453 63 68
1365 644 482
1757 140 79
1308 571 695
1216 1161 832
1124 627 971
1278 673 661
1416 1548 571
1187 90 71
1417 66 68
1279 251 735
1302 79 234
1347 1760 767
642 96 558
1755 71 67
1193 590 1062
1212 63 70
1506 75 67
1353 278 68
1340 314 500
1205 375 561
1391 693 242
1239 125 116
1242 65 585
1272 558 1636
1119 73 927
1308 95 106
1294 65 85
1120 63 85
1667 121 94
1233 779 888
1190 271 71
1478 69 67
1179 104 1329
1239 170 716
1372 63 72
1169 66 299
1150 72 145
1219 418 1452
1299 68 268
1335 681 1020
1168 63 99
1031 65 501
1419 136 68
1228 533 826
1343 345 723
1319 517 1276
1261 892 162
1312 64 631
1360 526 469
1294 1933 287
1389 67 67
1375 456 457
1263 287 372
1349 895 736
1076 758 503
1240 371 1233
1278 603 724
906 84 781
1211 66 74
1099 96 116
1754 115 70
1249 75 72
1570 105 68
1256 150 946
1341 1932 417
1217 289 544
1176 64 232
1085 63 223
1310 323 198
1297 1112 822
1181 459 1126
1307 97 79
1170 64 124
1754 69 68
1393 120 220
1417 73 71
1302 135 87
1178 82 87
964 69 331
1376 64 129
1274 455 1648
1249 567 1399
1190 397 598
1227 319 564
1216 614 684
1161 423 713
1247 472 1252
1298 634 643
1499 1933 591
810 91 1736
1232 67 81
1364 371 598
1334 63 68
1263 493 530
1320 378 793
1251 436 743
1211 166 126
1237 942 424
1314 538 720
1292 485 1196
1386 586 967
1273 468 744
1382 63 190
1477 1555 97
1238 68 69
1414 613 181
400 109 403
1281 630 853
1255 106 284
1217 73 70
1342 1933 757
1229 337 703
1299 559 692
1238 328 654
1287 209 87
1290 1073 900
1303 472 428
1299 64 105
1187 137 271
1464 169 110
1234 766 596
1297 738 619
1126 64 240
1177 600 546
1222 748 1132
1255 295 722
1537 64 73
1262 78 68
1063 66 120
1265 565 1264
1315 63 124
1211 583 945
1175 155 453
1142 106 683
1674 351 69
1266 542 434
1331 182 70
1120 72 1901
1744 812 67
1283 830 571
1272 263 609
1237 506 794
1204 435 1230
1172 97 244
1236 521 1035
1225 78 72
1054 63 295
1226 111 79
1169 1 1018
1229 628 806
1118 79 173
1265 66 140
1374 785 136
1266 395 572
1227 961 1462
1004 70 235
1220 769 1551
1265 330 632
1618 64 67
1174 81 162
1265 69 105
1256 718 1547
1338 650 524
1508 687 68
1203 816 659
1281 940 603
1295 649 1594
1303 133 188
1131 87 116
1381 1498 160
1229 76 143
1380 379 426
1138 77 270
1241 607 505
1336 1425 757
1201 530 605
1386 129 76
1241 230 335
1672 181 72
1282 300 533
1348 62 68
1277 1651 844
1317 1240 802
1257 155 75
1317 758 820
1189 390 751
1213 533 851
1450 152 143
1393 414 659
1333 342 848
1318 387 478
1223 88 439
1234 246 811
1230 63 342
1228 923 1556
1751 45 74
1146 63 84
1268 63 89
1275 521 524
1270 66 86
1256 350 862
894 64 217
1656 69 67
1290 643 607
1192 521 576
1398 450 157
1246 767 685
1221 591 697
1414 101 84
1328 1933 744
1236 866 1079
1339 522 966
1754 79 84
1218 401 807
1294 389 444
1198 64 199
1292 72 126
1357 64 80
1241 222 561
1334 125 83
1331 1152 710
1115 66 1308
1184 340 585
1209 395 694
1182 63 92
1298 354 741
1289 513 590
1243 294 1099
1110 65 136
1201 64 69
1284 62 89
1231 218 413
948 82 151
1103 69 143
1219 63 248
1251 548 1329
1387 1087 1420
1179 64 104
1453 517 262
1421 1164 1243
1279 670 721
1133 64 703
1256 750 1125
1169 116 142
1466 65 120
1410 331 84
1108 184 1933
1377 454 587
1290 497 629
1301 411 861
1105 127 732
1211 89 125
1286 552 910
1224 869 773
1266 526 785
1223 443 701
1158 155 1910
1285 478 841
886 96 165
469 98 362
1214 630 629
1475 62 75
1301 590 68
1394 1932 80
1441 1396 484
1196 755 1234
1245 352 731
1188 532 1560
1366 212 68
1331 153 78
934 86 165
1227 64 170
1230 527 562
1364 512 628
1234 767 1333
1287 1053 787
1471 206 68
1210 109 70
1184 384 540
1454 67 68
1756 90 73
1166 754 922
1101 67 92
1210 108 265
1239 154 441
901 86 582
1229 452 1836
1475 159 70
1420 205 93
1228 379 773
1213 65 121
1231 485 796
1088 79 429
1205 63 147
1208 297 121
1231 169 145
1359 620 637
1193 656 775
1272 570 410
1453 1872 743
1463 121 81
1271 104 205
1366 110 89
1207 278 1320
1288 784 832
1621 119 69
1329 310 803
1191 397 491
1239 438 621
1190 63 193
1480 135 140
1229 66 128
1265 1444 1591
1236 355 563
1377 534 526
1143 596 1158
1320 611 753
1111 83 163
1288 63 233
1318 611 787
1373 84 70
1298 70 138
1105 773 1074
1232 109 145
1344 773 613
986 101 99
1271 228 174
1226 872 1306
1754 209 68
1289 227 601
1235 699 606
1273 633 1037
1220 763 1321
1071 81 127
1354 485 961
1180 345 819
1337 117 68
1216 387 761
1578 120 67
1204 427 462
1326 111 69
1298 339 629
1408 101 83
1253 612 735
1242 63 416
1375 269 414
1223 631 820
1503 1932 1917
1242 345 1505
1262 67 150
1591 67 68
1287 511 980
1234 1030 1061
1341 132 95
1258 631 1004
1418 516 340
1367 396 492
1377 309 69
1272 552 725
1383 63 68
1155 510 1412
1305 66 212
1238 101 108
1275 621 725
1302 404 567
1324 339 641
1261 602 576
1241 68 300
1310 1054 1908
1295 621 703
1736 62 67
1321 63 93
1210 216 1803
1269 64 74
1324 765 588
1181 64 88
1246 246 568
1265 938 1342
1272 555 106
1320 1017 93
1270 465 477
1231 63 89
1429 746 627
1343 472 123
1302 901 70
1320 63 337
1087 182 1386
1203 94 116
1192 62 1042
1283 1122 697
1170 817 700
1198 64 274
1396 413 1041
1101 326 1649
1374 221 90
1546 151 68
1313 478 671
1337 425 737
1315 64 138
1248 992 1774
1302 393 1052
1317 426 722
1308 777 618
1327 64 69
1309 112 176
1353 335 207
1370 68 68
1576 156 68
1280 531 1215
1460 961 467
1323 558 853
1397 1083 131
1306 648 370
1344 493 158
1354 65 68
1204 654 733
1378 67 70
1272 408 790
1253 683 584
1217 557 989
1207 65 68
1541 277 72
1116 65 111
1345 137 86
1248 392 1288
1139 64 327
1315 384 840
1219 535 780
1151 69 99
1381 287 77
1199 629 854
1403 777 154
1295 497 716
1192 74 395
1248 400 905
1315 65 79
1286 110 366
1423 1933 930
1247 79 84
1303 394 467
1311 776 1278
1276 881 879
1317 494 631
1162 67 343
1182 733 278
1231 106 72
1299 540 560
1187 347 1111
1194 61 671
1376 108 68
693 134 277
1492 107 67
1242 444 590
1283 66 74
1757 148 81
1240 62 269
1302 535 318
1174 507 789
1249 185 204
1229 475 1336
1599 130 122
1259 66 89
1152 1180 649
1201 423 1932
1471 65 69
1335 746 897
1230 63 78
968 64 387
1278 1152 227
1325 944 785
1242 360 763
1358 485 321
1336 174 171
1382 121 184
1296 216 442
1078 1678 1040
1150 325 710
1317 1932 274
1135 78 72
1049 968 917
1494 107 79
1129 69 133
1187 560 1792
1405 212 387
1365 348 577
1233 475 266
1411 114 69
1213 1241 1043
1506 74 68
1236 63 233
1288 579 876
1295 595 924
1280 68 138
1199 463 892
1302 468 1073
1753 104 68
1035 68 167
1208 64 225
1216 66 69
1162 67 196
1288 981 575
1608 95 67
1244 476 978
1416 294 83
1322 63 218
1099 98 86
1216 91 120
1385 416 1075
1181 1679 1920
1255 501 874
1212 568 870
1398 473 70
1443 1192 229
1143 448 840
1378 92 103
1297 484 756
1240 300 449
1259 67 307
1250 512 846
1327 431 105
1060 101 1038
1419 378 407
1261 659 831
1254 553 911
1204 73 309
1246 401 494
1212 941 1314
1260 486 731
1275 325 364
1343 472 571
1257 73 69
1236 633 1076
1238 297 512
1359 894 997
1434 66 73
1265 528 702
1163 604 1223
1199 638 819
1207 805 1098
1296 392 909
1314 290 516
1350 620 562
1209 84 90
1326 582 174
1752 173 68
1297 706 1255
1369 102 69
1243 422 1475
1228 78 84
1351 342 69
1383 166 77
1244 67 100
1277 437 518
1045 82 118
1320 156 432
1361 678 743
1278 263 496
1561 172 67
1322 418 697
1212 609 1325
1412 211 69
1246 185 156
1352 531 822
1253 624 861
1327 90 179
1387 1281 723
1332 70 68
1247 546 812
1232 69 350
1290 94 88
1204 292 752
1509 70 125
1754 84 68
1394 1749 1258
1250 489 670
1266 93 88
1151 451 973
1753 234 82
1276 63 336
1322 397 692
1263 646 860
1258 1518 631
1258 1141 706
1372 707 800
1167 138 715
1439 63 125
1238 537 685
1185 526 755
1295 506 635
1209 870 1126
1336 215 184
1304 380 281
1170 375 529
1321 425 1164
1353 161 79
1261 65 229
1245 505 475
1592 500 70
1284 810 784
1363 624 537
1316 514 735
1138 489 918
1749 62 66
1241 477 1388
1296 495 1068
1362 80 68
1438 105 94
1185 621 631
1240 63 255
897 70 529
1266 71 70
1293 507 520
1276 401 809
1356 314 494
985 70 989
1749 377 68
1010 66 270
828 75 277
1249 493 378
1098 117 1932
1386 66 81
1393 603 722
996 76 190
967 109 226
1236 670 1125
1233 399 920
1376 845 664
1245 63 72
1451 100 228
1305 496 418
1534 63 74
1391 1201 261
1302 701 416
1213 526 751
1314 118 133
1181 84 958
1226 80 126
1281 492 771
1396 821 234
1290 345 387
1510 881 75
1179 440 1837
1183 68 303
1193 63 78
1394 267 146
1263 752 1721
1750 1248 68
1250 433 526
1290 63 99
1258 63 80
1466 1933 236
1302 632 1303
1432 311 76
1486 66 68
1360 164 68
1278 455 514
1312 480 965
1753 68 102
1268 302 449
1053 64 199
1315 243 654
1261 527 733
1276 960 888
1155 268 1063
1319 544 881
1312 637 1239
1286 642 636
1307 144 164
1246 539 448
1274 447 638
1276 281 377
1263 221 666
1184 1379 1806
1244 399 664
1170 79 358
1240 88 209
1244 404 693
1271 335 833
1263 63 74
1403 520 488
1126 69 90
1449 39 67
1270 145 90
1343 69 71
1410 62 83
1235 823 1856
1502 1735 165
1203 491 1075
1294 1035 527
1354 782 660
1217 653 1095
1225 66 80
1241 29 1113
1269 200 83
1283 349 481
1414 346 559
406 120 318
1201 869 1434
1358 65 69
1466 414 71
1260 335 1107
1329 445 1419
1124 80 145
1214 84 85
1433 829 68
1179 69 340
1454 220 68
1143 210 1901
1290 640 1071
1137 65 81
1754 4095 68
1067 892 1655
1250 515 1002
1361 63 68
1455 775 533
1221 585 431
798 95 172
1204 578 513
1156 834 974
1486 654 343
1482 190 87
1487 314 68
1431 295 424
1458 177 72
1400 223 86
1295 351 573
1190 158 486
1478 79 68
1264 504 842
1757 236 68
1280 765 379
1305 675 978
1478 69 69
1279 768 873
1576 151 68
1231 542 278
933 63 113
1582 98 84
1314 262 288
1403 725 1287
1231 370 551
1242 433 669
1338 810 567
1153 516 848
1031 72 119
1327 64 91
1232 420 1071
1463 247 161
1198 659 1197
1436 77 68
1224 399 529
1204 759 227
1582 171 73
1315 386 861
1251 645 836
1367 64 67
1166 65 278
1145 63 87
1379 642 714
1429 65 67
1359 644 748
1273 584 752
1240 765 1348
1201 436 778
1267 666 634
1263 526 406
1200 566 882
1509 1505 201
1320 843 913
1650 64 68
EOM 99941 147245 2136 0 0 0 0 0 0 0 0 0
1266 323 669
1425 239 68
1315 387 427
1296 1933 940
1473 116 72
1202 74 69
1170 440 676
1309 724 1115
1567 154 68
1133 65 109
1342 691 515
1181 524 939
1380 531 1125
1352 73 74
1755 108 69
1245 705 660
1342 353 687
1343 76 68
1242 279 722
1486 64 68
1170 63 340
1311 129 167
1187 135 1892
1241 260 1789
1756 67 72
1281 420 607
1422 1652 1502
1467 69 110
1676 73 69
1232 447 517
1614 147 84
1145 579 1741
1440 227 69
1266 72 84
1429 75 68
1235 457 968
1212 75 140
1220 679 603
1456 686 247
947 64 524
1243 347 629
1247 511 811
1183 63 145
1299 158 226
1202 85 101
1429 65 68
1346 463 629
1250 66 389
1220 1107 1933
1355 411 591
1128 951 1850
1370 692 898
1331 291 242
1363 307 368
1265 1028 450
1291 1184 1575
1253 505 931
1299 336 963
1038 683 1927
1169 740 1301
1409 77 72
1307 100 102
1349 802 859
1330 69 69
1374 917 87
1311 1155 596
1223 487 860
1459 86 73
1113 343 1920
1192 393 1011
1482 63 73
1026 73 459
1294 413 445
853 100 319
1233 92 69
1429 80 72
1707 184 67
1325 378 483
1371 1017 1831
1301 206 795
1344 294 621
1511 65 104
1335 103 82
1202 65 284
1281 692 601
1234 304 1306
1255 311 566
1366 504 856
1354 406 259
1755 617 75
1595 66 204
1374 676 532
1424 619 648
1279 340 710
1214 459 780
1339 796 1565
1413 66 81
1246 80 265
1276 679 649
1398 366 546
1211 62 106
1215 309 928
1523 71 68
1321 361 582
1379 452 777
1199 83 77
1316 810 968
1312 626 666
1366 273 404
1327 759 964
1361 650 793
1449 1522 330
1308 428 121
1330 324 572
1450 111 68
1234 84 89
1308 600 428
1188 64 255
1400 67 69
1259 479 480
1345 300 259
1257 1003 1077
1129 1189 1235
1306 66 88
1112 1780 1012
1315 602 999
1755 66 68
1405 529 277
1338 490 587
1170 221 1379
1258 409 434
1362 113 97
1718 85 68
1349 233 70
1275 361 592
1213 450 885
1420 237 458
1467 90 84
1362 78 186
1327 102 68
1164 267 522
1615 64 197
1154 376 622
1321 452 497
1156 552 823
943 69 122
1331 74 238
1278 1346 1067
1311 186 215
1068 67 1716
1359 853 900
1199 829 1794
1238 102 1124
1234 484 571
1243 741 1413
1389 1932 1932
1236 614 1579
1216 168 420
1233 432 459
1285 590 74
1191 76 70
1306 465 569
1290 69 69
1125 66 81
1193 431 825
1282 109 141
1190 78 669
1231 96 175
1406 142 69
1319 1097 1060
1296 83 179
1435 1118 1254
1556 111 78
1288 316 205
1380 522 608
1285 335 753
1624 222 82
1614 91 86
1330 65 97
1183 839 1185
1181 63 1615
1307 228 801
1106 247 989
1299 355 551
1385 870 418
1319 77 130
1758 237 112
1254 531 765
1320 293 603
1148 255 1497
1084 101 76
1273 499 1067
1345 540 800
1326 304 157
1190 545 1932
1445 129 74
1289 390 632
1239 856 796
1303 517 685
1284 302 149
1256 236 218
1755 182 68
1208 716 742
1355 708 579
1349 72 606
1468 379 68
1382 64 126
1279 632 1189
1294 361 916
1321 220 519
1335 293 501
1203 312 1472
1756 166 68
1755 122 80
1207 63 111
1189 797 665
1203 64 151
1369 265 499
1120 140 1145
1306 413 1018
1199 142 117
1360 382 428
1488 148 67
1251 108 1351
1472 1300 82
1339 1915 651
1207 84 295
1332 66 67
1651 62 68
1197 82 205
1227 64 88
1294 568 516
1365 406 739
1734 77 71
1267 863 951
1249 424 735
1256 691 811
1260 994 640
1282 533 853
1405 583 168
1392 116 68
1280 427 732
1280 561 1079
1318 623 1528
1321 112 77
1213 90 1014
1276 392 511
1216 544 782
1290 507 763
1291 467 752
1157 773 1878
1163 823 1080
1278 466 1048
1347 1934 1005
1122 78 1442
1468 132 125
1318 497 1097
1221 630 384
1282 64 100
1289 521 437
1338 696 283
1278 673 1091
1484 603 229
1554 64 84
1276 326 612
1404 65 80
1276 519 470
1350 614 686
1358 186 154
1306 660 874
1407 749 302
1246 63 127
1337 1934 1210
1221 94 183
1152 559 1562
1278 429 603
1218 888 1036
1291 357 177
1518 149 127
1358 68 69
1747 1213 361
1348 63 208
1467 65 69
1143 1046 1198
1690 132 79
1195 64 86
1202 545 575
1249 63 881
1198 569 707
1140 1240 1513
1166 71 79
1316 639 489
1386 606 501
1213 824 574
1252 712 890
1260 394 678
1150 562 677
1119 71 108
1308 407 1277
1224 821 1826
1258 74 80
1217 82 142
1580 159 70
1269 407 460
1289 377 930
1288 150 215
1259 553 598
1380 91 662
1191 435 1066
1241 1902 1902
1552 144 67
1163 398 981
1240 577 708
1191 608 1080
1087 124 1565
1283 63 69
1325 233 475
1463 197 85
1174 816 1073
1143 109 1299
1224 1130 1049
1307 65 439
969 64 511
1099 63 105
1123 596 1110
1563 65 80
1254 75 186
1292 720 1257
1226 417 701
1578 282 76
1219 480 710
1192 416 574
1369 401 555
1279 309 693
1362 644 280
1237 290 349
1062 97 132
1622 124 68
1755 80 68
1110 70 265
1254 514 768
1359 452 606
1376 1294 710
1203 347 659
1300 63 68
1402 167 105
1260 1833 1933
1542 64 79
1205 1055 1933
1317 392 789
752 110 412
1294 679 870
1060 66 842
1721 213 68
1350 63 591
1249 75 283
1255 69 271
1279 330 449
1410 62 72
1516 210 68
997 64 1391
1232 528 1252
1029 90 88
1221 302 1204
1345 65 621
1332 565 725
1172 80 100
1294 703 790
1294 135 97
1364 63 98
1407 388 80
1463 131 72
923 120 136
1261 419 714
1215 124 201
1124 240 461
1212 304 115
1304 516 637
1263 64 92
1350 68 76
1249 363 816
1555 67 68
1228 891 840
1206 352 904
1324 212 252
1237 376 1184
1010 79 302
802 77 526
1092 82 338
1293 294 697
1205 273 669
1198 782 1273
1030 240 1878
1141 399 1213
1480 445 226
1269 328 814
1624 74 68
1249 70 309
1221 703 1111
1253 310 536
1288 142 71
1225 485 1418
1234 67 289
1478 64 76
1304 783 635
1336 630 418
1157 67 301
1245 357 860
1277 1720 767
1231 303 556
1166 64 222
1274 852 1056
1300 577 751
1495 323 71
1618 153 69
1337 455 359
1228 363 947
1254 328 414
1296 557 68
1275 247 71
1185 64 175
1242 108 83
1354 644 1056
1359 418 413
1168 518 1068
1236 63 144
1346 923 441
1109 709 1231
1549 94 69
1641 64 68
1240 349 480
1013 88 134
1305 929 544
1309 967 428
1171 488 1443
1363 78 71
1394 63 69
1211 782 1749
1282 624 402
1263 74 205
1752 68 74
1293 773 762
1694 64 68
1403 154 72
1168 517 637
1269 566 1471
1193 391 1065
1449 322 69
1214 82 203
1239 64 1309
1313 1001 1494
1302 601 1149
1294 386 457
1597 66 69
1240 382 480
1365 77 68
1464 65 70
1243 64 77
1452 128 68
1245 275 679
1204 112 104
1539 71 68
1116 63 90
1324 595 529
1280 85 70
1278 351 100
1276 568 543
1192 64 86
1754 75 68
1344 389 522
1754 89 68
1329 114 445
1236 1202 1413
1134 329 1160
1278 64 270
1382 594 1032
1339 579 984
1201 67 88
1680 222 70
1209 112 72
1252 212 668
1357 540 653
1055 722 1721
1269 554 1004
1577 74 132
1076 71 77
1754 157 95
1219 665 1032
1289 481 320
1358 64 94
1514 264 69
964 66 248
1180 315 830
1271 109 142
1462 57 102
1749 65 69
1235 308 602
1270 196 725
1248 116 94
1302 140 86
1288 429 410
1313 581 550
1371 62 164
1449 740 117
1189 172 1211
1175 496 698
1391 64 70
1285 780 716
1324 458 699
1160 619 1066
1353 516 536
1118 64 310
1254 762 1319
1127 65 128
1146 63 156
1254 1051 960
1271 94 124
1328 152 105
1374 85 595
1295 70 69
1356 437 795
1381 77 69
1051 111 105
1219 661 757
1280 72 75
1233 357 736
1422 191 68
1348 379 517
1340 68 189
1139 65 78
1164 1101 1440
1265 307 365
1106 73 1878
1203 395 578
1244 743 706
1252 63 113
1222 430 1902
1351 589 537
1298 72 105
1547 85 68
1453 1110 535
1349 136 337
1307 988 1337
1277 1300 808
1321 484 693
1399 902 567
1162 65 629
1282 347 1089
1544 62 68
1176 387 718
1320 88 68
1341 526 939
1256 382 662
1178 644 1603
1397 756 1324
1349 892 432
1150 69 307
1257 173 260
1262 900 1265
1157 63 143
1264 1934 1149
1247 572 661
1258 1701 1591
1606 76 67
1316 330 381
1287 428 234
1244 837 634
1256 1042 918
1004 63 107
1453 1488 79
1307 272 688
1200 280 976
1276 819 873
1171 191 343
1755 1896 68
1385 653 331
1215 71 71
1191 383 1139
1284 77 169
1253 64 155
1244 89 100
1558 130 71
1253 500 836
1249 426 383
1283 332 619
1335 381 422
1171 303 642
1285 649 511
1301 522 767
1327 907 763
1249 391 760
1415 67 71
1225 186 1346
1177 348 1274
1349 795 1035
1317 432 501
1172 71 70
1423 1642 176
1328 1330 709
1185 726 650
1169 73 179
1197 331 731
1382 769 921
1754 81 67
1182 468 885
1311 64 74
1342 228 596
1756 134 126
1372 63 68
1320 738 415
1314 577 1000
1147 564 1111
1241 553 828
1287 323 498
1203 581 759
1279 468 721
1368 566 695
1160 62 79
1159 565 913
1326 427 749
1509 94 67
1249 381 831
1234 82 168
1754 365 68
1242 86 69
1195 693 814
1138 644 1735
1318 72 75
1322 477 422
1253 664 970
1279 620 880
1165 523 1530
1463 76 69
1500 142 68
1441 63 67
1301 804 637
1060 66 304
1244 66 114
1756 99 82
1200 341 738
1388 160 67
1261 614 654
912 77 125
1273 376 823
1256 356 98
1201 338 1134
1041 551 1543
1407 291 67
1242 898 1241
1232 250 810
1252 462 1140
1360 377 560
1218 499 852
1318 396 832
1301 108 405
983 87 828
1339 327 88
1154 63 71
1137 87 1475
1192 69 221
1244 425 804
1228 429 480
1415 944 277
1257 330 625
1299 364 576
1225 436 825
1202 518 493
1753 78 70
1210 465 1163
1562 188 69
1252 67 116
1330 82 200
1406 1933 702
1104 64 124
1313 64 70
1179 374 1483
1103 66 131
1400 63 139
1214 95 81
999 85 167
1219 643 507
1479 185 68
1199 765 824
1191 494 616
1242 326 553
1425 200 70
909 118 177
1491 63 67
1344 67 75
1225 68 245
1078 124 113
1278 469 861
1237 504 827
1383 68 69
1261 500 217
1281 634 529
1656 402 67
1230 71 456
930 71 143
1285 460 72
1380 673 615
1318 87 354
1158 64 270
1753 237 90
1302 914 278
1153 641 817
1358 631 644
1277 758 1045
1252 367 700
1279 91 106
1422 63 233
1327 1038 778
1583 65 74
1283 609 196
1202 556 1462
1753 157 67
866 90 1932
1390 102 87
1182 70 151
1258 65 68
1153 257 757
1287 714 457
1301 364 552
1301 1058 904
1223 476 1346
1324 65 69
1358 170 70
1082 70 737
1422 1932 75
1749 64 68
1409 227 144
1259 229 80
1217 308 595
1317 375 563
1118 63 187
1218 160 566
1266 617 841
1256 71 654
1240 278 733
1378 413 690
1291 444 562
1522 221 73
1277 454 430
1395 67 748
1326 285 332
1177 66 70
1311 482 480
1201 205 700
951 63 181
1231 222 739
1245 187 475
1182 485 623
1118 616 1297
1208 561 376
1238 640 747
957 69 158
1291 397 576
1214 446 1787
1331 64 72
1171 352 569
1262 293 364
1282 65 136
1193 1260 1487
1273 335 825
1356 1001 502
1331 758 1043
1150 64 103
1469 62 71
1534 79 73
1425 769 68
1396 413 539
1337 77 1838
1222 715 855
1311 436 430
1263 369 594
1271 73 74
1588 153 67
1315 857 536
880 88 203
1211 435 677
1260 62 471
1227 578 568
1357 741 580
1194 1002 1031
1234 83 70
1237 71 147
1476 423 117
602 123 793
1135 293 1139
1388 66 71
1275 358 1341
1385 64 68
1387 82 124
1310 69 73
1297 65 87
1359 742 711
1464 83 78
1330 191 460
942 65 138
1217 626 753
1300 481 509
1469 171 68
1293 444 275
1270 646 670
1206 91 793
1133 760 1721
1174 527 1243
1753 143 62
1301 420 418
1313 428 428
1173 372 803
1256 566 1219
1372 63 81
1269 64 75
1302 226 548
1196 890 1131
1252 64 167
1291 1328 765
1210 65 320
875 69 389
1272 415 917
1423 68 72
952 65 1101
1331 650 597
1381 95 69
1191 70 96
1386 78 67
1279 1244 994
1320 161 69
1342 427 632
1008 68 246
1268 554 988
1179 281 862
491 158 400
1422 812 481
1413 80 69
1242 323 648
1281 341 926
1458 787 433
1254 960 674
1197 522 826
1286 451 659
938 103 164
1283 793 113
1304 963 467
1269 525 637
1285 314 614
883 92 245
1291 64 69
1260 614 841
1303 1237 604
1213 366 1195
1401 175 76
1479 1453 284
1326 700 809
1356 610 763
1266 673 1932
1330 220 810
1276 64 127
1409 116 70
1113 65 451
1290 405 400
1236 597 964
1217 657 986
1294 64 586
1423 69 71
1228 219 797
1387 209 224
1322 529 794
1413 66 67
1221 640 751
1467 1932 68
1123 64 99
1243 348 1226
1385 72 79
1263 65 167
1188 479 623
1263 351 495
1146 316 710
1375 786 263
1252 186 529
818 75 159
1214 76 121
1411 77 182
1168 84 271
1221 358 862
1351 792 1800
1277 784 794
1309 1078 69
1372 258 69
1165 94 89
1735 91 70
1042 98 127
1323 404 683
1391 73 67
1749 70 69
1245 68 85
1219 567 768
1138 528 870
1392 737 456
1220 389 460
1410 159 71
1462 107 75
1276 370 742
1324 1184 1147
1232 68 105
1261 64 110
1213 67 177
1283 1039 974
1257 289 604
1060 64 193
1358 497 769
1313 484 537
1419 216 75
1268 398 1011
1243 392 1242
1211 1308 947
1294 63 423
1302 470 1008
1288 385 532
1129 738 1241
1257 236 309
1266 311 683
1183 81 102
1327 426 793
1237 343 805
1354 278 554
1234 440 871
1076 105 77
1311 456 483
1686 64 68
1185 932 1083
1338 84 84
1215 363 831
1326 72 68
1599 1208 69
1245 118 90
1278 835 614
1235 68 120
1125 717 1853
1754 346 85
1417 66 69
1229 374 841
1265 752 145
1206 656 1749
1295 204 70
1634 174 68
1753 321 68
1358 63 70
1433 94 70
1418 88 77
967 90 133
1266 557 1259
1264 769 734
1346 383 672
1171 66 70
1692 63 70
1302 91 183
1207 62 75
1169 63 296
1530 106 79
1118 108 136
1336 88 69
1624 255 76
1356 98 313
1321 323 806
1248 916 809
1273 442 783
1198 443 893
1012 77 1932
1190 600 1095
987 79 506
1212 435 792
1227 732 706
1265 664 390
1269 111 1127
1328 453 1384
1181 436 1155
1260 484 600
1298 449 500
1366 473 511
1197 63 494
1350 438 336
1300 469 543
1412 120 75
1263 560 964
1271 666 1071
1230 66 69
1240 395 575
1241 380 1425
1333 65 83
1310 786 1931
1214 443 715
1370 87 71
1307 497 1476
1264 435 504
1243 380 791
1311 309 521
1228 470 452
1251 544 558
1227 502 848
1655 350 168
1189 358 905
1595 101 68
1304 616 730
1302 321 619
1358 137 72
1415 63 108
1121 114 1622
1274 71 149
1310 623 670
1109 75 764
1250 136 221
1243 451 866
1494 136 160
1252 630 1758
1326 65 70
1221 69 74
1289 358 371
1262 467 450
1302 485 1477
1212 1105 1156
1261 261 753
1240 1486 1234
1216 62 71
1245 147 850
1232 1407 627
1202 1050 229
1242 402 1041
1285 72 404
1129 79 100
1456 66 192
846 116 179
1375 799 122
1427 158 68
1238 377 798
1281 692 607
1351 540 841
1295 79 69
1079 742 1358
1328 38 617
1296 364 606
1326 662 671
1293 628 262
1204 252 444
1204 470 566
1226 401 768
1665 90 68
1481 81 70
1277 810 90
1273 497 829
1283 329 633
1253 64 69
1290 437 1126
1192 369 728
1317 66 89
1347 179 270
1319 100 88
1288 490 979
1283 797 1017
1300 424 349
1243 363 939
1399 90 144
1366 65 82
1303 893 974
1307 429 247
1522 81 67
1571 112 67
1092 82 205
1683 827 68
1496 64 93
1183 484 1771
1347 69 77
1283 347 275
1246 435 1000
1117 819 1162
1298 62 489
1271 63 68
1474 156 68
938 65 362
1257 197 85
1280 177 71
1454 63 92
1160 651 998
1226 502 875
1216 326 724
1142 67 128
1292 63 253
1229 227 1145
1715 1075 72
1273 63 218
1285 415 619
1549 63 110
1341 68 87
1368 66 78
1349 66 81
1364 83 100
1186 447 1567
1162 79 399
1254 1209 827
1353 270 751
1042 65 543
1221 552 737
1273 395 738
1352 505 677
882 99 308
1261 66 85
947 100 1434
1192 67 320
1191 66 121
1246 441 972
1254 67 78
1193 407 758
1211 63 78
1238 746 1084
1205 338 477
1224 1185 1287
1233 1338 528
1351 114 74
1276 636 884
1281 65 71
1221 622 960
1282 752 1003
1027 96 271
1269 491 871
1225 304 604
1311 64 265
1266 332 644
1189 762 1467
1127 176 1506
1280 66 82
1173 185 425
1502 831 81
1363 1089 545
1175 349 783
1205 1217 642
1246 63 96
1251 396 495
1336 879 1108
1007 63 381
1276 483 469
1295 578 665
1154 572 216
1272 337 693
1326 590 1172
1187 492 462
1266 551 551
1064 148 1932
1244 250 583
1391 63 67
1306 148 74
1355 70 85
1308 327 486
1755 71 68
1305 182 111
1757 66 67
1182 316 820
1319 566 874
1266 184 109
1350 129 755
1396 1239 490
1168 78 71
1118 65 143
1429 67 72
1346 351 448
1259 969 1364
1238 594 800
1306 454 881
1346 283 130
1269 359 1110
1298 479 430
1310 72 532
1279 617 758
1360 696 1219
1234 478 658
1281 243 600
1662 63 67
1188 213 1672
1386 63 108
1010 63 258
1298 263 89
1262 327 550
1312 491 964
1297 477 1246
1255 494 566
1411 99 68
1224 585 691
1101 66 407
1346 711 533
1227 520 801
1494 1008 76
1250 216 1724
1379 241 68
1279 826 1145
1322 64 698
1245 773 1925
1314 92 103
1357 394 350
1219 898 1050
1405 925 583
1252 514 620
1477 97 74
1138 413 1204
1658 68 68
1444 63 90
1158 447 874
1064 95 1537
1255 574 33
1147 100 89
1424 197 139
1685 404 70
1494 66 73
1192 412 1813
1415 745 568
1254 404 789
1289 437 542
1268 450 363
1279 364 911
1210 379 796
1346 1200 770
1586 77 97
1151 631 862
1379 593 542
1088 63 106
1336 1438 1917
1225 406 978
1449 63 140
1278 815 758
1506 198 67
1391 81 75
1267 828 576
1200 109 83
1090 70 96
1233 263 494
1187 812 1031
1083 62 284
988 69 1482
1170 69 71
1756 123 93
1305 730 1075
1630 77 68
1195 64 487
1344 514 752
1268 802 471
1383 175 80
1289 83 119
1302 477 543
1352 105 398
1238 407 736
1254 73 70
1340 69 159
1378 66 80
1306 312 455
1295 120 349
1416 62 67
1296 63 68
1328 357 1097
676 95 254
1489 105 68
1335 197 688
1124 65 79
1230 390 592
1196 179 701
1231 316 683
1320 654 946
1008 66 364
998 67 279
1305 75 155
1288 643 778
1154 494 1237
1007 80 1025
1209 65 803
1256 597 1881
1303 63 179
1306 177 412
1617 148 72
1373 489 593
1283 71 72
1273 274 373
1363 62 523
1269 787 539
1325 185 458
1236 356 1606
1373 1112 165
1180 127 190
1269 483 596
1260 86 293
1305 528 156
1035 73 199
855 79 894
1162 63 201
1133 65 92
1412 1314 138
1223 276 439
1086 115 1932
1313 712 1357
1300 876 1028
1748 77 69
1273 89 78
1121 77 763
1341 569 1166
437 128 839
1221 373 547
1605 84 80
1256 503 1375
1408 71 72
1248 952 939
1257 681 991
1372 530 113
1257 314 129
1261 344 428
1505 1932 344
1327 643 675
1364 998 1228
1396 447 393
1232 464 857
1256 464 647
1232 300 601
1255 246 101
1305 699 809
1125 73 199
1215 541 427
1270 590 1130
1263 496 609
1182 64 89
1305 432 550
1149 93 146
1756 341 68
1286 495 654
1152 64 126
1431 178 69
1214 469 602
1112 82 74
1225 631 1123
1246 87 74
1329 478 735
1143 732 1082
1346 1619 1468
1296 161 697
1333 65 73
1306 230 603
1319 393 1007
1460 92 79
1757 109 67
1256 408 912
1279 97 75
1352 63 70
1115 70 235
1282 591 250
1531 573 68
1402 63 82
1220 717 886
1092 123 943
1243 882 662
1111 63 92
1317 998 68
1360 85 80
929 66 500
1665 116 69
1204 468 500
1411 664 1294
1207 565 609
1284 306 640
1347 679 703
1626 65 68
1316 562 719
1268 1484 1764
1333 1932 822
1037 64 381
1226 1531 1374
1606 93 74
1313 770 1585
1249 140 813
1057 173 707
1314 74 92
1315 238 74
1144 455 1169
1757 671 68
1311 504 776
1293 64 281
985 64 1419
1534 65 70
1318 419 856
1125 94 366
1297 74 77
1189 81 219
1232 492 1128
1248 283 417
1270 875 580
1188 340 586
1269 68 172
1357 217 169
1756 101 92
1311 391 434
1122 89 82
1318 87 69
1233 552 1444
1199 144 283
1053 64 215
1417 1749 90
1450 71 85
1387 194 70
1214 939 1691
1371 664 579
1274 275 810
1685 63 68
920 65 183
1079 64 148
1263 315 315
1298 353 81
1235 557 725
1237 929 1022
1213 241 1069
1301 1134 987
1286 584 403
1243 359 415
931 64 233
1243 272 670
1334 1147 850
1354 560 481
1250 63 140
1141 1033 1051
1350 92 123
1313 71 1524
1180 499 243
1298 903 163
1229 671 815
1300 65 68
1276 203 534
1303 498 491
962 79 671
1703 403 49
1289 565 882
1163 305 1232
1567 108 68
1165 464 815
1029 76 100
1520 117 68
1013 143 142
1251 581 1590
1324 656 275
1271 86 138
1335 1156 1932
1321 617 1012
1343 159 458
1755 154 69
1283 480 691
1055 69 664
1035 68 304
1086 737 1466
1266 882 1744
1157 63 233
1334 1932 133
995 69 260
1175 199 232
1268 979 641
1310 63 70
1392 600 79
1249 434 862
1198 561 1050
1266 204 95
1151 101 1085
1344 1317 1390
1551 320 68
1232 69 251
1266 92 186
1349 209 166
1663 827 83
1278 426 659
1266 660 90
1249 64 164
1207 164 325
1253 63 68
1356 440 683
1360 64 69
982 72 295
1166 257 1432
1244 657 1230
1306 63 67
1047 68 1262
1326 115 69
1325 429 816
1361 63 93
1317 112 110
1302 307 677
1271 383 1037
1292 381 405
1379 64 77
1235 415 522
1289 334 572
1203 63 88
1104 810 958
1349 888 1399
974 79 317
1242 552 1071
1145 899 1699
1380 719 436
1322 1932 140
1359 484 119
1757 181 131
1217 462 529
1344 604 792
1293 311 1086
1297 424 516
1294 356 663
1243 427 495
1235 80 222
1335 129 382
1404 1932 107
1203 535 1932
1303 645 676
1107 77 90
1091 71 86
1151 549 894
1304 631 1038
1245 543 1101
1310 236 72
1335 513 395
1438 202 130
1236 392 1046
1233 63 93
1573 345 68
1305 284 531
1148 64 223
907 81 205
1182 64 82
1248 429 673
1529 664 110
1188 737 1395
1212 64 76
1252 415 877
1289 308 1112
1390 445 72
1521 780 231
1243 380 503
1256 730 497
1215 64 76
1295 172 595
1248 498 1517
1469 776 86
1105 65 98
1210 635 617
1250 393 822
1537 295 67
1360 63 73
1205 64 92
1135 64 399
1123 68 135
1238 704 624
1093 63 148
1290 856 1060
1356 507 233
1311 469 794
1250 136 367
1326 789 77
1353 198 73
1380 837 407
1411 63 130
1351 302 73
1758 70 80
1185 63 102
1755 124 79
1270 408 868
1278 297 315
1487 312 70
1321 730 994
1085 150 1932
1385 79 75
1082 67 1924
1278 342 526
1272 864 868
1314 67 185
1380 150 114
1154 64 107
1244 98 328
1275 413 873
1475 63 68
1327 746 1266
1269 673 1077
1206 294 505
1321 64 68
1302 987 722
1299 730 500
1747 706 78
1378 216 179
1304 287 507
1169 239 692
1195 420 911
1264 719 721
1271 551 936
1256 257 205
1203 72 78
1377 432 374
1232 339 74
1330 449 275
1189 63 1222
1200 351 1808
932 64 537
1715 69 69
1307 86 87
1151 513 834
1375 481 587
1292 359 714
1322 198 69
1174 65 260
1377 590 553
1264 458 427
1380 64 97
1101 70 574
1271 793 871
1265 455 919
1755 265 68
1296 298 457
1395 908 1116
1642 355 68
1303 163 72
1225 441 697
1282 63 234
1012 82 102
1337 1071 1210
1345 348 738
1284 532 1035
1369 518 497
1191 115 304
1433 621 238
1158 451 115
1203 568 1145
1424 107 70
1307 479 489
1324 73 68
1168 82 178
1379 620 283
1053 63 99
1459 87 68
1321 326 876
1256 110 266
1502 71 93
1149 63 86
1198 629 1412
1308 481 763
1512 120 68
1343 380 637
1631 214 97
1406 1933 872
1107 67 96
1369 1045 643
1283 102 170
1290 645 943
1310 483 538
1173 911 1269
1217 348 1075
1187 423 749
1048 71 766
1282 942 663
1168 63 144
1209 559 549
1304 215 447
1294 70 117
1328 104 68
1615 180 85
1336 62 69
1287 611 725
1315 393 642
1250 505 344
987 94 217
1331 759 786
1320 433 534
1297 515 819
1303 496 449
1327 810 285
1260 577 528
1653 65 68
1212 526 842
1498 70 69
1316 547 790
1196 846 659
1227 460 859
1379 71 107
1320 838 458
1206 364 508
1232 215 682
1302 356 677
1756 119 74
1570 1932 147
1439 139 71
1297 66 157
1146 832 1441
1303 66 183
1150 583 782
1314 408 1670
1758 167 68
1237 451 1274
1272 63 88
1226 328 839
1400 1366 255
1436 94 74
1251 115 323
1298 634 663
1372 73 142
1208 348 1465
1288 310 441
1279 65 69
1231 734 1482
1221 72 102
1234 190 71
1374 1555 343
1347 691 668
1357 308 401
1415 496 83
1341 307 436
1354 84 69
1325 501 501
1445 73 78
1443 83 79
1353 692 783
1310 64 69
1405 187 67
1259 409 668
1390 79 856
1331 536 610
1272 1053 991
1287 822 899
1265 284 251
1320 205 79
1210 503 590
1559 259 69
1145 63 95
1142 150 1303
1538 68 68
1180 663 622
1219 288 415
1215 379 1328
1754 232 68
1314 69 69
1366 95 68
1329 388 260
1585 410 68
1753 90 67
1180 1903 1882
1221 558 993
1370 869 497
1332 309 640
1256 562 862
1141 551 888
1269 65 92
1245 132 98
1185 381 576
1187 66 115
1288 468 924
1378 795 571
1360 307 208
1309 557 675
1690 65 67
1171 133 226
1222 522 614
1307 637 836
1276 635 909
1254 1191 823
1297 513 390
1168 64 254
1326 506 899
987 73 359
1754 68 68
1370 262 93
1337 78 91
1081 67 623
1303 107 79
1222 635 1449
1407 518 645
1295 665 419
1240 349 911
1225 69 173
1324 797 704
1317 476 447
1464 132 103
1227 491 608
1130 394 536
1036 68 195
1374 225 78
1171 528 1408
1252 1373 1776
1112 234 1685
1384 532 681
1224 225 1189
1374 95 75
1361 591 580
1222 140 123
1227 578 516
1304 529 522
1223 67 88
1271 63 296
1160 540 856
1240 62 645
1317 314 139
1306 298 451
1248 67 84
1494 135 105
1258 545 475
1361 63 68
1345 524 838
1326 76 322
1489 125 68
1668 223 68
1261 473 419
1348 91 69
1396 1197 1290
966 85 729
1321 1873 612
1336 863 1408
1298 431 434
1338 467 590
1326 379 923
1206 63 143
1633 63 151
1306 379 908
1570 62 68
1337 392 603
1757 68 67
1374 122 68
1259 291 370
1300 69 329
1140 67 169
1306 345 867
1281 275 1042
1252 441 912
1298 65 164
1188 382 590
1416 216 99
1375 67 104
1349 116 86
1264 323 641
1225 495 657
1326 298 68
1286 531 408
1634 73 68
1333 190 353
1145 572 1571
1224 363 834
1268 756 891
1196 407 691
1425 1064 102
1267 452 385
957 93 1230
1299 237 405
1232 137 143
1165 948 1216
1186 308 714
1172 528 824
1259 762 893
966 70 164
1220 580 606
1337 831 696
1316 65 265
1311 273 273
1189 154 1482
1335 124 300
1285 63 267
1313 596 558
1062 742 1388
1266 173 329
1318 89 77
1187 449 963
1357 655 113
1370 97 610
1314 708 1198
1023 65 205
1622 65 84
1251 726 618
1382 495 422
1343 63 67
1278 664 445
1101 63 349
1321 63 292
1253 875 1168
1256 438 617
1440 208 106
1229 253 1101
1186 324 771
1438 66 73
1219 293 820
1179 127 84
1523 855 318
1249 92 69
1313 460 970
1192 521 1462
1387 259 759
1412 264 72
1167 279 748
1425 69 68
1290 429 731
1420 123 67
1354 601 871
1257 1114 866
1205 89 83
802 135 192
1219 325 1499
1518 66 75
1293 544 1343
1253 395 650
1001 63 240
1238 387 585
1385 1102 945
1194 390 435
1243 300 572
1292 101 77
1175 1507 1508
1391 341 691
1205 739 939
1173 68 185
1254 692 867
1315 625 896
1331 64 67
1319 304 509
1268 643 267
1311 62 68
1237 91 337
1420 266 74
1207 407 984
1378 775 466
1643 113 79
1292 405 699
1578 210 75
1376 176 331
1174 489 944
1330 423 285
1398 710 744
1283 696 749
1114 65 174
1176 379 339
1251 526 415
1455 157 69
1220 667 787
1144 186 1884
1755 140 112
1310 626 502
1315 630 530
1188 1256 857
1327 66 134
1262 63 502
1273 372 824
1235 151 631
889 89 124
1185 255 538
1261 689 469
1206 857 1429
1034 67 120
1242 411 414
1553 67 73
1317 64 68
1259 520 1070
1391 919 1027
1235 64 71
1398 192 68
1293 442 493
1552 1667 95
1275 69 70
1136 66 121
1269 359 682
1361 429 898
1118 100 77
1272 435 702
1757 69 69
1263 63 75
1222 472 713
509 103 487
1479 63 72
1275 202 79
1755 103 68
1156 621 1574
1469 65 68
1310 63 1109
1367 650 842
968 1076 1801
1591 329 68
1315 66 90
1323 810 626
1304 73 132
1302 702 658
1286 606 764
1299 153 80
1141 73 248
1239 65 269
1226 453 1037
958 91 141
1213 487 1355
1367 983 646
1046 64 919
1309 396 784
1347 71 74
1307 127 333
1319 446 558
821 90 211
1222 64 137
1255 492 765
1223 349 612
1212 336 783
1270 828 908
1223 92 310
1756 177 125
1297 69 137
1428 1000 85
1322 374 565
1268 314 71
1137 194 164
1204 66 79
1271 923 447
1294 886 752
1355 983 541
1100 311 1046
1332 719 550
1294 919 1007
1151 479 1240
1468 676 127
1291 224 174
1202 446 449
1157 694 1251
1342 383 423
1183 590 975
1291 538 723
1309 64 543
1415 917 289
1134 143 1933
1094 750 1458
1333 818 802
1084 70 81
1310 333 627
1308 595 552
1237 63 831
1179 99 312
1279 1105 888
1313 287 461
1353 126 331
1311 652 474
1459 513 69
1210 581 1311
1189 515 962
1290 581 839
1208 383 916
1384 352 68
1307 95 68
1252 464 897
1311 352 697
1215 387 1635
1403 69 167
1734 63 68
1209 457 1333
1246 593 825
1207 63 70
1292 863 750
1176 64 516
1237 63 150
1304 505 747
1493 63 79
1243 549 864
1246 457 730
1249 64 303
1215 613 1068
1211 357 814
1270 772 714
1419 145 157
1228 348 784
1419 62 68
1317 360 528
1165 63 215
1140 1477 1316
1310 867 769
1160 487 760
1251 173 159
1320 1146 935
1432 194 67
1272 168 195
1081 67 379
1356 165 68
1244 768 1196
1476 62 100
1174 696 1021
1244 295 611
1259 1692 1882
1306 426 699
1236 443 505
1216 481 833
1471 780 68
1328 242 448
1296 650 368
1300 86 289
1264 473 993
1279 75 178
1431 825 100
1258 407 887
1287 725 658
1075 76 1084
1138 64 253
1341 128 92
1301 435 632
1229 688 434
1405 299 70
1147 1492 812
1211 525 819
1262 739 788
1353 132 461
1752 117 68
1387 755 705
1544 248 81
1526 146 69
1756 1578 69
1426 69 68
1370 65 182
1173 500 1010
1170 499 1078
1240 64 164
1274 342 966
1272 468 332
1248 70 69
1363 146 167
838 66 509
1284 185 135
885 87 223
1721 156 67
1254 451 958
1596 62 67
1095 64 195
1464 155 68
1261 779 602
1284 238 534
1348 534 480
EOM 100047 147047 2187 0 0 0 0 0 0 0 0 0
1233 697 837
1396 442 472
1300 708 1089
1114 530 1053
1194 65 411
1204 447 638
1374 104 69
1044 66 1932
1196 64 173
1294 627 904
1237 579 1504
1453 400 69
1369 707 430
1242 71 572
1197 584 985
1328 855 899
1307 523 659
1351 785 435
1400 69 75
1154 604 1140
1332 73 71
1239 805 1019
1374 120 72
1043 64 630
1360 65 68
1330 613 547
1159 174 1188
1293 643 618
1247 1029 841
1086 193 1283
1397 1247 1895
1197 1541 1632
1234 448 710
1339 65 195
1284 158 85
1331 576 1745
1387 67 70
1372 64 68
1312 384 645
1338 63 69
1289 921 1079
1224 89 125
1703 1749 70
1160 63 116
1248 119 203
1280 413 374
1219 1070 988
1124 765 956
1181 63 853
1349 894 832
1754 1063 133
1244 434 415
1190 486 1271
1335 83 70
1249 711 1394
1216 448 622
1282 113 765
1363 255 386
1404 205 69
1497 70 68
1219 175 121
1228 67 521
1291 612 520
1282 710 723
1758 113 68
1100 178 1931
1361 747 625
1136 90 81
883 70 1913
1225 95 68
1245 478 115
1337 108 101
1236 354 555
1293 435 1776
1245 442 638
1365 650 1469
1441 63 86
1259 117 104
1259 438 824
1001 71 152
1753 66 67
1254 63 93
934 81 360
1256 434 799
1343 937 1647
1264 466 500
1375 1154 451
1217 67 85
1756 120 70
1220 89 126
1321 530 310
1231 977 1169
1281 1066 1350
1267 542 1452
1256 75 942
1351 629 645
1288 88 308
1294 514 352
1200 68 746
1307 73 82
1314 795 858
1223 374 992
1468 170 82
1265 207 636
1275 711 1001
1211 473 602
1290 119 71
1404 401 72
1336 243 1813
842 97 170
1569 251 90
1320 734 300
1748 110 68
1214 394 873
1036 63 266
1326 511 766
1757 87 68
1254 424 940
1441 1932 281
1352 246 146
1243 621 879
1755 236 67
1226 540 687
1085 63 195
1265 754 862
1228 569 827
1192 518 777
1234 820 601
1243 768 765
1055 980 1006
1274 289 779
1374 212 68
1275 1776 643
1230 81 181
1146 1535 1159
1325 244 91
1191 328 745
1243 564 1252
1267 520 1074
1161 244 936
852 1341 1884
1295 386 691
1281 923 116
1152 989 1548
1375 67 80
1259 66 68
1213 713 948
1320 108 132
1553 1932 496
1345 288 70
1103 64 518
1249 473 1089
1369 441 650
1246 540 451
1248 575 593
843 66 285
1264 150 349
1027 583 1933
1211 574 981
1043 74 147
1280 320 1078
1346 69 130
1269 78 76
1311 852 603
1201 1641 237
1756 176 67
1533 78 79
1043 143 1915
1056 64 100
1416 730 359
1391 601 69
1282 127 140
1111 65 85
1323 254 71
1186 526 747
1448 66 68
1181 418 799
1329 63 68
1196 391 502
1246 110 74
1141 572 1930
1070 107 101
1184 506 615
1205 1649 1666
1136 610 1188
1280 871 809
1128 370 1139
1147 739 1329
1221 366 674
1329 529 1015
1127 67 494
1253 706 1096
1062 218 830
1422 67 68
1234 299 1343
1544 177 71
1244 96 241
1296 513 566
1349 447 113
1316 661 506
1109 74 208
1390 197 139
1554 120 68
1118 90 231
1249 67 595
1264 509 1131
1127 376 711
1240 531 507
1273 80 72
1127 85 204
1181 503 857
1210 64 399
1325 682 798
1367 660 549
1269 774 1423
1309 385 1096
1281 544 826
1336 293 444
1757 149 111
1326 106 150
1269 342 935
1298 64 595
796 80 198
1241 282 794
1267 822 530
1342 515 482
1055 92 150
1260 464 529
1290 117 100
1310 431 571
1316 405 469
1241 568 910
1755 63 66
1256 173 71
1321 483 436
1313 90 98
1296 74 433
1286 1932 1913
1368 439 470
1392 304 155
1563 289 68
1374 232 157
1274 859 957
1296 128 108
1345 732 984
1314 572 612
925 87 133
1304 508 794
1263 308 502
1183 310 1869
1203 69 211
1144 185 1932
1251 295 689
1301 549 697
1184 679 376
1457 1932 835
1186 172 957
1313 133 413
1252 154 69
1667 136 69
1195 355 172
1249 121 284
1276 64 148
1276 463 650
1269 405 963
1247 510 1305
1210 70 966
1151 1449 1869
1349 250 593
1284 72 158
1321 349 810
1220 622 1134
1221 78 211
1246 86 184
1329 176 119
1741 94 69
1473 70 68
1222 63 121
1552 202 79
1385 580 299
1403 905 1135
1167 64 856
1370 660 852
1153 70 345
1154 696 1175
1190 63 316
1407 66 70
1351 109 68
1248 637 618
1224 463 928
1237 724 534
1232 278 493
1323 324 551
1361 349 649
1149 590 687
1260 821 1388
1287 97 160
1350 545 779
1214 113 258
1314 664 812
1287 414 693
1514 1903 1659
1113 1932 1932
1259 593 1085
1283 263 617
1430 135 179
1384 65 132
1061 1069 1346
1233 151 1171
1318 1008 510
1265 676 1241
1174 469 1111
1168 69 84
1376 537 827
1112 81 73
1193 550 1397
1193 344 855
1163 605 1038
1249 64 201
1291 89 119
1296 327 716
1167 405 921
1289 403 561
1238 234 493
1144 88 397
1155 556 1328
1283 752 1067
1262 814 965
1208 66 68
1266 534 1877
1097 417 1202
1292 537 405
1415 65 71
1499 64 67
1236 310 399
1228 82 86
1382 1933 542
1119 149 1932
1163 63 285
1304 906 853
1273 954 672
1302 66 68
1498 71 82
1195 823 914
1345 313 432
1298 1357 1260
1116 86 156
1188 357 1928
736 95 933
1159 427 892
1221 207 1724
1211 676 197
1323 360 216
1050 155 609
1212 458 1273
1315 303 547
1027 79 165
1510 69 68
1308 481 1125
1312 275 631
1191 1499 1688
1255 544 674
1201 345 427
1131 437 558
1339 311 546
1314 63 73
1272 433 737
1389 73 69
1120 62 206
1328 352 799
1327 71 69
1239 163 807
1521 74 68
1256 661 583
1420 66 71
1040 69 209
1209 66 92
1315 497 641
1367 128 286
1308 96 298
1214 352 488
1224 95 1061
1755 232 89
1186 400 830
1078 89 106
1131 296 1490
1315 565 659
926 94 362
1337 330 632
1411 738 513
990 65 379
1360 137 68
1364 217 222
1308 325 326
1108 65 571
1298 426 470
1289 432 1044
1228 515 1501
1217 640 796
1264 257 539
1449 644 119
1224 329 438
1244 352 784
1356 232 75
1314 908 789
1226 315 794
1477 98 141
1156 589 855
1272 397 1119
1605 63 68
1206 480 1152
1203 879 1377
1359 588 452
1258 420 901
1271 377 388
1282 161 90
1252 734 962
1210 567 706
1754 64 67
1296 70 362
1286 539 700
1592 79 69
1266 80 191
1244 66 263
1288 63 1371
1238 183 200
1207 249 698
1165 352 1932
1211 68 164
1251 388 671
1289 522 919
1263 197 858
1751 64 68
1754 86 79
1264 830 1915
1161 607 658
1209 63 69
1179 62 654
1511 118 83
1233 417 626
1216 97 104
1287 532 497
1223 381 646
1194 632 750
1171 477 458
1128 154 514
1199 63 93
1360 63 68
1158 1049 1034
1123 128 199
1321 558 639
1187 505 691
1281 1724 1219
1133 521 1767
1247 189 450
1404 64 68
1157 331 1126
1248 1035 1311
1749 63 69
1286 280 423
1756 197 135
1490 467 113
1757 181 67
1321 670 994
1727 1932 79
1275 68 80
1249 492 941
1367 161 78
1230 533 695
1198 472 989
1583 264 69
1324 64 228
1288 833 1326
1558 66 71
1165 64 79
1243 334 563
1288 445 325
1335 74 68
1595 63 73
1196 501 652
1080 63 122
1222 315 587
1737 72 72
1301 1933 1131
1271 387 700
1327 64 259
1589 104 93
1359 144 68
1267 63 116
1174 798 1251
1734 64 67
1397 482 487
1289 643 600
1261 80 81
1410 978 1183
1332 195 221
1757 134 68
1382 104 67
1543 72 113
1205 494 868
1752 94 68
1426 64 110
1277 492 945
1094 131 1779
1145 147 1698
1164 64 193
1295 70 72
1756 132 67
1199 84 472
1217 75 95
1498 64 68
1159 83 227
1238 64 360
1366 453 955
1371 63 68
1384 65 70
1357 206 126
1510 204 67
1241 584 1103
1270 89 184
1064 73 88
1256 378 647
1245 74 71
547 88 437
1386 1174 819
1292 530 522
1396 1363 82
1488 138 69
1232 969 1607
1350 81 67
1432 276 68
846 118 410
1285 63 68
1168 746 1591
1191 66 379
1464 70 76
1659 163 76
1270 816 773
1265 220 716
1210 302 856
1348 115 79
1220 557 668
1237 116 73
1610 137 68
1162 67 614
1444 655 795
1366 209 103
1271 67 71
1355 141 242
1290 276 747
1032 120 124
1380 169 253
1033 230 1362
1362 1062 1912
1239 626 803
1190 63 386
1170 823 1177
1133 1421 1592
1361 710 615
1311 516 717
1231 577 801
1370 138 294
1117 353 1404
1264 249 961
1274 580 886
1277 68 241
1266 299 933
1309 264 372
1269 349 713
1313 822 557
1195 106 1887
1197 414 668
1204 65 76
1757 85 68
1223 813 747
1311 695 1078
1039 67 94
1578 226 68
1398 275 94
1131 368 548
1277 1185 704
1362 1020 71
1027 83 169
1218 63 120
1270 417 716
1260 65 106
1316 181 90
1207 65 152
1242 67 77
1226 636 289
1309 458 119
1351 650 1585
1061 64 128
1370 62 68
1245 63 930
1240 1076 1188
1613 103 67
1282 500 953
1300 527 1179
1385 412 820
1255 1138 494
1298 379 701
1145 384 766
1230 1742 103
1256 338 551
1223 576 1373
1231 632 630
1181 563 613
1184 542 737
1260 64 367
1228 276 894
1310 79 128
1480 112 71
1185 866 1613
1323 71 162
1158 783 1829
1232 586 727
1192 6 860
1132 518 1341
1282 318 750
1252 537 833
1215 415 638
1215 585 739
1162 69 127
1326 65 68
1344 595 963
1283 353 766
1496 160 68
1355 215 603
1140 483 1821
1289 433 571
1324 481 1115
1375 62 241
1327 924 1038
1079 80 176
1262 63 84
1381 64 75
1207 428 1309
1212 1933 1933
1218 1160 1113
1265 385 863
1306 116 92
1329 709 353
1252 682 970
1391 81 73
1170 499 744
1399 726 556
1453 111 69
1289 357 744
1160 63 71
1290 93 68
1208 155 1486
1757 68 68
1294 643 1022
1149 308 1196
1341 330 129
1417 434 527
1331 488 842
1247 66 240
1220 68 78
1135 64 144
1372 603 370
1517 124 71
1036 65 282
1160 758 1001
1296 677 840
1223 520 1429
1644 590 69
1711 193 73
1318 63 67
1275 790 852
1381 569 928
1366 625 759
1249 719 1136
1302 781 534
1194 486 894
1315 609 416
1275 596 632
1754 100 68
1166 489 771
1240 94 921
1452 380 87
1381 66 128
1292 66 107
1273 703 621
1358 756 698
1208 92 71
947 73 133
1114 410 1539
1328 78 229
1247 346 735
1280 214 757
1285 1077 695
1318 65 111
1405 63 120
1098 477 1052
1063 63 279
1059 71 194
1310 359 419
1296 91 947
1358 284 511
1240 495 1079
1757 158 37
1274 510 591
1427 72 71
1298 948 1927
1353 588 286
1224 245 580
1126 63 568
1230 806 1009
1258 691 713
1216 493 713
1239 350 899
1346 374 573
1466 141 68
1316 371 1002
1299 452 954
1362 1881 374
1358 539 949
1032 86 273
1232 566 579
1754 158 81
1550 74 71
1216 74 72
1367 232 68
1427 93 70
1238 362 619
1264 564 799
1323 507 652
1259 501 863
1208 832 1642
1221 387 679
1351 600 944
1279 546 1379
1317 84 76
1757 397 79
1364 835 686
1754 198 134
1137 802 1825
1172 1075 1677
1133 105 1876
1363 515 342
1183 63 123
1356 75 81
1305 178 92
1257 408 778
1246 467 881
1280 389 467
1107 68 105
1414 282 498
1273 399 757
1292 593 715
1463 1932 1873
1635 874 213
1755 115 67
1301 1552 1042
828 117 279
1278 357 584
1086 66 105
1189 86 70
1299 1309 1008
1336 64 68
1299 644 729
1200 65 361
1201 296 600
1298 72 319
1389 66 76
1330 63 201
1343 165 398
1204 410 572
1300 578 1007
1400 75 131
1375 66 68
1654 163 67
1161 71 213
1340 415 495
1377 765 447
1291 198 126
1347 83 73
1350 84 68
1295 813 85
1702 1912 70
1184 588 1563
1164 320 1100
1202 852 490
1044 65 126
1757 82 124
1295 472 243
1211 87 79
1354 535 591
1328 1655 1254
1201 99 240
1305 70 129
1296 452 730
1750 65 68
1654 65 67
1204 841 1027
1324 446 538
1294 64 196
1317 63 299
1254 79 74
1248 535 727
1753 75 68
1376 828 947
1749 104 67
1193 315 674
1335 411 321
1590 243 69
1311 371 884
1143 86 1412
857 104 310
1295 465 653
1715 70 69
1103 90 131
1216 612 765
1592 97 73
1272 385 860
1195 66 75
1282 607 1041
1344 130 69
1346 84 68
1148 598 1295
1435 102 98
1712 481 727
1296 488 610
1384 456 740
1305 661 583
1172 384 833
1284 439 773
1282 606 344
1223 652 884
1357 63 68
1313 539 754
1263 531 1044
1124 99 398
1309 606 931
1119 88 79
1184 67 825
1201 464 1781
1304 118 72
1411 888 503
1191 62 90
1306 65 161
1243 1033 830
1463 224 81
1158 701 1220
1507 207 69
1500 71 70
1295 275 704
1300 369 929
1125 362 877
1244 533 1646
1177 64 72
1398 120 75
1378 491 673
1252 278 571
1388 66 73
1286 408 661
1219 355 580
1261 387 1006
1192 291 1084
1542 77 68
1330 683 898
1294 287 74
1385 416 659
1221 704 1079
1321 524 919
1279 63 81
1184 363 480
1210 94 282
1690 455 68
680 139 234
1252 73 125
1375 135 165
1224 101 591
1406 423 616
1104 79 1932
1243 753 544
1029 69 687
1217 749 807
1479 1932 71
1314 64 150
1381 67 68
1339 623 597
1249 1265 1626
1004 65 764
1222 63 72
1356 1025 435
1345 382 946
1276 131 349
1228 500 945
1318 81 92
1628 61 90
1273 171 96
1273 79 536
1254 454 255
1415 268 76
1310 569 504
1222 519 901
1151 1334 1427
1408 124 187
1718 74 68
1363 125 131
868 76 169
1202 65 68
1278 63 212
1245 498 511
917 80 149
1393 765 174
1234 76 76
1137 67 667
1336 64 79
1226 480 777
1370 598 428
1407 1932 470
1292 344 735
1172 626 1004
1064 859 1695
1378 64 67
1501 548 99
1755 217 67
1105 79 130
1417 1107 675
1314 484 974
1258 270 636
1248 338 636
1303 768 688
1190 450 1303
1118 737 1932
583 124 316
1149 63 129
1472 361 67
1141 458 458
1335 847 226
1291 710 772
1168 63 75
1376 1007 1606
1223 462 370
1497 65 80
1118 367 756
1731 85 68
1341 538 355
1511 652 68
1222 663 935
1397 63 68
1304 66 70
1317 1001 828
1269 704 505
1251 989 1071
1354 169 164
1277 375 1036
1296 628 1166
1193 705 901
1327 89 119
1423 198 98
1304 225 653
1365 502 420
1182 673 962
1240 584 759
1290 604 590
1357 105 74
1626 658 67
1380 928 1039
1525 63 68
1447 788 924
1398 358 257
1177 505 1153
1746 685 68
1147 372 920
1130 69 75
1205 65 74
1330 608 511
1210 436 848
1070 65 86
1185 90 197
1383 349 469
1325 801 1152
1257 1055 648
1223 502 5
1226 475 751
1231 72 212
1287 208 87
1251 392 493
1302 398 507
1213 97 122
1239 443 1131
1239 331 1301
1267 696 614
1364 102 209
1293 306 664
1561 402 163
1353 432 625
1203 971 1212
1298 222 129
1466 64 70
1330 415 760
1367 644 735
1184 63 76
1175 770 718
1228 409 755
1368 70 68
1139 67 114
1386 861 474
1344 479 519
1643 68 76
1215 65 286
1255 409 1149
1387 87 123
1272 1472 778
1372 68 68
1298 908 966
918 261 1932
1197 77 273
1266 748 1180
1297 72 68
1404 77 80
1260 407 698
1139 60 146
1275 550 828
1296 263 513
1163 538 786
1476 65 69
1365 73 68
1519 273 172
1241 80 173
1532 198 68
886 97 217
1151 64 73
1319 64 69
1318 392 827
1120 102 1819
1572 1278 69
1363 130 68
1299 153 171
1295 282 374
1212 343 724
1366 588 757
1564 156 97
1462 1137 161
1253 125 222
1756 99 71
1340 393 960
1334 356 89
1252 468 783
1471 78 68
1185 144 1917
1277 697 735
1261 391 734
1358 596 712
1286 155 74
1302 64 159
1353 205 160
1253 465 444
1161 370 1138
1339 124 115
1241 63 196
1215 633 829
1218 393 928
1231 449 594
1307 539 1079
1355 351 500
900 91 144
1219 811 775
1305 581 848
1223 477 792
1226 567 750
1297 418 138
1370 867 373
1230 312 899
1284 311 660
1179 484 1224
1270 343 603
1293 320 639
1431 67 84
1286 65 75
1155 70 74
1589 72 121
1284 461 638
1271 68 122
1549 629 106
1367 481 602
1234 901 554
1208 469 962
869 96 255
1186 238 394
1349 62 98
1250 743 794
1159 905 1007
1213 363 561
1316 355 329
1422 166 96
1253 332 450
1203 957 1025
1072 63 156
1320 461 715
1094 86 367
1238 812 1714
1349 535 936
1283 216 109
1244 725 617
1310 720 398
1166 496 1198
1181 606 1433
1258 1113 843
1215 65 208
1108 65 75
1253 847 737
1249 68 1444
1112 318 1224
1392 512 630
1257 564 872
1246 312 679
1213 717 974
1334 115 101
1193 455 815
1286 538 644
1307 344 736
1163 799 1120
1363 89 68
1416 61 71
1110 621 876
1226 4095 1046
1228 152 829
1292 590 903
1509 63 115
1295 758 477
1312 358 316
1324 907 616
1376 522 193
1187 436 527
1276 64 83
1194 101 1809
1188 391 1514
1550 64 67
1225 514 1301
1273 1017 1564
1198 120 648
1614 93 68
1319 630 1140
1460 131 69
1266 159 512
1235 72 493
1318 756 729
1214 709 1445
1332 1054 902
1290 189 147
1130 261 1825
1167 455 365
1255 722 1404
1338 536 546
1273 595 488
1319 615 166
1274 728 746
1534 81 78
1434 122 68
1089 94 1932
1349 85 77
1394 695 1094
1362 1692 1252
1360 288 481
1483 83 101
1239 723 71
997 68 464
1193 210 702
1194 90 149
1268 1245 774
1265 1119 441
1252 317 1185
1240 338 908
1223 421 680
1204 449 782
1254 411 960
1692 63 68
1329 669 438
1402 475 690
1300 484 625
1460 1933 543
1254 68 259
1164 87 155
1190 890 31
1163 63 237
1507 65 68
1227 411 902
1320 431 816
1304 388 916
1050 76 251
1605 388 86
1367 304 617
1284 569 584
1062 78 99
1299 296 316
1395 61 1803
1371 1017 1820
1322 321 431
1195 220 512
1274 329 1033
1251 324 1187
1166 248 673
1694 141 68
1275 72 220
1303 693 623
1234 406 937
1234 69 111
1252 234 804
1379 282 191
1186 429 1392
1358 69 94
1313 420 596
1200 1126 1203
1309 450 359
1367 232 234
1233 621 538
1237 64 101
1095 66 198
1195 129 1055
1308 478 724
1228 406 350
1237 371 469
1255 492 609
1286 423 588
1351 88 68
1252 514 299
1281 509 359
1324 320 541
1285 353 681
1193 519 991
1390 91 69
1296 285 750
1375 64 71
1278 340 754
1190 433 759
1303 627 656
1093 756 1404
1282 263 780
1254 694 563
951 77 143
1161 947 1114
1573 86 69
1151 63 159
1354 142 148
1261 519 448
1449 958 72
1524 118 142
1106 345 1051
1235 1000 804
1268 339 650
1249 743 787
1243 356 912
1272 685 1246
1451 1821 68
1240 664 563
1280 357 540
1313 71 116
1095 69 76
1303 90 71
1297 887 528
1320 75 197
1290 430 674
1290 449 678
1261 677 812
1280 371 419
1200 66 84
1073 66 1187
1175 218 750
1331 392 287
1288 865 446
1157 82 118
1191 524 977
1431 269 73
1195 66 95
1250 498 475
1124 291 937
1295 1099 189
1190 442 1758
1315 364 1045
1259 353 520
1014 64 701
1226 857 1267
837 72 179
1754 1030 67
1300 1114 1026
1268 663 822
1353 519 222
1223 63 110
1216 65 115
1317 430 626
1232 679 1408
1272 577 1476
1252 119 69
1330 90 277
1449 85 92
1757 156 87
1245 563 453
1072 64 894
1227 600 787
1751 536 66
1283 618 397
1267 354 499
1279 475 585
1678 64 70
1391 1072 442
1121 146 1356
1156 206 808
1512 302 68
1299 697 529
1174 500 637
1389 64 93
1352 695 732
1212 486 1486
1447 98 68
1253 546 626
1243 92 1892
1313 445 715
1244 69 466
1309 1421 1476
1233 443 929
1316 62 66
1179 202 1284
1212 64 839
1072 704 1389
1204 683 826
1240 67 92
1258 370 361
1233 595 603
1293 284 718
1178 64 894
1585 92 68
1365 873 648
1231 642 747
1233 64 266
1341 472 732
1227 568 858
1273 404 659
1235 63 68
1294 384 652
1381 1387 107
1292 1935 1292
1159 363 1888
1249 1118 1672
1283 807 375
1319 427 658
1196 639 954
1392 76 141
1657 87 81
1389 84 72
1305 549 1090
1247 96 70
1285 63 239
1304 108 157
1316 1530 1934
1316 763 935
1213 132 672
1298 539 550
1472 147 128
1113 219 1128
1172 63 89
1275 401 601
1344 70 69
1143 571 1646
1207 534 995
1369 97 69
1088 177 1320
1288 460 987
1286 76 89
1051 72 1756
958 66 192
1047 120 1919
1754 215 73
1291 170 104
1344 512 868
1297 557 1039
1278 626 622
1309 307 584
1181 1458 736
1088 66 245
1302 130 69
1180 65 392
1330 226 83
1373 554 603
1320 223 68
1211 66 187
1346 567 535
983 79 187
1190 249 1028
1299 424 539
1191 408 716
1270 359 590
1338 64 70
1455 1124 659
1284 258 654
1211 595 847
1224 526 587
1313 1239 903
1315 148 70
1268 1386 760
970 89 285
1239 390 528
1291 376 689
1365 827 1186
1140 597 512
1191 65 395
1295 540 587
1263 485 766
1230 568 1161
1371 141 209
1182 66 222
1318 99 100
1600 512 133
1498 77 79
1334 1494 1326
1222 504 739
1304 229 300
1347 89 82
1313 115 82
1161 121 884
1350 94 69
1342 65 71
1349 683 1002
1356 63 85
1162 80 78
1354 251 114
1244 125 223
1466 101 119
1296 168 86
1219 425 362
1442 67 72
1753 167 96
1172 63 345
1286 1431 836
1293 233 440
1199 431 835
1355 63 72
1137 780 1463
1180 454 1173
1221 962 1086
1297 64 109
1284 100 231
1295 659 67
1327 178 455
1748 407 68
1257 596 433
1222 66 70
1247 54 1201
1366 272 821
1307 94 95
1370 120 70
899 107 175
1373 326 607
1356 354 347
1360 736 395
1187 106 95
1344 428 631
1306 205 76
1416 132 82
1300 65 71
1468 1587 554
1306 1078 672
1233 398 1033
1063 88 140
1176 64 251
1296 63 220
1214 958 883
1309 537 612
1247 623 555
1285 420 1168
1183 398 739
1172 591 1120
1200 354 578
1276 320 561
1209 407 577
1261 238 479
1360 295 536
1462 89 68
1098 92 305
1331 1727 780
1754 121 71
1223 504 1591
1267 1360 1028
1278 409 519
1356 1503 294
1155 78 364
1300 412 743
1112 67 102
1441 147 81
1210 208 1915
1317 232 190
1185 63 208
971 86 340
1755 79 68
1258 76 176
1233 862 1248
1360 514 703
1293 386 767
1300 361 485
1296 671 319
1397 726 270
1280 612 1224
1275 394 498
1262 428 788
1340 563 577
1195 356 1480
1228 727 573
1087 114 350
1296 194 907
1250 658 573
1254 308 454
1222 64 99
1170 611 994
925 68 114
1336 381 483
1355 117 70
1148 663 929
1277 319 937
1283 370 662
1399 1010 164
1214 486 830
1511 93 68
1201 831 657
1389 675 506
1306 74 100
1479 77 69
1442 63 113
1212 591 853
1378 772 752
1361 75 71
1194 345 683
1375 936 880
1750 139 70
1288 441 703
1301 508 1749
1608 164 68
1307 686 718
1321 549 466
1243 542 717
1245 181 132
1700 508 1595
1751 71 119
1245 449 1608
1290 447 689
1292 170 149
1325 433 372
1276 585 673
1144 770 1429
990 113 1442
1215 1024 1731
1189 74 649
1524 213 80
1239 281 630
1106 75 471
1254 63 160
1255 330 956
1376 488 807
1277 638 744
1162 413 1089
1299 86 70
1251 379 658
1184 821 1608
1306 297 911
1221 447 712
1196 125 492
1204 563 785
1304 681 596
1245 64 91
1719 199 67
1365 616 729
1151 639 721
1136 62 77
1369 396 286
1283 473 667
1253 652 770
1249 332 422
1282 486 469
879 85 205
1324 73 78
1268 63 76
1750 67 69
1224 507 895
1336 299 552
1303 181 76
1340 620 348
1279 129 147
1234 240 367
1197 1218 929
1316 682 1248
1258 509 802
1167 117 1073
1271 75 89
1203 306 537
1058 64 305
1312 664 793
1592 281 67
1194 463 992
1419 214 260
1452 67 68
1299 63 69
1302 343 503
1372 380 367
1747 329 70
1317 100 99
932 76 210
1430 225 92
1232 158 118
1285 297 121
1427 162 68
1309 483 481
1369 567 549
1192 326 567
1300 962 369
1753 200 145
1254 64 122
1147 458 1443
991 69 301
1241 801 1759
1120 766 1150
1084 71 178
1251 63 142
1468 808 108
1755 158 68
1236 504 844
1322 730 765
1147 67 113
974 63 135
1263 463 826
1319 273 218
1463 378 73
1211 327 890
1355 172 68
1269 380 363
1299 256 858
1234 904 738
1313 80 69
1528 253 70
1300 699 869
1162 484 692
1190 64 98
1273 859 931
1256 274 90
1295 816 236
1149 882 1932
1282 62 126
1423 131 72
1286 661 708
1305 134 71
1754 542 72
1417 85 68
1149 82 293
1269 73 481
1481 81 68
1297 176 354
1262 349 715
1303 447 531
1211 395 1326
1241 605 757
1232 964 1853
1267 499 711
1085 26 123
1513 105 68
1360 335 640
1250 487 556
1240 78 72
1335 476 858
1217 397 593
1166 631 830
1428 203 192
1663 221 84
1312 362 424
1258 675 761
1393 66 71
1474 285 71
1330 344 587
1390 63 129
1304 287 596
1419 477 74
1340 338 444
1140 83 173
1381 348 517
1753 68 70
1394 694 103
1436 67 68
1453 114 68
1641 111 72
1462 532 621
1258 84 179
1352 229 226
1314 192 416
1154 1171 1196
1365 728 693
1245 86 531
1204 709 1314
1142 122 102
1327 69 68
1280 79 79
1389 123 94
1230 616 715
1137 66 400
1312 1394 1617
1388 116 74
1264 592 1185
1748 83 68
1340 517 383
1387 554 864
1300 65 71
1345 1286 477
1131 671 1220
1403 64 1704
1230 401 828
809 66 432
1270 67 78
1173 1036 844
1320 133 290
1249 491 682
1246 600 382
1183 236 1211
1169 119 1033
1185 647 760
1214 810 1288
1595 1174 69
845 77 160
1101 63 161
1282 571 485
1301 699 935
1238 1933 1493
1249 737 438
1177 1233 1211
1231 89 126
1210 227 721
1296 255 73
1362 935 218
1316 623 123
1279 68 112
1090 67 88
1329 113 680
1244 809 1014
1220 589 911
1425 781 348
1258 625 720
1752 217 68
1563 134 162
1619 217 74
1342 897 677
1232 414 598
1326 254 609
1148 391 1374
1307 142 589
1230 521 1744
1756 95 67
1302 981 1171
1072 72 109
1255 63 243
1222 548 994
1449 77 68
984 91 340
1408 1278 317
1308 1083 1033
1417 705 904
1298 224 89
1570 64 136
1320 1277 544
1223 1668 507
1186 397 125
1755 117 111
1162 64 83
1202 672 867
1018 66 91
1325 861 722
1547 63 68
1323 150 540
1312 495 1326
1440 1932 85
1560 80 68
1164 154 838
1436 90 68
1348 64 1048
1344 63 72
1329 104 70
1282 675 1277
1206 518 1110
1178 429 655
1220 68 127
1664 154 68
1119 464 1187
1260 487 861
853 64 160
1100 63 458
1356 1543 80
1244 71 546
1312 1137 573
1296 943 1008
1359 69 68
1598 63 77
1413 65 75
1221 358 826
1276 567 883
1756 68 69
1445 85 69
1257 66 170
1230 64 82
1226 63 103
1749 86 69
1756 99 105
1491 63 68
1303 63 353
1353 460 537
1258 111 76
1216 409 666
968 70 189
1261 264 670
1637 117 67
1617 65 67
1248 148 235
1326 431 619
1244 477 503
1175 252 888
1239 344 701
1691 81 75
1128 84 170
1314 71 68
1751 97 70
1277 521 610
1272 75 96
1289 209 682
1202 1826 966
1284 432 745
1238 64 408
1375 128 124
1193 519 1160
1225 408 760
1666 63 68
1325 109 176
1408 1668 1138
1390 67 86
1217 364 598
1317 362 617
1235 484 821
1201 90 166
1300 424 478
1752 79 69
1384 69 174
1756 744 105
1309 101 67
1219 79 128
1304 615 663
1349 620 679
1734 65 71
1359 547 447
1358 64 68
1208 392 651
1533 1834 352
1291 363 373
1482 1047 1608
1356 522 750
1688 260 68
1691 62 67
1284 85 141
1385 63 79
1279 515 1694
1217 64 69
1164 489 766
1221 907 1589
1211 826 807
1287 329 405
1256 528 778
1246 112 87
1261 650 414
1421 116 71
1282 818 849
1135 791 1710
1221 95 105
1297 330 628
1240 812 1666
1374 725 728
1329 64 75
1237 151 111
1219 65 70
1238 648 807
1151 968 1054
1170 264 509
1281 768 223
1139 487 959
1293 603 839
1092 413 952
1354 246 744
1206 263 993
1753 78 133
1147 73 119
1313 691 114
1276 1170 1161
1535 64 69
1313 520 657
1387 1180 748
1077 64 78
1218 298 479
1287 591 1506
1254 452 643
1030 101 172
1290 213 653
1207 72 184
1200 223 971
1251 78 76
1356 712 650
1642 72 67
937 90 690
1211 902 1195
1198 610 1411
1244 616 1042
1743 280 68
1197 476 1880
1392 456 258
1110 327 1322
1020 65 137
1434 655 1141
1374 67 70
1273 259 72
1370 568 251
1273 819 1420
1270 431 611
1128 595 830
1346 405 576
1289 390 522
1084 64 232
1356 653 146
1218 86 740
1334 63 68
1736 69 68
1364 695 594
1249 70 72
1225 471 1350
1273 375 576
1303 901 737
1370 889 534
1162 236 438
1440 551 356
1616 91 68
1263 502 1022
1289 63 72
1331 178 68
1158 379 749
1358 780 605
1259 347 711
1331 255 105
1596 213 67
1348 64 147
1283 306 74
1238 626 1195
1348 389 659
1175 64 309
1315 902 939
1172 853 1424
1269 281 804
1314 66 71
1288 335 799
1269 682 1824
1181 389 1009
1060 68 430
1287 456 620
1262 544 1069
1317 739 1124
1117 69 84
1226 355 521
1192 66 106
1318 1522 1287
1277 579 822
1211 356 727
1195 77 165
1303 64 168
1286 511 765
1049 65 88
1317 59 563
995 82 176
1527 66 69
1177 63 156
1366 93 128
1124 78 86
1270 63 160
1305 103 307
1207 490 450
934 65 566
1292 609 613
1193 366 1003
1287 535 800
1373 64 80
1253 368 838
1063 65 304
1327 335 577
1293 335 598
1280 161 100
1755 73 70
1288 1213 93
1266 1175 1393
1224 551 948
1261 494 1407
1694 78 69
1311 530 671
1360 406 348
1251 483 761
972 80 1517
1205 521 670
1294 72 70
1016 68 298
772 65 181
1164 325 969
1035 1003 1559
1309 468 712
1113 74 149
1258 808 589
1285 682 813
1333 592 680
1525 64 67
1309 348 768
1340 683 68
1579 167 68
1320 547 639
1208 449 822
947 95 1865
1212 523 668
1238 495 760
1207 63 318
1447 64 68
1272 447 707
1300 394 910
1238 491 639
1052 175 1301
1265 673 732
1261 65 72
1753 148 67
1382 865 642
1315 104 76
1288 63 288
1392 318 831
1282 768 616
1263 501 728
1227 204 1707
839 67 288
914 84 336
1448 673 288
1249 76 101
1705 161 435
1077 64 731
1074 599 798
1396 216 80
1122 64 799
1217 70 146
1258 384 1216
1392 846 1379
1754 218 68
1417 1296 337
1205 65 69
1262 116 78
1184 369 1041
1280 628 1181
1399 64 196
1645 285 67
1296 175 544
1343 348 583
1183 151 150
1162 570 1030
1327 551 801
1263 319 927
1203 231 166
1353 1012 130
1231 421 773
1230 483 1643
1298 666 928
1040 88 124
1501 647 136
1160 105 339
1361 105 68
1235 65 105
1363 999 802
1310 390 742
EOM 100167 146325 2144 0 0 0 0 0 0 0 0 0
