1248 747 757
855 80 159
1185 677 1492
1233 712 832
1381 614 873
1353 537 807
1074 63 236
1336 65 77
1389 676 549
1336 263 432
1258 573 875
1307 77 245
1261 469 860
1254 336 980
1753 345 69
1352 158 447
1249 307 1653
1249 501 654
1210 64 506
1300 425 1049
1272 471 1039
1336 1773 303
1261 65 238
1196 562 398
1361 1105 167
1183 422 766
1388 157 72
1237 289 972
1400 173 69
1319 539 525
1252 1835 1769
1338 353 594
1231 575 633
865 66 1309
1330 929 674
1277 407 1159
1391 62 67
1269 68 127
1394 448 390
1263 454 540
1408 561 845
1201 558 750
1291 431 813
1445 173 96
1363 506 559
1161 65 69
1354 637 585
1421 66 68
1292 63 68
1395 424 218
1286 729 897
1391 579 374
1306 872 523
1323 65 70
1502 341 68
1310 705 366
974 69 186
1171 144 1839
1483 72 68
1326 125 82
1268 1126 1163
1389 100 80
1242 677 317
848 75 675
882 71 296
1417 415 215
1106 99 1932
1089 64 103
1147 334 777
1285 80 419
1228 72 275
1160 70 86
1634 153 68
1127 109 853
1234 288 461
1154 318 1371
1324 1153 1716
716 123 463
1164 415 911
1319 1684 1316
1140 64 963
1357 70 129
1318 74 73
1304 398 537
1380 108 88
1197 67 1183
1286 726 529
1254 1501 988
1352 477 520
1368 65 67
1262 409 901
1648 142 90
1119 1282 1061
1255 1146 906
1282 366 478
1292 583 1087
1288 779 739
1487 425 68
1212 364 1293
1265 611 879
1034 88 316
1468 67 70
1350 333 329
1194 244 501
1363 629 122
1251 627 1057
1180 65 110
1289 554 1376
1068 106 85
1237 474 930
1339 102 152
1228 446 851
1401 121 72
1407 950 821
1099 89 1467
1104 96 101
1105 126 131
486 111 854
1523 983 179
1679 63 68
1618 332 67
933 80 220
845 70 172
1289 113 147
1308 562 863
1320 1931 1931
1282 560 930
1165 737 1042
1296 345 875
1745 81 70
1502 71 68
1183 76 76
1337 794 443
909 109 142
1265 106 72
1320 284 557
1319 487 562
1297 395 646
1394 455 595
1276 592 692
1352 892 682
1233 427 1084
943 83 414
1753 118 71
1756 123 108
1224 282 517
1189 486 1034
1314 1588 598
1218 118 75
1352 75 252
1015 65 172
1313 553 963
1348 457 315
1181 520 1640
1363 416 388
1356 93 90
1366 315 131
1245 687 805
1259 836 1589
1176 80 71
1240 772 773
1123 93 784
1238 570 1477
1222 1457 1025
1255 406 1528
1271 279 547
1162 64 280
1211 123 124
1296 434 582
1200 513 723
1089 71 355
1240 64 283
1470 64 68
1484 201 236
1159 1065 1410
1269 333 806
1328 280 507
1291 65 69
1327 602 1074
1264 346 787
1309 1700 802
1275 539 1932
1280 482 891
1306 497 785
994 82 143
1266 747 1605
1126 97 130
1220 64 70
1339 726 614
1320 200 601
1708 77 69
1217 115 159
1463 64 138
1356 1932 740
1290 305 156
1537 611 82
1330 633 525
1238 260 594
1271 1117 1624
1134 92 89
1316 507 561
1367 271 174
780 73 294
1309 1019 74
1156 70 146
1287 310 754
1314 398 340
1268 642 1378
1754 263 138
1157 63 206
1176 428 866
1322 252 721
1517 68 70
1227 705 485
1198 138 632
1296 336 500
1316 763 686
1245 706 1449
1221 465 1080
1753 103 68
1294 457 352
1305 267 869
1390 1182 348
1321 733 665
1326 753 994
1317 381 873
1240 439 938
1249 443 929
1345 64 70
1196 656 1018
1416 69 188
1348 506 861
1340 627 720
1219 516 974
1307 64 66
1309 373 607
1380 320 407
1021 69 540
1330 148 79
1320 767 626
1296 528 573
1323 296 641
1192 182 1932
1320 432 786
1297 151 69
1360 493 605
1350 815 1298
1287 72 135
1276 63 178
1257 348 914
1247 399 654
1319 436 745
1388 524 688
1134 532 782
1354 65 111
1295 575 1009
1246 81 74
1174 66 70
1170 62 101
1138 70 813
1408 67 70
1343 65 212
1288 492 1068
1401 159 72
1253 258 98
1207 412 750
1269 559 1333
1106 63 87
1334 147 70
1376 62 85
1648 71 72
1357 635 411
1250 370 710
1239 89 71
1119 264 834
1314 63 68
1313 63 68
1375 75 68
1298 373 315
1264 846 1157
1318 488 306
1616 79 69
1251 86 220
1322 397 645
1336 903 1328
1209 546 1642
1313 695 736
1101 64 139
1382 112 92
1299 1202 915
1289 345 694
1758 82 80
1266 66 104
1624 119 132
1250 744 624
1363 1114 892
1268 426 439
1274 382 494
1296 70 69
1279 554 540
1372 579 1641
1450 887 521
1043 64 679
1566 189 70
1539 72 68
1317 638 154
1475 68 69
1355 576 1020
1300 411 658
1519 198 68
1253 723 611
1338 323 803
1385 631 682
1332 641 931
1328 419 819
1405 678 681
1281 376 735
1192 1216 1166
822 84 432
1333 386 1126
1202 86 97
1327 1088 821
1394 65 80
1307 173 255
1306 105 207
1311 812 920
1194 484 846
1269 145 89
1253 74 74
381 530 746
1302 527 1051
1369 493 562
1749 63 69
1597 103 68
1366 186 84
1382 286 431
1448 210 131
1675 122 68
1322 97 86
1445 63 77
1405 475 800
1235 296 799
1326 71 168
1387 302 457
1117 65 292
1365 83 112
1073 64 300
1428 101 73
1405 940 1162
1179 63 128
973 70 154
1458 416 384
1188 964 1020
1227 65 359
1554 66 72
1308 354 791
1308 400 525
1753 80 71
1257 325 467
1753 141 77
1367 67 68
1276 293 544
1262 86 69
1225 116 749
1751 257 68
1381 63 159
1360 63 86
1459 71 71
1756 110 69
1371 68 129
1293 284 428
1387 62 70
1214 393 612
246 179 285
1214 63 286
1269 407 777
1376 91 107
1752 168 68
1317 72 76
1321 854 67
1355 341 653
1212 500 783
1241 791 412
1317 472 883
1624 1420 68
1711 63 69
1754 103 69
1261 700 1055
1232 114 217
1513 73 147
1169 280 1185
1316 686 511
1183 65 166
1326 995 867
1174 142 611
1225 454 681
1249 715 1886
1269 673 1394
1298 1075 1400
1191 74 87
1114 109 1818
1268 226 90
1375 74 68
1195 401 896
1754 679 72
1341 442 413
1216 272 993
1317 400 646
1366 808 721
1174 65 305
1198 551 1018
1179 63 228
1249 301 1393
1277 255 337
1208 257 632
1299 89 180
1256 380 624
1264 111 229
1179 586 811
1225 1148 1333
1195 64 263
1471 1371 68
1299 522 582
1227 755 722
1141 147 1932
1471 113 258
1694 265 70
1302 452 663
1354 374 668
1291 528 265
1197 67 72
1662 63 67
1371 469 373
1755 156 178
1310 971 825
1209 525 833
1332 64 92
1271 333 759
1530 93 68
1434 492 309
1249 124 440
1199 697 845
1256 63 141
1337 304 413
1285 615 728
1377 575 631
1274 590 357
1233 263 844
1391 343 227
1105 585 774
1249 110 200
1332 647 1343
1112 64 96
1287 216 373
1277 563 790
1180 847 1849
1230 512 369
1754 98 67
1384 546 287
1279 716 906
1221 63 130
1316 84 68
1363 396 453
1246 65 88
1368 296 68
1419 1933 507
1421 67 95
1230 536 655
1230 332 516
1381 453 597
1312 578 499
1237 565 1092
1311 379 631
1216 69 131
1754 118 70
1101 148 949
1198 395 679
1472 63 69
1564 210 67
1571 63 190
1312 353 681
1215 67 93
1289 65 378
1201 319 1233
1288 492 442
1183 322 725
1258 1530 1236
1251 350 716
1328 795 850
1300 556 811
962 69 487
1421 353 443
1324 1009 702
1025 83 132
1206 123 678
1358 537 516
1561 62 69
1244 1470 773
1754 107 168
1366 334 437
1268 251 435
1507 63 68
903 88 322
1357 160 73
1223 1072 1392
1239 256 436
1298 63 71
1414 68 99
1309 181 556
1092 64 538
1346 441 391
1370 101 84
1170 100 739
1347 455 1743
1222 195 473
881 125 1790
1334 307 917
1254 439 1080
1441 66 104
1246 170 187
1222 611 710
1252 63 95
1273 569 601
1274 747 1042
1316 337 379
1382 661 684
1230 1110 404
1317 810 927
1345 585 590
1362 519 737
1334 355 457
1286 63 68
1299 423 531
1294 64 69
1334 591 901
1321 138 93
1308 513 640
1219 377 784
1236 69 80
1261 109 85
1274 894 825
1075 772 718
1272 815 665
1241 689 703
1107 65 293
1287 63 72
1112 63 343
1244 220 441
1151 120 197
1263 640 706
1434 70 69
1247 689 533
1215 370 617
1755 132 68
1298 251 460
1321 64 68
1375 173 200
1215 84 121
1297 948 731
1101 65 245
1265 459 800
899 69 355
1259 1223 1696
1279 76 109
1270 489 619
1277 677 906
1335 66 157
1755 259 68
1273 680 1135
1268 338 591
1278 385 770
1603 65 76
1280 612 1052
1365 654 198
1186 464 945
1320 307 364
1134 368 1044
1304 367 737
1237 322 553
1596 1188 69
1479 1909 489
1282 857 880
1194 138 456
1357 488 555
1253 72 79
1517 65 128
1326 127 114
1274 314 719
1296 323 532
1495 133 90
1236 406 580
1255 727 406
953 63 116
1161 63 216
1360 921 747
1151 63 97
1277 488 821
1282 333 505
1314 555 955
1688 102 68
1038 108 605
1247 347 1201
1281 436 748
1215 70 615
1338 749 767
1253 666 1040
1302 561 701
1341 269 135
1329 64 83
1308 305 477
1278 713 1043
1225 65 368
1226 664 1196
1278 479 425
1251 436 1177
1238 287 753
1296 235 415
1363 67 68
1072 66 1915
1382 407 742
1288 716 897
1354 383 472
1388 654 708
939 69 119
1176 64 108
1335 673 483
1445 591 598
1314 382 595
1178 609 1060
1321 565 902
1271 572 1045
1276 361 730
1303 411 1040
1355 675 710
1360 437 267
1223 111 212
1355 406 493
1591 63 67
1338 778 390
1225 394 795
1186 64 84
897 64 265
1363 70 76
1334 814 839
1354 397 523
1305 325 648
1148 532 1896
1320 400 666
1306 753 1701
1559 476 71
1130 529 927
1539 264 67
1062 78 424
1167 65 330
1187 64 281
1305 134 119
1392 64 110
1312 368 665
1219 367 579
1320 99 68
1246 214 698
1409 63 115
1238 406 1128
1404 765 236
1296 653 1029
1269 143 85
1414 1933 190
1019 112 1909
1292 357 494
1294 63 97
932 67 391
1211 157 796
1302 284 759
1288 98 99
1362 865 484
1249 95 344
1472 362 67
1275 461 836
1333 256 659
1164 439 819
1182 179 174
1415 1172 1181
1225 210 987
1560 66 70
1740 123 71
1302 410 654
1198 74 105
1266 457 543
1276 447 747
1206 745 1451
1141 732 762
1240 530 993
1238 164 318
1135 64 294
1190 505 1305
1177 66 736
1372 175 136
1327 162 139
1153 424 975
1186 63 204
1221 584 575
1380 780 1205
1251 731 1169
1358 493 436
1323 106 69
1202 455 584
1210 453 1068
1032 63 106
1309 1101 1220
1376 295 511
1444 70 1177
1302 314 615
1349 75 68
1223 631 958
1182 93 131
1261 777 617
1304 304 460
1372 296 639
1327 359 336
1335 365 474
1249 511 682
1179 789 475
1195 631 1646
1393 74 117
1324 627 1076
1258 324 703
1304 278 631
1195 396 508
1320 565 858
1603 64 68
1341 682 682
1301 517 474
1547 69 71
1379 722 826
1064 77 93
1252 386 608
1328 584 891
1371 623 401
1188 540 1246
1187 74 138
1320 262 612
1356 416 315
1289 67 197
1157 69 82
1228 64 99
1285 1236 911
1299 525 1082
1271 382 754
1222 486 933
1337 577 560
1256 1524 1044
1241 495 1054
1231 501 1611
1125 80 784
1243 103 940
1294 278 750
1468 63 68
1395 104 71
1324 239 1154
1241 71 827
943 84 107
1541 222 67
1118 64 59
1257 566 1016
1299 66 119
1037 81 241
1179 323 1933
1283 389 549
1331 577 659
1247 466 1028
966 64 186
1716 62 67
1332 211 1133
1330 83 75
1313 250 662
1380 445 542
1207 306 498
1219 256 790
1429 153 98
1372 407 132
1206 145 1932
1414 71 181
1262 349 627
1301 71 70
1272 521 607
1307 409 599
1139 346 1135
1324 148 70
1171 413 780
1331 63 298
1085 885 981
1158 64 76
1357 64 70
1235 364 807
1325 152 78
1160 114 198
1497 1588 103
1600 96 149
1387 68 290
1387 1050 684
1215 273 1062
1355 577 602
1434 63 67
1238 146 608
1170 177 1747
1468 199 86
1152 427 1933
1289 641 635
1141 452 613
1300 447 748
1547 65 84
1231 111 174
1336 66 86
1315 885 1324
1209 63 88
1186 130 208
1463 78 69
1397 64 67
1292 556 777
1289 89 163
1353 1055 1018
1363 592 567
1425 1867 109
1345 132 68
1173 66 518
1234 400 665
1289 157 403
1362 446 575
1112 62 148
1270 79 146
1192 101 255
1191 560 815
1020 67 105
1646 302 68
1320 63 118
1215 69 71
1125 64 85
1260 510 1007
1246 606 903
1130 303 872
1441 96 69
1343 229 661
1312 1061 1250
1343 982 348
1303 552 811
1216 376 284
1118 65 156
1113 115 1930
1510 958 578
1607 63 68
1141 64 158
1213 232 542
1195 64 155
1387 91 133
1385 63 541
1379 709 796
1266 650 865
1253 86 204
1240 1491 903
1755 1931 96
1360 528 504
1215 441 988
1218 217 1487
1251 472 453
1440 779 319
1524 350 69
1755 224 72
1754 81 68
1201 149 769
1353 63 68
1483 62 67
1269 705 79
1232 210 207
1667 63 67
1298 146 85
1491 1323 80
1179 458 487
1357 470 714
1246 447 733
1290 655 1327
1754 1012 159
1223 149 714
1315 1068 1887
1260 95 109
1256 82 133
1110 570 1772
1164 255 1802
1297 106 75
1272 639 983
1453 67 69
1118 63 85
1362 175 191
1246 67 308
1619 92 68
1302 865 755
1208 179 970
1537 1073 72
1249 462 1257
1442 75 74
1318 429 609
1309 300 660
1296 521 536
1198 64 71
1414 65 69
1002 65 134
1294 85 107
1376 112 274
1328 434 668
1418 210 78
1320 459 782
1359 62 68
1231 644 1018
1743 63 67
1364 1302 756
1621 197 73
1409 85 102
1229 760 1194
877 114 136
1140 210 1192
1422 909 1092
1447 388 67
1484 1931 145
1438 63 68
1207 438 552
1331 495 737
1505 1028 1933
1282 530 555
1199 794 951
1211 114 372
1290 64 100
1291 488 719
1151 696 1055
1326 726 764
1349 811 558
1243 1164 1036
1249 80 135
1335 549 387
1291 135 206
1589 222 67
1250 444 804
1132 240 1032
1247 480 426
1368 263 104
1359 299 387
1321 72 173
1231 218 236
1181 327 714
1755 65 68
1747 69 67
1747 67 81
1272 1355 1294
829 64 360
1304 292 419
1224 667 1154
1298 112 219
1239 132 207
1292 82 72
1292 71 237
1240 751 1013
1275 344 595
1430 179 73
1349 132 147
1282 641 679
1149 86 404
1634 79 67
1235 276 1908
1274 69 172
1393 114 68
1071 788 1839
1276 441 623
904 65 336
1322 65 206
1376 64 75
1264 346 777
1542 72 86
1368 63 72
1290 434 660
1203 596 836
1538 63 67
1334 240 339
1274 330 735
1356 1207 837
1198 432 1090
1187 300 474
846 65 383
1237 565 589
1344 76 102
1223 407 828
1309 291 639
1274 103 117
977 64 143
1437 506 447
1470 141 79
1322 64 76
1302 597 662
1386 64 67
1264 301 551
1303 436 774
1262 99 1921
1381 749 987
1044 64 101
1372 217 69
1244 239 818
937 91 971
1224 98 97
1278 83 127
1246 407 724
1359 567 713
1272 352 555
1217 465 520
1182 557 910
1329 570 657
1476 63 142
1258 459 396
1182 341 782
1357 426 794
1201 568 1380
1219 208 721
1634 62 68
1091 70 76
1359 601 532
943 101 138
1263 570 1259
1317 69 163
1004 64 1888
1363 232 72
1267 549 1181
1438 64 76
1418 727 747
1249 570 744
1279 70 69
1401 67 102
1181 198 761
1280 69 72
1269 190 882
1333 385 482
992 66 170
1407 1500 1765
1409 65 89
1249 592 629
1434 470 297
1346 617 866
1282 151 195
1455 817 68
1310 304 816
1755 154 68
890 118 149
1374 78 142
1290 425 779
1365 552 820
1303 422 709
1754 72 83
1296 63 299
1181 64 83
1363 394 434
1212 652 446
1192 782 1215
1276 156 188
1248 80 148
1206 241 1141
1452 236 70
1267 628 567
1238 256 833
1305 439 407
1307 333 354
1307 344 214
1294 561 923
1101 67 131
1241 74 146
1506 141 70
1260 11 99
1215 490 732
1333 63 118
1140 425 91
1261 465 1065
1261 378 765
1512 80 69
1524 783 77
1360 244 489
1221 442 776
1178 76 132
1376 67 90
1116 72 88
1019 140 984
1308 435 760
1168 63 196
1204 485 1111
1185 547 1128
1436 69 108
1208 168 840
1412 237 184
1503 151 72
1332 307 720
1193 64 260
1422 670 253
1224 64 107
1324 887 537
1181 666 1221
1353 428 856
1238 117 76
1360 345 468
1222 607 823
1258 552 506
1480 852 184
1296 82 106
1291 614 94
1204 71 279
1305 806 1068
1224 537 1807
1227 500 593
1236 222 730
1323 526 722
1330 318 639
1222 142 93
1186 85 78
1230 65 176
1364 64 127
1201 728 1027
1282 413 759
1309 448 378
1294 380 566
1269 64 86
1254 439 758
1417 372 97
1276 65 264
1283 427 521
1307 462 180
129 103 358
1236 305 618
1278 67 430
1202 671 531
641 76 434
1169 74 109
1334 619 606
1260 501 650
1368 209 559
1292 136 108
1400 602 741
1352 490 637
1258 630 787
1236 64 372
1257 814 110
1234 516 986
1225 364 722
1342 652 624
1255 508 946
1350 381 395
1158 69 78
1283 845 898
1146 68 236
1078 65 197
1383 723 141
1298 377 725
1299 454 1041
1302 144 78
1031 64 99
1407 524 219
1329 635 196
979 83 118
1467 63 67
1278 1048 826
1491 63 67
1744 63 72
1755 154 88
1315 457 522
1476 66 67
1138 739 1526
1321 981 1164
1359 407 581
1551 178 69
1344 977 391
1347 163 464
1568 68 69
1276 222 559
1224 1063 901
1308 298 657
1257 433 868
931 75 139
1148 82 155
1143 79 214
1311 397 687
1209 142 121
1303 511 850
1221 1171 1398
1276 1463 776
1125 435 1458
1315 446 720
1319 109 213
1412 65 70
1083 71 181
728 89 314
1228 529 859
1146 265 975
1350 166 105
1104 66 325
1371 192 160
1454 136 71
1358 288 750
1240 829 1294
1221 94 127
1242 62 69
1251 866 741
1342 436 817
1197 436 673
1432 1933 403
1569 74 74
1204 124 969
1454 976 68
1108 893 1696
1255 1312 1112
1362 428 548
1175 94 123
1247 504 800
1336 626 356
1749 102 67
1334 163 249
1047 68 196
1269 911 786
1369 414 79
1358 66 142
1405 605 653
1206 205 899
1264 830 745
1661 72 70
1544 99 67
1755 86 69
1407 175 68
1221 142 358
1150 461 1042
1282 96 89
1303 1261 723
1090 105 773
1310 176 93
1249 769 1868
1360 921 961
1257 225 538
1293 377 820
1355 72 105
1564 64 67
1313 680 553
1154 1404 1518
1169 366 597
1280 695 651
1305 383 485
1304 1086 480
1285 368 817
1302 1264 586
1333 62 287
1364 439 408
1291 131 95
1379 617 543
1287 157 630
1306 641 786
1260 534 811
1199 464 1102
1185 284 1369
1267 63 97
1301 77 282
1247 63 79
1263 280 1068
1286 379 171
998 64 323
1245 473 554
1241 65 963
1361 661 438
1266 1591 580
1331 472 634
1405 121 75
1475 64 83
1432 82 79
1303 1237 1169
1226 65 300
1123 697 782
1299 505 438
1292 253 198
1589 70 67
1286 106 174
1159 420 669
1284 63 79
1301 694 739
1312 315 756
1219 581 876
1282 541 667
1213 184 795
956 78 568
1301 439 906
1226 64 121
1377 827 831
1421 785 617
1244 82 270
1160 63 128
1233 320 330
1060 75 119
1363 1434 299
1263 529 1579
1489 1705 93
1220 713 739
1391 808 102
1429 253 69
1251 91 222
1246 271 559
1354 175 85
1281 231 485
1346 1050 83
1030 63 405
1375 65 69
1125 64 95
1394 354 406
1130 63 123
1203 388 495
1290 388 741
1287 365 926
1257 302 869
1397 346 565
1238 456 770
1323 547 240
1144 63 75
1227 380 584
1230 1036 1596
1264 430 229
1448 78 68
1316 165 217
1279 865 1025
1426 492 81
1280 693 721
1313 1098 952
1289 355 583
1281 364 253
1040 73 142
1191 508 910
1250 580 1064
1205 542 1047
1208 95 77
1315 238 68
1270 455 1162
1321 63 107
1357 556 544
1271 458 924
1277 312 502
1248 82 756
1334 67 319
1188 625 397
1142 392 1140
1251 83 1852
1273 419 401
1197 64 71
1276 984 1212
1329 147 73
1415 617 786
168 169 474
1288 1729 941
1305 450 655
1754 117 79
1326 548 789
1381 110 73
1368 139 67
1151 374 1509
668 124 329
1065 82 87
1284 936 929
973 65 280
1285 413 400
1543 352 78
1366 644 429
1316 699 670
1364 395 902
1234 157 104
1427 154 132
1408 591 83
1380 148 84
1307 63 73
1235 406 1178
1411 63 68
1397 128 114
1221 69 97
1145 346 1932
1357 317 449
1426 70 88
1259 602 951
1327 273 747
1267 320 473
1757 144 68
1644 115 68
1757 322 74
1225 69 112
1191 62 602
1515 65 75
1248 719 1166
1312 456 449
1289 696 761
1343 204 103
1105 858 1051
1365 191 70
1204 280 943
1302 445 954
1244 976 1720
1314 66 228
1352 526 1514
1330 380 476
1328 430 471
1758 113 116
1293 573 680
1317 607 1004
1222 1007 1567
1239 121 1140
1264 67 68
1294 64 358
1353 68 78
1309 81 80
1195 808 1175
1218 277 580
1515 1402 68
1262 359 723
1397 977 728
1754 94 76
1229 65 69
1067 68 95
1260 66 68
1234 438 1005
1254 466 596
1244 1826 1313
1219 469 756
1250 514 1073
1101 64 207
1208 373 1932
1183 547 680
825 74 418
1617 66 87
1290 257 231
1228 71 69
1254 289 654
1350 553 634
1276 304 1098
1292 66 196
1280 184 812
1484 1932 131
1319 434 767
1189 399 555
1265 548 614
1406 91 82
1269 285 735
1264 135 79
1142 68 124
1276 475 634
1346 543 589
943 64 1039
1387 542 421
1198 11 242
1336 631 745
1355 478 137
1316 374 676
1411 392 161
1061 84 126
1575 69 70
1402 415 410
1195 458 803
1245 433 592
1337 372 970
1230 66 71
1320 240 88
1388 1165 129
1309 1261 1128
1234 434 926
1186 1336 1459
1750 134 67
1757 75 68
1455 1932 1917
1281 154 113
1261 434 874
1261 120 250
1632 63 74
1262 864 758
1183 416 841
1203 63 391
1238 74 104
1416 655 542
1274 76 81
1207 608 1367
1273 101 178
1227 426 544
1351 477 409
1500 63 69
1292 633 849
1321 80 102
1757 140 108
1698 67 85
1320 142 314
1201 437 1082
1342 581 1091
1537 294 87
1288 443 561
1216 346 621
1253 536 852
1305 469 646
1218 526 685
1291 373 898
1364 423 1128
1259 460 679
1219 609 1301
1311 566 482
1565 75 68
1267 836 770
1372 223 102
1381 916 822
1298 134 169
1321 386 696
1391 229 316
1230 434 1001
1245 131 71
1117 71 73
1253 1066 1932
1276 943 813
1322 68 68
1234 63 77
1488 84 77
1086 79 405
1340 671 793
1376 662 711
1133 73 312
1291 781 500
1324 353 526
1262 351 1021
1283 479 877
1373 224 85
1392 81 75
1353 648 769
1245 475 428
1136 67 253
1368 63 110
1249 401 74
1334 377 637
1137 798 950
1189 675 1246
1144 101 356
1344 480 248
1205 456 1167
1753 944 68
1755 269 68
1234 576 942
1321 161 270
1245 63 69
1467 63 68
1292 102 85
1254 340 1424
1271 784 1782
1233 70 96
1167 803 863
1345 363 474
1316 463 980
1267 105 845
1216 258 1076
1127 63 240
1366 178 75
1754 176 68
1184 402 1081
1191 68 430
1249 64 111
1339 685 1088
1280 285 756
1307 221 524
1268 65 70
1439 516 671
1220 93 1921
1333 332 732
1333 493 691
1267 462 592
1421 85 76
1259 517 1125
1348 586 607
1679 204 106
1321 141 124
1287 512 453
1174 64 101
1339 347 659
1279 80 280
1356 796 145
1171 984 1045
1156 597 823
1246 410 1042
1312 383 637
1165 66 251
1349 70 158
809 110 225
881 72 203
1144 63 326
1362 560 594
1232 482 618
1751 74 68
1396 382 115
1305 137 109
1350 550 599
1237 74 70
1442 69 215
1231 624 943
1230 322 428
1153 63 71
1264 246 489
1355 538 1089
1374 617 602
1387 807 752
1511 74 68
1237 849 1018
1176 85 223
1455 256 68
1654 463 68
1066 68 87
1296 654 1011
1444 1183 1011
1294 374 808
1278 749 1118
1366 520 547
1243 449 671
1171 218 141
1266 1152 785
1304 521 581
1309 372 371
1021 73 180
1009 89 775
1339 488 761
1333 88 84
1296 279 370
1482 128 70
1310 1504 1603
1310 465 480
907 75 122
1369 515 410
1320 593 1050
1328 183 157
1352 540 994
1244 670 732
1249 63 133
1484 72 79
1288 1932 1454
1198 64 416
1405 163 129
1305 761 1083
1222 438 1927
1328 424 970
1442 627 155
1752 370 69
1019 64 161
1225 483 1560
1239 204 1932
1276 359 436
1244 633 1525
1221 1232 952
1246 67 115
1162 63 204
1172 615 1450
1247 411 1277
1226 74 73
1368 601 504
1346 64 69
1175 204 773
1201 550 761
1193 516 1176
1196 66 69
1400 91 107
1225 1698 1600
1009 79 287
1316 451 545
1179 423 1097
1283 63 218
1386 1159 1193
1252 66 68
933 91 135
1339 741 269
1197 1226 174
1210 387 623
1223 588 628
1280 158 227
1187 64 167
1386 489 777
1325 339 913
1354 63 68
1234 527 1563
1204 476 1932
1363 1020 1538
1243 97 282
1237 174 126
1247 932 1209
1374 455 895
1108 66 245
1231 72 191
1651 65 70
1266 1931 1931
1362 1554 542
1331 730 1312
1140 66 195
1320 66 69
1336 550 661
1303 309 627
1233 310 1932
1464 69 71
1262 376 577
940 65 148
1285 353 1741
1664 67 68
1437 154 106
1184 90 382
1289 72 127
1214 79 101
1456 63 67
1405 1000 592
1405 1728 245
1247 67 74
1234 500 1391
1187 730 1448
1304 196 82
1364 401 913
1305 293 906
1311 597 1044
1431 110 68
1087 69 79
1066 95 78
1255 602 982
1341 246 489
1511 269 91
1371 386 763
1727 173 69
1359 651 361
1303 65 128
1263 518 1201
1161 370 1395
1284 83 108
1329 454 443
1562 784 78
1264 572 920
1252 306 73
1216 587 858
1175 1110 1211
1508 1796 202
1676 67 68
1388 224 96
1756 119 75
1348 662 914
970 119 327
1171 896 902
1301 320 295
1171 934 886
1218 306 1164
1328 637 311
1390 71 67
1237 787 1217
1165 182 1441
1183 543 761
1300 432 648
1333 1268 1688
360 101 289
1265 313 878
1446 71 75
1106 65 124
1496 63 67
1242 394 815
1293 350 599
1361 63 68
1273 63 82
1258 421 1022
1307 157 67
1341 96 73
1199 797 1074
1343 607 981
1429 70 92
1672 1933 929
1393 410 824
1342 558 230
1061 396 1821
1099 73 99
1154 382 1538
1224 458 1485
1234 452 604
1263 514 905
1219 190 1933
1285 596 630
1279 502 691
1361 424 957
1124 347 1682
1297 259 965
1355 299 449
1279 88 75
1402 69 98
1507 103 150
1224 78 104
1257 438 1280
1213 334 1766
1251 689 744
1666 165 67
1149 64 100
1381 471 537
1329 226 571
1037 78 206
1066 71 151
1340 444 300
1362 392 466
1130 65 623
1434 72 68
1256 587 627
1728 174 68
1284 248 535
1149 433 1235
1558 518 70
1513 65 176
1296 497 1199
1314 680 957
1301 206 613
1355 405 493
1565 88 68
1359 399 385
1754 76 71
1755 281 68
1230 668 615
1309 127 81
1203 65 75
1753 68 111
1296 156 70
1281 680 668
1302 723 263
1157 758 1636
1198 798 1163
1147 68 74
1200 365 832
1582 161 68
1258 872 1041
1180 1368 1805
1228 493 568
1355 317 465
1296 459 709
1356 62 67
1583 108 68
1198 63 312
1321 492 544
1231 1229 221
1377 557 615
1659 63 67
1263 595 1052
1245 298 655
1244 458 522
1418 449 126
1231 353 606
1316 103 70
1300 92 73
1247 225 331
1382 449 746
1369 64 99
1170 756 1328
1053 65 116
1167 361 819
1356 389 492
1348 518 643
1310 64 248
1365 64 69
1234 348 593
1278 440 705
1326 395 1317
1379 426 529
1379 201 1050
877 80 1882
1403 65 285
1112 84 222
1287 66 177
1358 476 515
1367 468 716
1382 125 97
1355 1933 960
1250 63 70
1275 312 488
1290 64 88
1186 625 907
1392 327 91
880 105 1112
1219 533 846
1195 533 1467
1312 329 699
1407 65 70
1122 72 157
1175 73 384
1230 598 897
1373 471 480
1198 445 607
1245 621 660
1190 571 512
1225 658 1344
1272 166 528
1287 278 600
1348 148 82
1211 656 599
1275 66 131
1171 116 190
1184 102 91
1283 78 91
1357 142 77
907 114 138
1214 64 69
1521 91 124
1305 402 465
1192 313 763
1307 660 994
1236 276 903
1394 72 68
913 66 680
1435 1872 860
1263 979 828
1008 67 118
1361 510 551
1360 64 92
1179 190 1348
1304 358 702
1401 652 866
1408 66 85
1756 662 68
1261 415 716
1303 66 147
1320 1933 442
1284 208 575
1378 63 69
1297 375 71
1438 631 318
1275 810 1505
1264 286 70
1239 1164 953
1456 134 73
1332 673 1764
1266 1154 1733
1310 290 516
1168 279 822
1331 539 999
1248 601 860
1287 394 509
1262 73 261
1258 139 196
1313 740 1102
1460 250 68
1214 460 1221
1322 333 509
1179 63 76
871 121 387
1250 764 1622
1220 493 937
1333 542 895
1295 191 164
1298 934 957
1193 791 1618
1388 66 88
1310 383 635
1272 409 692
1417 1158 300
1137 261 984
1122 63 209
1294 239 523
1183 427 613
1300 484 716
1261 575 888
1326 726 565
1417 1383 81
1160 77 84
1265 413 377
1118 358 1296
1391 132 71
1729 65 67
1565 187 68
1252 197 637
1176 833 1257
1379 268 68
1318 680 369
1244 68 73
1286 740 678
1343 470 731
1106 69 289
1562 116 72
1181 843 1510
1223 63 264
1249 484 1017
1262 477 846
1247 284 527
1131 63 851
1317 895 684
1274 468 1284
1587 64 67
1287 110 80
1156 73 1928
1350 391 1103
1042 74 1864
1194 466 893
1307 388 699
1468 396 70
1523 139 69
1256 801 366
1557 334 68
1422 686 394
1336 1458 696
1325 1008 1139
1255 653 868
1320 309 371
1367 296 451
1235 79 105
1337 355 1027
498 100 425
1311 750 682
1437 63 70
1258 64 77
1452 76 68
1186 615 677
1236 87 70
1197 738 616
1389 83 104
1539 119 96
1352 62 69
1401 109 68
1146 425 624
1414 65 68
1369 89 70
1289 135 1022
1246 362 614
1334 785 631
1467 838 750
1083 87 93
1311 119 124
1084 66 156
1316 519 1340
1758 83 68
1276 239 471
1133 75 207
1004 67 251
1366 826 1438
1268 362 587
1312 300 829
1448 128 395
1328 864 297
1676 66 72
1135 63 646
1422 287 480
1367 530 457
1367 63 134
1593 1932 167
1282 214 327
1525 64 71
1525 100 68
1308 97 80
1233 257 1037
1405 412 184
1218 71 888
1398 70 69
1205 232 564
1215 84 139
1353 456 693
1301 589 472
1106 75 254
1309 257 696
1349 97 68
1254 608 1309
1258 106 778
1341 63 103
1384 1176 627
1339 548 554
1336 174 688
1403 450 395
1325 1293 1286
1322 482 815
1180 65 143
1425 1434 1802
1275 354 1191
1243 345 621
1354 598 395
1630 153 67
1288 302 622
1285 606 564
1313 168 73
1407 75 70
1268 1733 945
1065 507 1406
1193 103 75
1223 342 463
1143 515 888
1253 609 743
1237 456 937
1097 593 699
1348 63 119
1269 385 541
1251 66 69
1244 236 495
1202 285 866
1195 67 81
1185 78 143
1294 134 539
1374 1894 627
1445 566 69
1592 111 68
1455 65 82
1262 67 96
1346 1203 639
1284 671 1561
1379 580 222
1288 403 494
1451 1127 354
1248 65 112
1315 417 537
1049 70 401
1179 64 481
EOM 100302 146274 2175 0 0 0 0 0 0 0 0 0
1250 708 1071
1195 183 825
1343 460 735
1310 122 138
1283 659 717
1323 510 1151
1271 738 654
1236 346 1040
1634 140 67
1213 457 623
1491 64 69
1753 1932 69
1206 718 1123
1354 435 573
1390 712 160
1749 75 68
987 93 125
1310 65 70
1170 65 158
1183 86 1176
1468 216 68
1286 640 651
1348 785 628
1311 324 395
1369 767 845
1357 64 98
1288 64 295
1183 66 70
1312 392 548
1420 241 148
1252 550 654
1251 289 554
1153 623 1417
1462 63 109
1273 232 386
1355 154 111
1753 70 69
1257 435 674
1355 315 449
1373 369 740
1529 115 67
1219 1061 821
1266 400 1134
1408 770 1196
979 66 117
1245 68 118
1301 221 656
1247 639 513
1187 491 1672
1283 377 408
1309 66 74
1296 64 69
1426 669 206
1262 1299 662
1181 743 1155
1175 379 934
1231 649 82
1381 69 150
1296 390 577
1295 1199 1082
1242 395 722
1145 473 726
1313 1228 104
1264 573 720
1309 65 85
1250 648 1022
1251 64 449
1749 135 72
1330 780 711
1181 64 852
1316 317 771
1359 406 469
1192 64 95
1535 76 68
1136 595 913
1316 270 755
1264 307 223
1361 79 68
1654 75 68
1275 287 870
1278 538 635
1179 63 72
1289 495 647
1235 171 651
1198 1531 724
1340 352 82
1349 493 504
1396 451 499
1226 340 850
1427 161 74
1352 436 640
1292 849 924
1217 403 491
1221 477 548
1637 64 69
1270 504 725
1262 723 779
1299 68 68
1187 735 1512
1324 900 597
1194 254 377
1336 1676 440
1369 589 533
1294 253 121
1353 303 266
1303 538 1103
1132 82 98
1239 490 821
1151 219 1560
1259 391 690
1414 327 566
1330 491 650
1342 278 374
1304 249 70
1336 577 1130
1365 960 688
1336 172 446
1307 518 261
1272 399 832
1299 411 344
1327 807 584
1345 70 70
1740 123 68
1327 97 237
1396 455 729
1301 110 74
1124 508 898
1324 263 434
1304 604 1263
1345 453 863
1530 166 67
1182 307 563
1069 95 316
1529 77 68
1179 138 264
1682 67 68
1758 69 69
1241 338 1044
1752 101 178
1319 397 820
1223 505 981
1233 222 461
1282 347 754
1190 412 1016
1182 475 840
1443 457 385
1251 159 138
1083 63 87
1293 984 1674
1594 119 88
1389 460 339
1291 154 742
839 68 140
1323 63 70
1303 96 164
1517 156 78
1506 1431 69
1349 281 405
1313 505 639
1247 582 1577
1754 109 67
1326 418 125
1330 336 397
1235 437 799
842 105 289
1185 66 69
1221 80 72
1491 66 67
1204 64 104
1337 83 69
1228 579 832
1337 639 957
1302 594 1231
1232 71 352
1216 64 206
1203 82 528
1288 416 624
1210 629 833
1264 622 698
1288 513 613
1366 651 1053
1518 588 177
1481 1933 299
1339 432 841
1191 65 79
1313 120 70
1272 486 706
1275 204 236
1281 576 1689
1753 105 68
1233 362 679
1298 94 189
1239 63 128
1428 376 83
1434 592 813
1109 65 1
1556 810 211
1705 273 67
1177 403 582
1541 572 77
1282 327 679
1211 67 69
1456 68 123
1319 760 1137
1252 327 897
1315 413 441
1209 81 134
1351 64 137
1402 69 68
1305 1261 1294
1092 67 321
1347 409 772
1308 824 862
1223 587 525
1230 402 678
1164 261 594
1354 1242 1269
1131 243 1003
1283 386 974
1215 93 126
1212 75 97
1305 911 1134
1144 215 403
1310 804 965
1370 524 329
956 73 105
1239 478 1188
1272 561 1701
1752 167 68
1282 413 1545
1270 64 76
1221 122 94
1232 1086 925
1223 661 854
1210 467 702
1111 208 1877
1216 860 976
1079 65 256
1280 575 687
1237 327 661
1525 719 69
1362 698 860
1174 68 1021
1241 79 81
1214 78 276
1049 96 1856
1249 77 385
955 78 122
1556 782 67
977 83 222
1271 579 1322
1325 446 439
1247 501 1365
1305 376 74
1310 653 503
1356 374 431
1172 256 1187
1315 64 72
1291 487 702
1224 275 921
1158 203 1039
1259 592 888
1278 341 401
998 72 1666
1292 656 654
1321 512 674
1273 64 168
1307 270 302
1285 593 768
1345 342 735
1149 66 315
1122 66 76
1242 576 1230
1139 66 98
1309 387 592
1225 839 1102
1256 467 868
1305 651 826
1113 68 183
1353 558 684
1221 1170 1519
1276 333 604
1071 68 212
1248 321 941
1215 63 69
1755 67 68
1425 554 578
1677 63 82
1193 188 1057
1108 352 1932
1328 239 482
1421 78 73
1422 243 71
1335 633 560
1266 665 930
1261 677 416
1300 880 754
887 101 288
1467 430 92
1567 95 67
1312 755 1013
1393 63 71
1262 82 572
1335 64 104
1322 353 661
1317 435 777
1310 1126 1695
1344 499 650
1280 357 623
1295 395 285
1276 445 850
1317 517 1194
1542 89 68
1242 66 209
1272 757 1447
1278 406 577
1268 113 218
1271 645 1054
1756 66 67
1275 439 1064
1187 478 813
1300 239 406
1288 66 88
1756 102 74
1629 404 99
1300 597 887
1266 159 609
1180 70 99
1602 94 67
1263 67 156
1319 73 163
1280 603 806
1522 64 69
1363 311 74
1350 410 827
1236 204 491
1278 985 925
1242 396 458
1274 93 100
1197 707 1555
1306 67 134
1662 571 68
1052 237 1676
1673 67 68
1198 38 1249
1657 75 69
1260 729 691
1047 64 316
1318 208 100
1304 268 100
1273 582 920
1319 255 596
1370 63 208
1402 99 69
1337 602 513
1217 270 897
1122 746 643
1218 644 1234
1158 70 81
1326 554 942
939 102 165
1345 643 565
1511 76 81
1356 413 580
1351 271 231
1479 965 68
1277 602 721
1323 552 484
1351 518 917
1227 946 192
1313 412 798
1559 1522 694
1174 63 505
1315 64 750
1286 396 395
1339 159 68
1285 671 590
1477 67 73
1178 82 124
1344 309 350
1338 822 38
1755 137 69
1273 65 105
1327 1639 1405
1236 907 114
1669 74 72
1320 302 472
1332 171 473
1259 104 398
1303 878 1030
1059 63 101
1490 135 76
1193 164 761
1284 835 1014
1533 130 131
1304 525 946
1278 338 110
1283 305 303
1308 289 402
1291 1402 1549
1264 64 127
995 71 342
1254 526 1392
1301 230 371
1287 76 161
1369 380 700
1266 784 1011
1147 63 82
1711 1700 67
1221 555 1180
1288 279 787
1337 472 846
1265 382 697
1319 514 385
1377 1929 576
1206 872 502
1282 551 1179
1379 1004 1583
1493 320 68
1301 153 214
1396 66 76
1363 749 641
1392 65 74
1225 211 225
1216 888 1417
1299 429 1627
1580 302 67
1280 140 123
1107 859 1518
1367 1598 455
1446 173 68
1096 915 421
1379 132 75
1258 385 856
1218 508 896
1175 64 915
1229 479 1878
1467 63 75
1224 592 860
1363 456 587
1309 586 1565
1361 152 68
1316 318 416
1171 1184 993
1368 125 68
1272 525 392
1202 77 74
1547 1692 73
1227 100 343
1301 619 176
1012 67 392
1276 952 844
1323 379 1090
1169 1546 1720
1168 666 1128
1261 658 726
1279 523 803
1572 647 67
1626 159 74
1429 1933 720
1755 196 83
1283 816 883
1221 85 383
1245 63 157
1120 387 1080
1229 312 1257
1286 497 911
1373 307 74
1224 811 1215
1293 508 812
1242 486 799
1179 449 1005
1330 320 481
1209 63 386
1264 96 472
1409 759 835
1588 114 67
1178 272 773
1098 991 711
1341 78 73
1208 396 530
1243 152 78
1304 569 551
1412 447 500
1230 580 357
1458 87 189
1208 356 775
1391 467 502
1315 579 851
1359 166 148
1196 325 1786
1153 63 71
1153 100 1575
1226 373 1627
1116 63 99
1279 263 447
1446 243 68
1461 298 69
1232 914 1108
1275 224 745
1347 66 68
1210 421 1616
1210 221 888
1337 344 655
1154 65 1138
1274 80 274
1326 312 413
1247 1171 1825
1003 81 615
1307 421 1232
1178 308 597
1321 69 85
1723 65 72
1370 1080 702
1375 269 563
1318 517 627
1268 119 225
1336 417 474
1258 383 950
1296 341 642
1395 1933 658
1177 65 234
1240 63 104
1473 88 100
1119 63 353
1595 102 71
1317 1762 1231
1317 216 594
1357 435 632
1305 410 456
1269 158 69
1344 498 680
1450 69 129
1121 143 368
1203 637 594
1138 126 194
1302 1205 1886
1377 63 68
1258 373 759
1362 371 442
1308 402 566
1389 154 79
1321 64 243
1279 222 538
1229 158 182
1296 95 202
1548 72 75
1379 131 371
1273 300 623
1235 1041 1167
1191 633 659
1453 1330 710
1335 408 602
1313 560 485
1378 315 708
1355 500 432
1065 66 173
1758 256 67
1323 1190 1093
1221 407 419
1287 175 1131
1320 135 71
1205 803 678
1209 707 895
1325 511 532
1449 76 306
1184 150 727
1275 1148 917
1486 67 67
1523 470 68
1380 75 70
1228 420 776
1310 462 831
1350 1337 723
1266 378 746
1166 616 1132
1377 214 197
1239 379 625
1753 1933 93
1195 364 844
1306 255 1022
1357 779 266
1259 490 713
1298 449 896
1237 602 1155
1263 393 702
1321 333 396
1293 399 561
1269 587 1099
1378 649 591
1209 63 90
1743 155 69
1468 283 95
1241 623 1163
1573 74 68
1303 553 494
1538 303 67
1365 463 772
1186 195 108
678 93 363
1753 259 67
1255 251 730
1320 547 752
1333 250 585
1048 64 113
1260 473 1094
1486 367 69
1290 553 1070
1289 432 692
1311 942 609
1129 69 667
1247 197 482
1389 508 358
1140 72 82
1329 152 170
1181 69 87
1282 331 592
1263 321 685
1279 431 970
1751 127 68
1231 397 614
1139 64 595
1756 133 103
1281 336 520
1288 414 703
1118 348 1444
1304 308 889
1284 260 542
1110 70 134
1184 541 913
1240 327 862
1225 206 707
1289 327 211
1215 900 1311
1207 626 291
1219 252 955
1254 540 718
1229 316 782
1243 665 928
1288 476 817
1302 1016 886
1281 480 801
1000 93 138
1274 623 399
1584 136 68
1079 64 90
1324 659 684
1270 294 601
1062 957 1146
1443 128 69
1414 75 97
1347 621 626
1652 66 68
1389 68 68
1349 915 73
1292 1112 998
1032 65 576
1269 88 357
1291 525 673
1342 456 376
1410 77 73
1319 273 513
1525 66 69
1253 330 723
1172 1238 1136
1329 929 363
1319 621 321
1256 311 870
1509 134 96
1233 1050 882
1164 64 205
1229 635 1122
1308 654 1739
1289 122 69
1233 324 1030
1163 162 1363
1309 377 705
1261 503 849
1213 64 99
1431 159 100
1402 925 1381
1624 74 67
1229 898 956
1346 925 905
1376 494 689
1561 1932 81
1316 1086 1125
1507 1932 115
1298 425 1172
1747 523 103
1245 818 1318
1699 209 68
1245 489 1158
1301 938 561
1113 155 317
1450 80 70
1470 429 514
1321 281 620
1308 495 640
1224 63 101
1187 69 151
1361 74 161
1381 75 88
1256 528 974
1278 594 686
1413 1323 260
1366 362 551
1395 764 145
1597 672 68
1314 914 888
1365 95 184
1285 916 861
1232 505 882
1315 421 628
1654 66 74
1385 64 68
1422 128 120
1422 772 588
1228 368 443
1099 1078 1650
1300 281 616
1269 244 98
1164 90 76
1183 495 1856
1256 174 198
1321 240 615
1298 87 73
1299 205 67
1052 64 344
1255 446 1163
1310 828 907
1173 68 1566
1187 1032 1609
1293 95 164
1344 1014 382
1245 559 789
1358 806 940
1569 66 82
1264 254 399
1390 350 351
1150 90 101
1376 64 77
1163 63 72
1235 711 1028
1200 810 55
1208 172 470
1512 72 70
1241 638 786
1303 417 296
1265 470 864
1189 415 680
1318 423 691
1364 374 679
1369 440 859
1754 188 119
1339 630 1420
1338 71 71
1755 93 69
1275 1932 69
1389 62 67
1388 366 400
1289 64 75
1329 435 1023
1401 71 69
1410 160 290
1121 67 552
1140 535 1933
1341 492 625
1192 695 906
1321 64 347
1376 94 174
1188 223 1853
1340 89 318
1276 503 815
1308 484 862
1313 801 863
1181 69 77
1521 266 88
1309 385 596
1300 779 858
1293 306 742
1337 961 821
1340 609 1083
933 72 267
1067 71 99
1388 67 68
1548 1452 95
1252 418 926
1250 639 354
1232 290 933
1278 500 891
980 63 99
1210 88 67
1738 454 72
1289 405 1637
1095 711 461
1250 324 947
1355 515 659
1293 349 686
970 85 154
1374 323 81
1371 336 69
1189 593 1073
1322 357 761
939 77 61
1264 103 189
1345 622 513
1385 428 467
1186 69 69
1317 475 733
1279 717 600
1288 71 108
1250 459 871
1177 89 177
1330 298 115
1210 329 913
1249 914 1096
1298 708 315
1377 301 324
1752 104 68
1289 164 75
1155 291 1879
1178 263 1207
1374 560 814
1252 306 866
1391 533 567
1312 444 367
1322 64 97
1276 188 489
1315 284 455
1345 394 459
1317 63 73
1210 65 70
1298 1400 1756
1756 258 116
1312 491 828
1324 604 949
1238 402 846
1316 617 940
1230 593 639
1307 296 348
1049 253 897
1385 82 83
1184 641 1040
1324 811 67
1423 91 71
1176 209 629
1377 182 427
1306 483 1015
1119 446 1573
1626 224 167
1349 512 571
1334 483 770
1228 326 1388
1210 452 765
1325 64 138
1277 491 928
1357 702 540
1185 64 72
1157 96 449
1301 331 606
1136 65 191
1216 62 267
982 67 796
1263 337 87
1297 63 137
1306 419 1395
1273 620 1023
1360 1562 1152
1319 63 70
1294 99 174
1333 565 68
1278 747 562
1277 66 69
1321 590 611
1343 336 665
1749 428 68
1235 340 468
1289 347 378
1380 1260 1061
1142 70 95
1197 548 780
1232 520 1446
1212 460 1057
1219 63 97
1291 422 311
1368 290 68
1306 66 69
1183 87 821
1628 1443 68
1090 64 259
1152 1203 1339
1296 79 183
1236 110 303
1286 458 1040
1511 125 73
1318 730 759
1247 62 94
1448 935 766
1359 450 735
1367 63 76
1162 71 316
1093 88 1122
1532 79 68
1167 797 1708
1277 685 865
1312 780 907
1315 65 68
1224 76 84
1314 269 82
1358 393 157
1342 272 565
1268 631 728
1503 284 69
1336 554 631
1295 538 280
1276 330 461
1307 404 651
1326 385 621
1006 131 1669
933 89 126
1305 220 808
1222 1615 1291
1125 63 209
1251 1428 1933
1325 1932 1621
1196 494 467
1319 99 103
1346 1466 1903
1185 857 1413
1235 568 732
1259 84 602
1245 805 801
1133 163 1931
1232 463 708
1303 934 920
1140 110 547
1174 92 1076
1390 263 111
1314 332 607
1124 75 86
1330 527 666
1485 163 70
1199 63 438
487 137 235
1212 248 718
1410 72 226
1279 765 803
1257 495 919
1277 313 531
1702 97 69
1324 396 350
1330 498 536
1267 982 1077
1207 68 141
1378 210 185
1302 71 35
1170 63 78
1311 982 676
1270 146 75
1337 643 576
1259 343 1383
1283 716 676
1191 698 1653
1288 502 979
1454 84 69
397 104 324
1639 161 67
1349 202 68
1348 347 415
1197 64 209
1275 372 530
1367 579 434
1370 837 145
1233 64 820
1263 337 595
1375 73 68
1249 63 70
1381 89 80
1234 1265 1523
1243 67 111
1213 512 1087
1452 118 1308
1351 83 71
1611 62 67
1202 158 1148
1219 558 884
1171 364 963
1221 946 922
1395 977 859
1302 559 1126
1281 186 298
1453 477 1253
1437 732 482
1132 186 1889
1155 356 1226
1566 212 68
1369 197 349
1229 72 321
1406 386 560
1131 67 79
1267 480 1020
1347 1588 512
1304 317 320
898 101 276
1330 433 551
1234 66 83
1083 63 134
1637 65 85
1338 231 600
1325 64 310
1751 153 68
1468 64 67
1286 570 719
1300 586 647
1596 213 89
1350 439 387
1275 328 910
1297 1181 1027
1252 91 70
1258 63 171
1243 545 966
1284 478 761
1282 566 1870
1387 348 512
1287 818 276
1387 560 512
1299 513 435
1194 63 426
1319 339 996
1037 86 123
1240 537 669
1204 120 924
1297 63 236
1754 68 67
1356 376 458
1350 499 504
1477 200 219
1191 261 886
1325 266 120
1756 148 71
1151 64 476
1303 220 952
1267 702 609
1360 243 477
1301 725 786
1255 63 218
1216 722 1047
1305 86 69
1201 278 989
1352 514 597
1317 500 1198
1418 752 918
1263 352 478
1161 334 713
1752 128 69
1320 312 551
1365 760 716
1428 64 138
1207 558 1682
1275 312 626
1309 410 659
1252 719 375
1323 63 72
1405 577 364
1250 488 842
1313 145 113
1314 296 623
1177 169 1828
1295 422 1159
1311 65 89
1255 208 237
1291 69 70
1180 444 625
1330 669 1051
1124 75 114
1750 256 71
1342 535 956
1153 66 548
1147 66 1016
1352 398 286
1305 774 1245
1347 291 498
1356 564 567
1324 344 744
1109 63 118
1266 779 1104
1294 132 154
1171 660 1489
1209 274 989
1362 393 328
1361 84 68
1432 754 605
1273 757 927
1288 155 94
1326 447 489
1349 451 600
1223 379 810
1361 214 80
1371 583 797
1021 69 144
1303 63 94
1248 68 72
1279 66 77
1251 209 256
1317 407 430
1274 444 445
1464 325 95
1277 641 974
1279 929 785
1156 395 1067
1375 433 486
1301 749 826
1281 359 640
1067 67 459
1306 69 68
1361 1786 525
975 1510 1784
1205 826 1369
1126 70 35
1324 74 67
1295 83 69
1206 65 123
1273 515 777
1310 67 78
1208 65 581
1405 1101 71
1096 64 217
1187 267 1328
1269 311 570
1324 263 300
1303 294 612
1195 627 834
1181 65 262
1180 66 133
1289 99 113
1314 300 138
1745 438 69
1300 568 542
1273 64 82
990 84 186
1190 836 1010
1205 239 822
1296 1218 1107
1308 622 1400
1294 128 68
1388 371 90
1590 82 68
1131 87 195
1221 278 907
1754 287 80
1342 535 480
1372 1932 703
1273 63 179
1338 786 418
1301 326 1183
1244 198 1794
1300 166 831
1302 69 68
1279 900 649
1174 207 710
1266 109 69
1321 120 755
1270 615 686
1142 544 1135
1493 100 70
1269 69 377
1303 365 726
1282 329 679
1146 68 497
1304 589 711
1342 538 1013
1314 748 963
1399 467 408
1310 559 1171
1323 712 1118
1245 527 797
1276 125 587
1266 229 637
1173 766 74
1199 708 1425
1318 416 647
1192 518 920
1222 375 137
1416 63 68
1481 70 112
1466 167 68
1292 422 947
1279 129 106
1184 461 983
1233 520 641
1234 276 820
1276 259 510
1453 70 70
1187 66 138
1313 454 697
1220 603 817
1754 317 67
1228 560 1120
1307 1932 770
1308 77 79
1305 62 101
1387 460 187
1185 66 85
1258 391 546
1223 191 734
1276 304 575
1277 339 502
1454 862 83
1093 144 327
1258 212 314
1176 725 723
1296 440 840
1433 786 610
1357 768 542
1236 294 538
1392 756 750
1317 585 719
1310 402 552
1206 64 71
1073 64 603
1355 954 313
1378 141 73
1388 1926 1931
1287 529 770
1279 486 1105
1336 642 636
1376 407 818
1278 607 656
1312 706 566
1732 831 69
1245 505 486
1389 1056 1134
1226 151 414
1694 162 70
1319 190 342
1464 68 68
1165 63 71
1312 248 491
1268 400 632
1211 96 396
1359 85 68
1195 68 383
903 69 470
1152 381 1087
1453 207 69
1341 382 557
1300 679 678
1006 65 219
1249 509 765
942 73 393
1488 92 70
1265 513 1289
1422 1286 1424
1519 276 68
1216 305 483
1218 123 609
1413 100 74
1206 64 152
1222 62 87
1700 71 69
1114 72 889
1302 66 85
1321 425 412
1709 63 67
1178 361 1223
1334 1365 778
1248 957 856
1322 304 707
1365 214 326
1224 540 812
1354 446 665
1325 466 389
1363 936 451
1228 1134 1869
1319 539 575
1368 419 646
1421 384 81
1330 109 138
1474 349 67
1272 448 887
1164 63 97
1272 146 98
1307 96 73
1318 511 442
1277 76 128
1211 442 1011
1283 65 74
1245 579 706
1446 124 77
1464 463 71
1259 688 561
1467 462 68
1753 84 70
1271 504 1012
933 71 311
1196 410 1246
1453 62 81
1192 103 71
1243 119 70
1212 67 330
1235 85 274
1246 531 816
1305 837 1388
1424 991 959
1220 184 535
1322 438 547
923 69 43
1358 451 592
1257 84 69
1134 66 260
1365 553 365
1322 312 632
1130 594 1419
1238 758 685
1287 63 68
1130 111 1505
1353 492 822
1348 754 699
1320 113 78
1372 1059 560
468 140 362
1340 471 755
1357 610 619
928 108 149
1221 115 385
1358 697 806
1142 543 739
1374 1066 623
1134 707 1242
1392 410 322
1193 288 630
1272 267 802
1304 517 570
1224 1244 1242
1285 312 1210
1322 299 552
1751 235 68
1304 63 128
1514 1932 291
933 91 142
1273 314 837
1188 71 296
1275 74 139
1176 424 711
1289 382 1070
1754 180 149
1357 535 505
1141 64 273
1358 232 96
1177 73 78
1363 305 817
1270 63 68
1261 571 501
1320 534 669
1376 220 541
993 108 333
1363 468 657
1328 622 656
1191 416 1232
1281 395 486
1241 662 816
1394 63 77
1292 566 862
1217 746 569
1240 814 842
1304 487 768
1495 156 91
1098 63 342
1201 187 840
1284 358 555
1150 63 315
1336 713 476
1309 648 505
1240 956 1003
1273 534 69
1403 68 113
1753 143 72
1365 697 668
1340 66 71
1325 447 700
1381 299 390
1291 301 656
1337 358 699
1236 688 893
1373 64 70
1376 495 487
1292 77 516
1267 395 985
1203 732 1161
1257 498 522
1202 560 841
1314 138 526
1187 586 742
1202 286 83
1405 438 114
1339 747 339
1297 65 93
636 90 264
1345 498 800
1118 63 145
1081 72 1931
1284 681 738
1363 239 388
1201 151 225
1381 338 594
1717 86 69
1544 67 68
1033 70 278
1281 406 468
1120 248 1656
1362 1223 451
1148 813 1513
1295 434 973
1287 473 427
1139 794 944
1348 843 861
1314 435 1111
838 87 119
1321 65 132
1191 80 310
1393 792 204
1216 63 150
1256 625 311
1506 240 68
1237 404 1001
1450 105 78
1183 66 91
1074 69 188
1251 76 310
1320 192 159
1065 78 94
1284 77 372
1362 63 146
1392 1931 1931
1373 104 70
1263 447 571
977 85 331
1167 401 689
1257 921 787
1754 671 71
1317 370 732
1280 1357 1930
968 87 136
1546 139 110
1222 475 810
1250 121 89
1289 218 556
1210 499 1166
1223 507 599
1231 217 669
1449 91 70
1708 63 67
1331 281 108
1007 1376 1927
1213 333 527
1252 887 929
1222 66 204
1644 64 67
1232 511 615
1355 340 314
1252 512 761
1034 63 86
1377 1080 600
1376 588 175
1297 594 694
1296 96 102
1216 64 108
1260 875 962
1253 789 555
1093 177 1043
1284 413 656
1460 182 68
1202 94 396
1326 300 869
1210 482 720
1332 63 323
984 100 101
1233 385 780
1544 86 72
1208 364 1038
1077 79 999
1452 77 68
1755 67 69
1294 602 514
1325 537 414
1412 745 120
1362 90 170
1307 304 103
928 310 1932
1242 567 1205
1266 507 601
1203 63 180
1347 80 68
1648 63 67
1207 403 969
1410 1732 160
1247 408 738
1285 357 827
1222 417 1551
1317 322 645
1426 537 76
1300 348 725
1220 63 290
1261 64 88
1414 64 68
1266 64 95
1331 645 656
1281 320 544
1230 320 1037
1241 493 818
1251 1112 698
1755 98 68
1335 460 837
1274 377 663
1346 258 334
1324 377 836
579 168 412
1275 452 759
1342 509 493
1249 559 846
1317 584 789
1217 352 815
1327 521 439
1375 70 79
1384 87 69
1188 66 171
1203 712 1366
1332 600 465
1282 1156 981
1255 620 1288
1289 451 464
1358 64 178
1206 67 154
1120 192 893
1327 705 1157
1334 541 676
1415 64 99
1278 185 760
1187 1011 1237
1114 66 336
1293 304 627
1108 63 173
1301 607 805
1191 816 1933
1482 350 119
1026 135 156
550 93 1086
1232 762 820
812 79 358
1298 236 581
1111 64 394
1229 660 547
1357 568 455
1314 873 859
1170 64 413
1320 277 858
995 78 143
1256 107 75
1345 502 1022
1308 542 492
1309 111 841
1300 624 826
1411 459 583
1300 456 676
1218 64 220
1326 145 802
1367 66 145
1363 479 387
1302 76 71
1090 73 170
1289 511 850
1295 461 1915
1657 294 68
1206 229 700
1333 538 448
1203 442 750
1354 413 882
1264 395 1564
1315 277 659
1348 482 525
1350 517 502
1344 973 954
1305 382 417
1462 601 188
1271 149 495
1494 64 69
1326 1121 830
1277 227 169
1164 1109 1391
1395 63 133
1270 645 879
1311 82 67
1311 1039 885
1097 74 255
1280 239 111
1423 1055 868
1281 288 731
1425 270 69
1369 129 68
1047 134 1582
1341 85 70
1280 399 571
1089 241 1691
1260 63 478
1565 172 68
1284 567 124
1202 394 753
1155 1466 1191
1319 650 616
1166 63 73
1260 855 1216
1267 263 147
1753 82 72
1115 171 125
1304 378 624
1287 127 175
1209 605 886
1110 148 81
1357 512 453
1438 1933 503
1309 510 989
1312 675 755
1277 326 288
1383 574 814
1213 766 703
1206 500 665
1265 637 998
1339 394 310
1349 252 125
1540 1641 72
1329 84 236
1447 258 74
1375 752 1173
1199 549 1026
1259 455 1505
1246 241 880
1243 527 1005
1185 540 839
1213 275 797
1302 635 699
1558 128 74
1255 79 97
1604 266 70
1222 339 526
1282 256 1776
1234 63 71
1367 99 101
1287 359 731
1241 107 923
1318 593 1683
1213 369 920
1319 575 834
1264 374 543
1083 63 89
1307 417 749
1190 236 1006
1156 65 73
1279 63 69
1232 1100 760
1338 438 760
1257 623 853
1396 805 825
1345 1814 1310
1163 470 728
1269 475 828
1359 141 94
1273 336 387
1555 297 68
1241 829 1263
1333 159 120
1288 198 384
1332 908 92
1226 731 1385
1279 530 611
1207 459 1446
1242 63 81
1253 83 73
1433 88 68
1755 205 69
1301 930 759
1175 181 496
1295 322 1115
1232 733 818
1126 359 864
1489 500 79
1040 113 533
1195 151 189
1240 600 1065
1216 421 1019
1412 64 68
1205 360 519
1287 402 607
1456 1033 786
1308 74 68
1309 546 670
1357 1167 87
1535 104 68
1108 66 126
987 65 292
980 76 357
1295 706 674
1484 159 68
1669 67 68
1252 64 220
1227 131 652
1297 99 69
1755 131 75
1553 65 76
1401 221 116
1581 176 68
1511 64 185
1577 82 69
1217 115 82
1151 67 145
1256 998 109
1232 299 692
1349 65 95
1421 1109 783
1382 397 204
1320 313 494
1482 69 68
1230 730 1017
1275 614 982
1261 64 98
1325 689 1346
1319 72 146
1684 750 67
1312 66 164
1165 76 87
1333 771 1602
1217 186 95
1126 271 1932
1221 488 925
1338 562 476
1257 200 235
1326 522 645
1403 63 68
1214 291 1070
1343 159 70
1322 581 662
1277 378 524
1573 261 73
1182 183 628
1748 68 74
1321 412 417
1248 562 1188
1693 68 71
1302 738 850
1312 445 446
1353 77 70
1383 744 68
1322 355 467
1204 573 1068
1318 283 830
1183 274 850
1337 485 903
1403 616 807
1292 71 150
1427 68 184
1228 601 1703
1321 137 457
1245 376 342
1263 226 589
1340 560 1038
1311 247 542
1408 1155 162
1171 112 1050
1052 65 109
1335 137 286
1351 279 490
1248 64 277
1564 1464 140
1286 118 68
1347 1002 884
1255 326 990
1224 367 626
1211 302 569
1475 67 67
1224 69 80
1250 71 366
888 149 159
1364 274 477
1154 62 369
1330 123 292
1320 553 454
1305 688 1174
1389 1130 608
1242 383 1053
1374 462 548
1210 523 824
1117 66 325
1268 345 706
1115 81 789
1273 370 820
1263 725 882
1305 671 674
1207 481 827
1369 130 70
1263 146 264
1295 402 633
1260 89 70
1397 167 259
1297 64 192
1340 611 551
1453 84 69
1383 214 122
1317 740 70
967 66 1284
1282 691 506
1098 64 330
1335 327 407
1754 80 71
1265 347 524
1316 1816 722
1273 358 637
1147 234 443
1338 767 921
1346 366 704
1305 1304 561
1377 957 828
1751 69 67
1197 937 670
1757 180 165
1508 1933 140
1405 64 72
1304 280 521
1178 64 70
1228 676 1140
1252 63 161
1125 65 290
1395 68 84
1036 67 87
1349 617 896
1305 450 1704
1270 394 1015
1255 481 619
976 71 726
1280 83 212
1245 169 73
1314 571 1010
1243 70 111
1286 65 68
1341 385 765
1234 751 1895
1499 654 68
1346 88 162
1210 361 666
1699 63 68
1333 97 882
1276 64 71
1387 132 101
1109 77 85
1224 377 838
1247 538 825
1100 700 1217
1330 63 87
1343 503 480
1244 65 91
1241 518 646
1216 436 1146
1335 547 927
1157 99 401
1184 117 203
1358 64 78
1269 499 1239
1334 530 550
977 66 565
1326 68 82
1354 878 1119
1341 435 435
1275 74 203
1239 262 769
1277 63 92
1754 182 68
1315 310 707
1320 641 680
1119 63 77
1396 1307 197
1188 101 79
1369 489 593
1251 336 1031
1328 589 786
1306 1251 68
1212 271 1366
1342 517 668
1227 295 826
1310 657 751
1360 97 151
1306 384 627
1420 62 104
741 156 183
1158 106 468
1265 75 316
1122 67 89
1350 243 93
1142 777 881
1349 1932 76
1381 634 662
1199 127 368
1205 969 880
1243 344 503
1151 327 544
1207 599 73
1223 64 73
1232 321 1277
1278 997 745
1179 79 167
1360 237 233
1308 476 755
1348 103 75
1287 624 276
1244 284 492
1285 1079 1887
1420 63 69
1255 96 379
1161 63 87
1087 65 193
1396 180 93
1309 353 632
1295 382 798
1424 762 235
1386 1763 807
1117 321 1729
1734 111 68
1235 75 368
1358 493 808
1157 69 812
1222 64 165
1353 525 1295
1348 899 444
1300 452 545
1345 539 648
1321 271 722
1636 316 73
1311 77 69
1252 131 69
1143 96 73
1272 127 1018
1091 68 962
1314 627 655
1305 369 407
1327 290 626
1227 63 209
1370 63 78
1291 988 687
1354 381 68
1588 364 68
1324 206 568
1425 354 478
1210 550 1477
949 76 1220
1442 984 961
1226 485 396
1309 418 934
1439 66 69
1328 584 615
1285 466 1009
1748 63 68
1352 204 118
1142 110 74
1226 610 888
1290 460 596
1449 552 72
1249 567 642
1505 136 68
1292 382 1172
1365 581 842
836 130 222
1300 773 533
1206 69 185
1310 576 713
1637 244 67
1400 134 69
1439 800 257
1177 69 504
1147 1115 804
1242 772 760
1287 526 728
1399 1933 1597
1507 105 88
1262 411 563
1268 665 335
1032 142 1588
1354 64 71
1295 358 402
1510 975 1837
1362 445 846
1227 512 1389
1313 697 474
1293 63 110
1292 83 132
1199 292 1019
1542 63 68
1230 434 909
1256 509 698
1446 146 68
1321 615 759
501 138 1048
1478 82 87
978 100 149
1293 700 1689
1148 565 1762
1231 303 676
1265 342 522
1301 1074 873
993 92 100
1291 380 725
1258 71 71
1753 111 68
1218 515 1347
1243 66 246
1281 402 551
1621 159 68
1238 63 147
1232 389 963
1369 355 510
1225 79 159
1305 558 614
1232 575 579
1354 281 249
1222 821 1194
1100 82 1120
1421 170 84
1396 694 479
1754 104 69
1197 85 472
1307 1162 1010
1598 65 69
1176 562 964
1310 439 622
1278 75 173
1186 521 788
1293 330 826
1227 65 79
1215 958 1281
1198 330 728
1295 368 555
1301 64 68
1405 149 68
1214 857 710
1258 297 502
1353 647 582
1707 474 68
1476 716 71
1334 95 230
1302 409 1113
1217 70 1907
1270 439 860
1248 278 674
1328 1831 899
1748 362 69
1741 87 67
1154 67 189
1326 987 601
1333 409 385
1410 552 224
1400 584 628
1310 738 933
1413 250 69
1180 76 284
1298 448 422
1261 381 1018
1631 270 68
1333 1932 228
1311 375 13
1506 1545 730
810 115 220
815 103 354
1290 305 528
1102 222 1221
1423 393 437
1214 69 285
1350 982 1663
1259 608 568
1223 502 607
1239 573 1127
1291 334 956
1173 135 84
1549 64 68
999 64 105
1267 756 939
1248 381 736
1223 62 70
1268 65 130
1317 544 500
1376 614 1185
1276 383 1068
1290 475 718
1252 915 1243
1421 69 70
1390 69 68
1406 447 87
1253 288 714
1245 846 778
1347 818 427
1319 561 785
999 83 123
1340 542 478
1032 67 103
1245 337 574
1381 65 252
1262 531 1519
1430 169 120
1293 244 705
1287 463 152
1362 590 1096
1432 66 68
1219 650 1116
1329 371 627
1381 82 69
1296 383 805
1397 966 1314
1150 114 659
1265 207 73
1273 762 474
1290 440 290
1276 317 771
1321 125 344
1315 368 615
1350 82 142
1658 120 89
1317 387 350
907 118 142
1319 818 454
1344 68 118
1202 355 1279
1253 346 615
1179 628 1907
1211 443 1178
1310 1041 602
1305 360 651
1061 72 303
1252 412 685
1290 369 607
1260 56 156
1255 442 579
1237 311 473
1218 509 835
1239 68 105
1284 254 679
1241 694 1031
1462 156 90
EOM 99494 146657 2210 0 0 0 0 0 0 0 0 0
1723 152 68
1205 406 1304
1420 723 616
1178 63 86
1381 592 68
1282 643 554
1288 625 564
1217 66 187
1341 1489 582
1379 74 116
1241 864 1141
1325 744 824
1264 466 863
1274 68 90
1243 98 206
1274 325 854
1308 400 424
1347 63 136
1548 136 120
1163 409 930
1395 1933 136
1184 122 758
1172 64 263
1402 242 76
1307 678 589
1278 252 558
1290 968 1437
1139 64 89
1239 63 67
1302 553 579
1381 555 669
1199 247 1250
1318 64 68
1184 567 911
1317 201 181
1354 628 675
1199 660 1315
1513 71 68
1202 104 1178
1070 69 328
1261 483 667
1151 646 1265
1371 518 493
1162 74 209
1263 547 1558
1268 327 539
1753 106 69
1282 435 409
1249 284 279
1247 912 1357
1295 368 759
1350 179 303
1338 487 1134
1258 512 1263
1421 740 544
1316 620 979
1520 188 68
1241 553 1043
1219 63 94
1406 963 1142
1250 392 1364
1270 609 740
1207 751 555
1410 222 446
1285 893 752
1124 691 1193
1217 740 300
1460 63 68
911 95 192
1345 550 305
1261 63 234
1236 120 73
1235 470 1102
1087 77 458
1392 64 67
1748 183 67
1243 284 634
1329 419 497
1308 607 793
1583 86 72
1225 67 427
1383 66 68
1314 562 752
1209 528 524
1309 443 1330
1275 110 131
1317 389 961
1385 1055 163
921 104 199
1111 65 160
1442 65 69
1168 618 997
1251 106 78
1508 1933 450
1456 63 72
1364 63 68
1275 295 628
1750 375 67
1262 440 938
1377 633 83
1250 512 1253
1281 590 791
1282 537 973
1352 535 449
1207 323 1589
1448 431 82
1247 445 815
1189 64 1822
1320 540 223
1329 659 543
1495 259 72
1312 799 1126
1321 531 931
1328 1600 68
1382 66 80
1267 374 773
1363 73 251
1667 1160 74
1184 435 784
1166 251 1932
1415 607 513
1754 190 122
1157 99 78
1299 216 412
847 90 241
1167 1048 772
1239 222 338
1377 221 68
1317 113 94
1186 69 565
1243 229 859
1322 275 111
1365 363 424
1242 753 333
1247 434 679
1327 341 527
1438 1448 1320
1085 65 86
1507 143 68
1528 69 72
1241 458 966
1361 508 178
1349 432 396
1196 106 384
1261 453 452
1400 365 103
1428 190 68
1756 107 68
1244 961 1053
1314 645 784
949 76 157
1288 545 986
1254 282 765
1498 1933 78
1237 630 1684
1247 106 84
1337 695 1151
877 74 126
1561 87 70
1735 73 74
1262 371 820
1305 66 431
1286 78 157
1461 711 641
1287 467 450
1199 142 791
1284 473 651
1244 1046 1020
1278 547 861
1143 1145 1932
1315 64 286
1574 80 68
1302 410 657
1192 64 89
1355 258 474
1369 115 268
1278 611 1205
1201 399 882
1185 264 1932
1297 609 911
1220 571 1092
1273 1137 837
1214 80 266
1592 81 67
1314 182 414
1355 894 546
1266 257 533
1462 75 75
1424 80 67
1453 459 580
1174 806 1583
1292 1094 1012
1388 326 581
1339 233 389
1280 70 71
1237 351 675
1256 379 788
1282 474 554
1457 101 68
1188 605 431
1191 64 256
1505 858 71
1210 86 612
1750 444 67
1225 67 242
1260 500 1457
1266 88 152
1190 463 1634
1629 64 69
1233 376 938
1272 485 698
1286 544 795
1136 80 95
1436 134 79
1443 67 68
1300 925 1870
1217 77 69
1306 1933 1916
1395 658 67
1484 193 68
1249 243 459
1360 685 382
1329 107 100
1305 279 614
1213 1932 1460
1398 257 549
1308 1321 587
1348 437 1377
1345 469 603
1255 412 766
1397 369 526
1252 68 92
1467 1567 538
1244 498 991
1181 444 745
1336 607 715
1315 420 719
1411 132 86
1145 82 167
1261 399 531
1255 572 770
1115 65 80
1341 1870 989
1351 537 713
1472 67 67
1328 491 931
1112 81 86
1293 654 696
1254 633 1303
1292 64 136
1361 652 299
1389 839 236
1327 516 524
1397 81 124
1458 117 67
1257 787 1055
1367 331 68
1297 84 76
1756 104 81
1359 177 85
1302 958 1558
1296 136 164
1297 665 597
1374 718 1325
1293 523 834
1258 636 755
1450 167 95
1208 401 1099
1261 435 880
1362 510 586
1301 408 501
1390 551 619
1243 887 1117
1211 808 1198
1338 668 1112
1184 471 609
1232 74 79
1225 380 1017
1383 92 71
1342 113 355
1381 91 68
1413 93 69
1685 66 68
1249 332 1230
1325 397 1182
1530 239 68
237 122 861
1589 64 68
1573 66 71
1302 63 171
1392 805 813
1172 212 1931
1274 303 416
1331 487 842
1254 271 641
1400 685 194
1406 63 72
1340 698 1219
1205 231 1161
1351 510 666
1055 209 1796
1249 898 541
1218 865 992
1274 280 471
1237 307 860
1442 63 67
1456 77 75
1353 230 362
979 145 133
1334 571 672
1629 66 68
1274 805 877
1227 81 279
1134 196 1402
1329 141 245
1388 625 310
1754 91 79
1299 328 601
1749 764 68
1161 421 714
1316 484 638
1122 647 891
1219 654 922
1131 729 1181
1223 498 980
1206 760 1198
1503 63 68
1340 589 800
1379 332 425
1503 66 76
1749 66 67
1271 93 192
1091 80 101
1454 63 68
1158 236 1090
417 169 269
1313 490 815
1370 902 506
1556 68 69
1212 280 1125
1298 393 752
1465 90 69
1216 498 543
1122 76 294
1383 437 458
1360 647 958
1233 808 1409
1320 588 1157
1525 206 68
1294 427 638
122 147 136
1252 167 148
1307 401 322
1194 73 366
1355 584 930
1283 331 417
1409 1020 575
1192 591 753
1209 64 90
1349 715 775
1243 337 878
1293 247 334
1281 307 517
1395 229 535
1281 836 772
1468 150 68
1221 1344 1214
1212 75 183
1235 456 958
1261 79 154
1401 773 745
1205 64 76
1337 526 474
1499 1072 1930
1194 64 227
1330 564 115
1281 218 722
1328 434 363
1218 746 766
1406 65 68
1277 424 818
1200 468 651
1321 488 545
1278 580 944
1222 329 786
1394 1129 459
1439 62 68
1662 500 76
1426 183 68
1468 128 68
1214 86 73
1098 80 154
1292 314 659
1300 455 864
1533 1933 101
1458 325 68
1401 599 574
1336 468 432
1110 68 86
1107 85 91
1231 285 779
1288 823 71
1283 343 608
1186 385 682
1369 543 67
1251 75 107
1240 716 855
1220 650 787
1331 940 1588
1100 390 979
1219 779 1881
1240 247 642
1322 666 793
1223 99 196
1204 76 78
1290 196 147
1084 137 221
1171 64 159
1337 742 703
1337 1101 968
1136 245 1367
1291 1454 805
1259 67 69
1362 67 95
1336 413 996
1381 349 370
1207 238 503
1360 1932 1932
948 71 341
1329 395 598
1236 291 771
1270 74 86
1361 65 453
1224 112 84
1329 114 70
1296 302 287
1362 608 71
1110 74 314
1723 113 96
1292 176 153
1529 67 81
1264 92 446
1303 379 780
1344 484 76
1274 440 519
1248 504 777
1288 272 208
1280 710 779
353 72 173
1302 636 708
1490 65 75
1240 694 911
1241 467 624
1502 71 86
1413 95 71
1192 684 838
1435 66 198
1410 221 76
1388 264 77
987 65 120
1274 696 1065
1307 149 92
1381 162 99
1265 64 79
1647 1183 73
1290 623 317
1201 428 702
1258 429 434
1267 913 1529
1224 295 508
1338 86 137
1481 375 121
1317 256 133
1276 347 651
1750 84 68
1300 308 552
1347 517 547
1236 721 1223
1315 635 521
1216 345 915
1249 68 222
1290 929 906
1341 466 525
1277 64 69
1564 108 73
1297 318 540
1397 622 503
1322 373 510
1479 1933 109
1222 134 111
1281 64 69
1240 784 668
1311 619 69
1302 368 88
1230 226 502
1333 573 1399
1412 64 68
1304 598 806
1667 70 100
1397 272 74
1193 87 172
1278 401 176
1489 194 88
949 127 133
1260 846 386
1197 283 686
1382 67 68
1311 122 160
1333 629 557
1295 353 635
1400 115 114
1332 434 651
1480 139 67
1202 599 1333
1304 579 764
1658 63 68
1327 1301 566
1180 96 378
1333 616 663
1232 845 1069
1251 827 1658
1350 542 595
1219 190 687
1270 64 240
1308 99 362
1266 311 715
1555 63 67
1282 574 940
1218 248 1640
1314 307 646
1302 408 665
1340 433 748
1298 572 832
1244 584 1708
1303 70 109
1064 77 1932
1315 625 1229
1302 518 1313
1252 301 661
1414 1843 159
1295 414 671
1231 604 1117
1300 455 507
1124 29 292
1050 88 1296
1262 585 934
1329 495 437
1278 63 68
1240 67 9
1252 575 1350
1187 787 933
1756 158 68
1125 64 77
1244 221 974
1473 502 82
1352 571 437
799 88 292
1388 687 494
1305 480 200
1071 319 34
1396 323 95
1306 763 721
1138 90 297
1200 750 712
1355 87 68
1339 64 68
1305 608 275
1294 220 71
1389 334 537
1400 1933 154
1386 716 698
1434 857 386
1257 308 960
1755 189 68
1753 267 112
1283 538 651
1203 599 856
1158 983 1526
1297 334 414
1289 651 798
1545 87 67
1378 634 766
1225 64 210
1370 199 71
1305 236 638
1315 70 78
1372 249 263
1253 312 823
1357 76 137
1165 64 158
1499 71 102
1245 433 1254
1264 389 722
1520 65 68
1391 377 418
1280 603 717
1483 61 68
807 104 179
1223 80 94
1706 204 133
1264 680 705
1220 732 1220
1277 511 676
1083 298 1502
1341 765 807
131 136 321
1272 389 910
1342 1434 1510
1243 403 132
1529 179 69
1306 697 1401
1270 471 1096
1280 900 1129
1149 70 113
1509 127 144
1307 671 858
1434 83 70
1358 738 686
1438 147 96
1208 62 155
1156 63 149
1743 510 72
1307 447 1356
1610 1511 68
1297 515 699
1256 569 906
1367 328 418
1015 67 94
1314 1700 1916
1238 65 70
1294 358 669
1318 70 83
976 92 362
1233 871 1101
1338 63 74
1478 84 73
1459 352 68
1341 317 69
1269 75 77
1246 646 495
1379 1018 1460
1304 435 608
1369 232 143
1451 64 68
1351 950 991
1150 63 150
1377 605 325
1119 65 1287
1203 967 1609
1224 532 712
1285 90 68
1050 78 431
1704 64 69
1207 432 584
1158 69 194
1122 64 283
1321 258 577
1552 74 67
1284 286 725
1280 663 891
1110 96 129
1082 414 933
1303 483 1099
1166 369 1030
1292 341 1011
1355 516 72
1379 566 163
1284 67 69
1282 508 228
1556 211 190
1435 65 68
1254 107 86
1547 94 92
1619 63 70
1218 344 659
1238 256 692
1504 212 68
1202 281 493
1316 504 834
1348 416 557
1755 116 70
1638 69 67
1323 396 737
1308 72 220
1255 644 1230
1383 97 263
1230 703 60
1314 591 286
1759 172 99
1291 446 551
1301 550 886
1024 86 112
1383 284 76
1500 110 67
1245 662 1043
1230 610 1095
1163 1932 1715
1354 579 512
1265 326 740
1300 478 889
1158 317 772
1214 97 78
1236 505 1065
1408 150 70
1187 64 238
1209 209 1781
1280 570 450
1340 425 633
1043 75 1134
1580 387 130
1275 232 785
1290 526 313
1299 224 678
1366 352 698
1311 579 1497
1257 385 953
1439 154 68
1280 453 558
1298 292 1016
1333 559 397
1259 388 626
1448 74 67
916 80 224
1756 1933 67
1151 64 518
1264 73 70
1341 543 721
1236 289 565
1753 465 67
1458 233 90
1298 744 1032
1296 606 1119
1295 668 104
1151 1385 1668
1289 395 827
1243 564 1047
1337 366 17
1442 267 364
1269 750 1350
1342 802 1257
1207 826 1274
1252 763 1162
1390 813 1214
1427 462 69
1235 1010 522
1387 78 160
1548 75 88
1354 411 489
1265 82 448
1074 64 848
971 99 177
1256 1200 556
1089 79 86
1234 422 1087
1378 542 419
1299 753 1531
1285 68 119
1209 494 1610
1130 67 175
1164 70 117
1287 650 780
1325 727 516
1302 73 68
1304 443 547
1201 395 1085
1206 384 1078
1342 400 645
1304 114 171
1096 538 1255
1222 65 129
1271 574 865
1300 378 489
1289 65 70
1259 134 69
1369 264 136
1315 112 100
1320 186 231
1288 685 614
1753 101 68
1273 377 405
1204 411 1441
1324 973 1492
1151 77 77
1263 353 952
1377 76 209
1278 548 734
1217 1123 1313
1211 693 935
1320 308 764
450 107 458
1193 63 383
1326 1063 1044
1752 123 67
1371 1122 148
1287 313 1083
1285 74 79
1216 71 148
1280 837 1123
1753 143 70
1152 341 586
1115 133 1016
1246 945 1088
1135 691 1083
1292 428 698
1317 744 1062
1297 519 645
1176 482 892
1605 283 72
1020 113 93
1406 1446 158
1112 63 314
1243 668 633
1297 72 305
1276 502 666
1431 63 67
1239 677 1517
1296 474 553
1624 132 68
1343 1808 1754
921 68 619
1124 63 208
1160 104 98
1271 513 1013
1319 365 740
1345 644 824
1282 63 82
1349 545 942
1360 63 69
1423 65 67
1400 744 685
1213 410 824
1340 511 492
1317 70 201
1096 63 278
1263 146 70
1482 603 112
1310 525 1625
1299 527 809
1315 92 68
1364 535 569
1235 1054 1462
1312 584 966
1390 393 516
1632 210 68
1293 306 728
1324 412 799
1203 404 481
1274 69 289
1209 66 141
1325 529 900
1390 737 661
1065 78 148
1333 656 602
1311 66 87
1249 272 798
1315 734 697
1356 1933 436
1286 373 687
1420 100 71
995 646 220
1267 415 1472
1355 388 290
1257 452 561
1585 651 202
1225 529 624
1264 719 397
1247 863 1262
1483 71 69
1320 70 245
1284 439 663
1389 67 80
1113 63 154
1204 186 1121
1258 321 955
1117 430 1736
1417 65 259
1720 81 71
1126 64 220
1245 78 407
1072 530 1269
1294 396 596
1158 87 1440
1253 637 639
1744 702 67
1260 160 70
991 64 310
1361 814 532
1260 68 77
1383 720 170
1377 241 71
1105 246 1035
1411 1932 1095
1311 64 190
1235 409 541
1596 970 69
1362 63 112
1444 65 205
1318 376 859
1373 243 68
1300 519 1015
1425 373 87
1105 81 79
1235 1134 913
1236 714 485
1155 63 398
1232 91 74
1393 749 575
1255 64 85
1304 563 823
1319 921 993
1362 387 373
1754 103 68
958 83 106
974 66 596
1256 577 725
989 66 1420
1104 375 1271
1448 208 68
1176 63 306
1285 606 135
1271 265 1419
1219 577 1186
953 84 135
1166 66 373
1030 76 163
1755 1932 68
1753 382 111
1249 345 656
1609 79 70
1200 354 625
1265 63 278
1380 64 68
1228 441 1206
1406 739 712
1489 404 72
1329 294 390
1165 210 1253
1335 528 526
1009 96 97
1328 204 1204
1360 62 1009
1298 388 691
1382 80 70
1435 1151 810
1313 872 741
1228 65 286
1349 495 309
1352 72 88
1042 73 142
1453 64 81
1313 445 455
1278 328 898
1503 64 113
1352 583 821
1293 301 679
964 74 185
1021 83 92
1106 71 575
1754 251 67
1189 66 135
1366 64 124
1194 66 70
1506 63 88
1363 63 70
1257 64 68
1133 375 1913
1317 365 350
1514 417 471
1363 498 780
1308 64 218
1328 528 485
1211 1135 1306
1247 77 172
1229 66 349
1274 64 73
1336 451 983
1337 150 258
1456 1696 76
1309 489 764
1264 372 981
1250 414 755
1374 566 622
1285 316 433
1750 386 69
1315 439 635
1194 385 672
1318 71 74
1280 312 462
1219 723 1177
1551 72 68
1163 527 893
1338 75 71
1755 99 80
1292 251 80
1255 1923 1932
1451 1456 1370
1405 68 69
1303 393 437
1309 130 337
1308 497 754
1313 527 936
1276 264 581
1353 660 566
1260 289 77
1192 483 535
1278 1184 878
1381 104 111
1402 916 29
1315 103 655
1274 711 885
1167 68 144
1276 427 928
1311 707 664
1310 270 694
1757 1151 71
1359 688 618
1263 627 1643
1409 91 69
1361 94 71
1328 1529 1921
1181 151 824
1153 66 163
1453 94 68
1319 1119 707
1299 302 662
1221 213 548
1268 84 101
1320 373 549
1195 369 818
1292 394 870
1244 1617 694
1422 65 92
1702 298 70
1415 958 850
1346 549 1116
1381 63 67
1279 418 607
1310 528 597
1302 850 845
1208 1677 1626
1307 65 73
1296 424 857
1398 63 68
1258 73 463
1318 249 1040
1311 422 726
1264 155 69
1354 643 1226
1316 65 321
1264 471 837
1413 231 349
1660 62 68
1255 73 69
832 86 419
1296 107 71
1264 646 891
1323 17 899
1368 446 1301
1261 463 1264
1470 1592 69
1303 681 751
1321 443 1064
1501 68 78
1395 497 396
1375 760 601
1312 393 651
1237 63 69
1359 878 1749
1287 1194 1120
1326 471 922
1284 246 849
1413 790 942
907 74 992
1575 66 67
1255 337 791
1756 578 69
1366 70 73
1287 560 561
1365 115 69
1389 961 426
1279 81 240
614 149 411
1625 64 68
1201 352 754
1256 529 968
1292 265 765
1390 586 962
1439 228 68
1389 73 72
1168 64 189
1356 288 208
1314 443 862
1123 428 1352
1196 636 498
1240 410 933
1498 222 114
1251 474 709
1248 543 712
1212 519 1338
1333 590 722
1249 518 1535
1329 70 205
1257 927 1485
1251 126 233
1345 334 470
1358 299 598
1400 121 118
1105 767 1187
1177 68 559
1306 87 263
1292 72 69
1276 312 819
1420 1792 69
1296 531 888
1193 70 74
1623 368 68
1227 372 656
1757 1933 70
1364 144 69
1468 64 67
1263 74 74
1260 64 80
1261 68 69
1368 783 222
1753 172 88
1294 777 659
1525 134 68
1329 580 727
1243 796 1224
1359 76 68
1339 350 531
1249 325 1403
1749 228 70
1276 495 848
1238 64 362
1224 228 1384
1323 1164 1272
1222 640 959
681 130 319
1168 397 657
1303 261 517
1443 77 68
1226 341 680
1744 101 91
1214 377 568
1237 408 651
1249 424 726
1185 451 1229
1411 849 1032
1276 91 623
1208 659 630
129 105 434
1184 102 189
1274 62 68
1241 139 407
1366 273 430
1211 790 1289
1390 357 371
1266 624 852
1312 276 79
1311 792 1109
1200 112 163
1318 91 78
1463 1848 184
1199 106 1527
1296 64 104
1100 486 1523
1200 531 676
1751 86 70
1220 923 1850
1301 991 752
1289 308 418
1228 674 800
1206 65 174
1261 331 983
1291 532 647
1276 735 770
1217 430 662
1290 412 596
1163 455 622
1389 916 1170
1364 73 168
1172 63 413
1329 396 576
1318 139 139
1362 148 278
1375 277 70
1389 308 433
1261 751 1097
1684 348 76
1277 676 89
1652 96 67
1355 618 794
1333 512 572
1283 659 533
1318 183 144
1088 64 115
1534 114 108
1274 65 410
1231 447 504
1291 577 951
1234 151 246
1164 77 135
1199 405 1090
1052 64 110
1754 261 67
1555 63 86
1229 64 72
1262 880 560
1245 417 918
1108 66 92
1273 63 70
1169 76 406
1341 1932 1062
1414 286 114
1272 247 236
1224 1257 527
1756 78 67
1605 285 70
1379 68 71
1315 64 248
1236 92 608
1130 63 448
1264 71 71
855 94 167
1488 183 68
1325 1299 969
1344 1932 398
1268 340 672
1321 64 191
1254 510 648
1308 175 465
1323 245 69
1152 306 1218
1285 764 215
1285 690 1198
1188 541 1932
1390 398 463
1222 229 559
1345 1491 1121
1321 443 516
1150 74 163
1359 497 494
1193 73 309
1138 86 1184
1228 285 653
1403 96 156
1241 617 1123
1140 399 1570
1255 303 456
1214 69 302
1075 73 196
1307 436 635
1320 554 814
928 69 155
1256 403 1661
1242 965 902
1321 87 236
1286 263 723
1523 65 68
1147 64 323
1293 157 134
1261 207 913
1022 65 195
1200 63 69
1296 520 848
1491 148 67
1256 667 1188
1313 83 163
1363 732 576
1291 707 1123
1300 63 464
1251 431 591
1248 333 1015
1506 594 69
1418 137 70
1750 183 68
1275 351 536
1528 1932 68
1309 339 814
1236 418 842
1754 81 39
1270 500 459
1202 651 1014
1295 263 485
1488 688 695
1238 130 313
1313 806 1036
1288 340 363
1046 73 252
974 65 446
1234 530 824
1225 184 75
1252 152 216
1629 101 68
1236 384 552
1179 344 706
1389 697 688
1254 445 826
1220 71 616
1221 73 496
1268 64 278
1121 82 123
996 70 1680
1300 453 687
1373 63 69
1338 1830 1930
1299 319 910
1223 89 72
1305 384 367
1371 1473 852
1283 595 659
1303 394 681
1314 435 622
1356 625 475
1343 660 751
1347 444 538
1419 694 410
1181 486 1753
1278 70 123
1250 457 1104
1302 64 68
1303 613 808
1265 387 752
1452 90 67
1371 676 667
1269 686 433
1750 365 75
1358 224 94
1298 443 813
1396 1933 529
1276 537 786
1360 63 85
1318 502 140
1517 64 314
1321 71 473
1727 66 74
1234 407 601
1173 596 1112
1247 1920 1422
1162 1157 562
1223 269 1024
1244 444 844
942 66 244
1324 355 473
1350 983 685
1545 191 120
1179 64 133
1303 739 639
1302 440 1125
1245 502 748
1362 98 233
1224 651 707
1277 686 1549
1445 66 69
1202 84 160
1359 404 631
1345 499 565
1413 114 69
1276 63 69
1048 73 397
1280 64 131
1238 707 279
1192 403 714
1193 409 959
1272 580 1005
1231 508 782
1373 1000 523
1606 86 73
1566 72 68
1262 337 1210
1305 807 808
1271 487 768
1330 65 71
1344 456 638
1299 394 1073
1288 64 108
1327 318 488
1291 234 679
1212 413 580
1291 446 776
1252 1016 1027
1237 419 1122
1205 1931 1931
1749 66 94
1350 610 977
1755 181 68
1286 663 1042
1215 316 333
1171 552 961
1291 70 68
1139 229 1280
1289 584 804
1531 63 67
1156 603 884
1200 66 86
1295 457 962
1393 381 748
1442 102 68
1642 65 67
1348 377 656
1172 92 92
1353 156 549
1295 128 70
1315 311 907
1750 79 68
1341 73 73
1174 492 1094
989 75 374
1170 629 973
1272 622 797
1285 1058 1294
1306 63 72
1120 618 878
1719 76 68
1284 619 791
1150 144 1479
670 115 218
1342 90 71
1682 63 69
1624 64 67
1357 523 612
1359 189 130
1352 105 71
1355 343 80
1356 332 511
1141 476 848
1254 63 419
1171 74 1587
1299 456 463
1347 696 519
1112 79 99
1379 844 516
1264 349 471
1335 289 70
1229 68 80
1359 334 604
1518 64 68
873 79 612
1222 506 748
1397 811 578
1232 399 1004
1395 1089 1782
1752 94 71
1222 369 904
1388 82 75
967 74 180
1221 64 148
1331 111 68
1142 646 55
1277 530 587
1308 457 702
1280 64 70
1158 464 872
1196 486 1933
1216 371 1878
1271 504 839
1756 201 92
1272 440 902
1324 471 631
1350 301 503
1622 62 67
1191 80 80
1447 66 68
1249 64 414
1756 70 67
1363 63 283
1292 186 184
1361 65 68
1295 341 957
1338 995 1926
1437 97 68
1395 591 467
1016 95 1453
1311 348 743
1759 123 75
1274 468 514
1254 1405 1320
1393 704 458
1319 512 607
1354 959 699
1347 817 651
1084 147 1537
1278 685 661
1295 91 77
1353 384 461
1363 239 113
1199 194 235
1288 331 578
1180 64 83
1305 311 561
1219 481 546
1327 203 310
1420 92 67
1285 381 1396
789 66 345
1321 70 238
1187 484 630
1329 64 71
1340 109 69
1675 77 68
1269 330 1133
1205 1669 1158
1141 63 209
1192 69 130
1189 129 481
1259 65 72
1416 150 71
1356 767 661
1162 533 1413
1379 69 94
1616 77 74
1457 89 133
1277 423 459
1272 219 170
1412 93 143
1279 1436 1704
1341 372 556
1320 279 553
1207 540 734
1351 310 520
1322 1276 877
1287 434 702
1332 68 89
1253 63 396
1251 665 706
1298 513 277
1187 325 671
1269 396 512
1234 426 753
1319 523 154
1624 64 72
1638 68 68
1349 598 614
1165 64 298
1262 348 575
1255 445 1114
1282 215 580
1481 869 119
928 99 1007
1581 63 68
1400 69 76
1370 543 1013
1457 79 115
1261 555 1237
1758 148 68
1055 75 1917
1281 70 233
1387 76 158
1304 70 582
1353 374 697
1407 364 430
1256 576 787
731 92 270
1350 972 657
1260 62 215
1330 100 83
1117 71 288
1360 65 71
1280 295 861
1341 368 575
1246 65 77
1337 219 79
1075 69 230
1470 702 518
1352 268 205
1322 591 1143
1195 4063 258
1299 63 71
1247 472 705
1556 90 69
1318 820 1519
1131 335 1509
1378 635 724
1267 518 831
1321 874 717
1291 586 1118
1347 616 777
1292 954 749
1274 344 500
1041 95 88
1363 447 164
1459 99 67
1278 345 893
1759 348 68
1286 384 656
1303 63 71
1190 459 532
1237 68 149
1115 350 902
1291 352 375
1704 291 68
1295 556 430
1308 530 474
1141 3895 261
1363 67 84
1239 406 1230
1271 432 545
1307 504 749
1246 555 1099
1371 85 474
1330 320 426
1205 548 1278
1245 322 755
1351 121 117
1273 695 184
1280 391 605
1326 557 413
1304 69 281
1316 1060 583
1306 473 564
1347 832 68
1749 70 69
1144 64 74
1283 177 174
1198 78 516
1427 65 69
1331 503 483
1257 576 840
1277 583 1004
1270 63 69
1270 63 71
1046 150 430
1321 722 741
1323 461 590
1136 64 71
977 95 186
1541 64 67
1583 173 74
1183 377 1127
1200 64 76
1354 841 1008
1180 64 88
1285 63 112
1079 63 221
1758 77 68
1339 378 416
1248 1511 1038
1509 188 68
1248 304 735
1351 667 729
1286 610 726
1318 326 432
1216 66 116
1177 525 976
1167 301 701
1245 285 741
1495 101 77
1757 75 75
1671 63 69
1277 352 971
1489 299 89
1195 678 1053
1340 645 879
1105 113 1932
1397 655 410
1137 64 215
1318 634 354
1210 622 738
1345 590 695
1263 523 1067
1194 516 878
1233 64 83
1162 979 1183
1350 926 665
1416 541 406
1098 78 1378
1129 337 906
1207 63 72
1277 63 83
1283 205 644
1412 661 694
1205 530 36
1410 623 840
1273 1156 660
1378 868 998
1216 597 507
1294 877 850
1290 317 686
1231 316 1182
1039 83 235
1267 307 254
1250 97 77
1023 1191 1375
1001 108 161
1386 225 201
1220 1888 779
1099 79 77
1324 804 71
1263 706 1081
1453 65 77
1364 440 775
1288 556 990
1248 431 366
1293 437 405
1300 893 645
1259 368 588
1756 282 119
1378 398 393
1212 65 117
1317 395 436
1723 66 69
1203 735 1083
1368 343 651
1266 318 1096
1266 140 548
1299 63 87
1187 67 71
1322 326 936
1241 999 882
1311 492 584
1315 65 68
1094 63 167
1232 406 509
1509 1478 1924
1384 349 145
1016 63 107
1122 64 166
1307 329 708
1210 757 1018
1171 67 94
1410 945 648
1184 316 406
1273 452 832
1396 79 234
1216 63 793
1758 148 90
1260 65 68
1214 821 612
1282 319 601
1516 107 118
1356 868 1377
1448 162 89
1383 383 613
1256 262 721
1338 500 570
1381 605 1355
1292 317 584
1210 69 525
1395 1540 372
1099 227 1791
1322 74 73
1310 345 694
1348 63 79
1187 548 1291
1754 65 67
1755 142 97
1045 89 93
1399 116 68
1343 878 1219
1447 205 73
1316 218 647
1323 587 447
1464 748 79
1301 244 476
1234 63 485
1631 507 75
1362 1648 843
1304 540 907
1372 982 595
1130 193 569
1622 69 71
1322 397 529
1334 63 89
1370 520 475
1275 425 448
1196 69 116
1312 268 585
1243 69 70
975 106 487
1141 1196 1701
1296 607 928
1127 119 77
1368 768 581
1282 72 77
1492 100 84
1393 350 326
1360 428 476
1545 99 68
1316 661 1369
1240 451 718
1234 65 332
1447 148 70
1297 435 999
1279 128 243
1254 295 542
1267 65 158
1306 479 1005
1375 197 416
1223 194 594
1251 71 1031
1333 783 569
1328 656 758
1378 154 70
1213 365 559
1388 543 646
1375 68 68
1137 759 911
1389 559 573
1309 921 335
1327 78 84
1381 199 120
1291 84 131
1366 259 508
978 64 153
1209 203 177
1035 128 93
1261 66 100
656 134 544
1166 64 70
1409 671 950
1468 70 68
1134 921 1771
1233 569 1009
1031 68 155
1278 68 77
1345 288 72
1346 367 525
1124 66 74
1184 405 693
1312 158 158
1134 65 127
1137 113 472
1191 66 126
1531 108 68
1308 564 988
1301 140 72
1326 482 371
1279 519 254
1538 64 71
1285 1932 645
1274 575 1107
1363 319 533
1198 131 325
1301 345 826
1460 625 375
1058 773 1932
846 90 268
1292 85 87
1052 65 1789
1341 159 67
1360 363 504
1186 64 281
1292 634 323
1326 568 921
1383 79 69
1467 113 67
1303 66 97
1747 75 68
1124 63 74
1175 577 714
1385 674 1065
1323 330 482
1442 64 69
1318 509 604
1273 1399 1676
1212 240 587
1212 1070 1732
1273 538 903
1436 63 91
1320 491 645
1272 592 1103
1199 66 446
1252 720 746
1751 63 68
922 78 711
1195 447 888
1300 261 549
1232 605 1056
1344 70 87
1211 494 1121
1230 63 273
1313 1439 1311
1647 79 74
1226 67 77
1300 105 68
1269 330 597
1195 413 887
1271 587 923
1425 460 636
1220 857 1479
1260 930 1692
1257 478 209
1278 424 459
1340 762 583
1207 286 1218
1185 467 1745
1400 177 74
1171 68 332
1306 543 1260
1415 193 1156
1138 459 960
1302 369 163
1300 219 522
1218 351 989
1278 1074 1517
1142 466 1014
1283 165 91
1342 386 676
1376 66 67
1247 446 1633
1487 264 67
1232 744 772
1428 65 83
1079 63 479
1466 103 68
1261 390 1056
1012 65 197
1752 93 68
1296 1151 771
1383 334 594
1396 64 68
1362 194 323
1358 1269 567
1218 70 834
1753 63 67
1311 561 930
1248 605 626
1076 800 49
1303 63 68
1336 602 549
1468 110 68
852 65 134
1756 932 94
1242 227 642
1265 117 144
1352 347 575
1324 539 573
1273 600 782
1307 968 695
1291 64 73
1308 190 72
1354 583 852
1355 679 724
1219 828 478
1308 384 607
1413 497 921
1364 86 68
1244 333 638
1224 109 917
1284 745 989
1268 398 333
1344 1632 897
1111 204 1600
1215 1182 1210
1260 123 70
1274 1098 662
1328 296 684
1267 568 791
1350 342 460
1308 255 572
1226 883 744
1241 190 708
1246 1058 1226
1370 474 317
1342 639 676
1396 468 340
1096 76 85
1449 73 69
1264 67 70
1371 80 68
1281 470 439
1215 388 243
1424 68 92
1303 230 602
1273 64 88
1329 457 760
1250 282 462
1359 339 676
1311 68 108
1144 464 1667
1380 161 91
1177 723 79
1245 767 1371
1264 754 685
1349 556 495
1308 380 390
1279 129 368
1225 90 68
1301 589 757
1259 564 168
1278 505 737
1177 340 552
1332 329 752
1547 63 77
1370 736 1552
1269 1466 1687
1240 131 112
1257 10 810
1259 63 71
141 112 115
1277 481 807
1183 64 81
1504 572 70
1191 543 1079
1288 642 626
1332 348 620
1246 64 294
1204 403 1932
1352 651 113
1365 547 581
1212 79 68
1173 365 1586
1432 185 83
1239 63 194
1162 63 117
1326 80 70
1270 688 1286
1201 562 490
1396 585 552
1755 68 76
1371 851 403
1229 74 71
1316 330 520
1326 64 99
1200 91 89
1373 237 101
1118 65 218
1309 447 892
1268 718 1052
1292 86 142
1554 66 72
1269 469 862
1238 421 995
1271 107 410
1530 82 66
1384 424 713
1273 82 231
1290 63 69
1290 324 924
1389 593 342
1292 252 522
1237 290 907
1155 729 552
1319 432 412
1263 686 560
1302 640 447
1311 902 1040
1297 86 148
1177 286 371
1185 64 73
1364 616 1234
909 113 701
1240 673 800
1395 704 543
1434 142 68
1231 403 777
1212 200 1195
1327 93 84
1482 113 68
1383 87 74
1242 282 1182
1315 240 79
1362 399 537
1193 104 106
1356 363 707
1402 1429 1141
1307 289 573
1377 263 338
1259 570 845
1272 296 807
1267 599 1047
1075 75 1126
1242 428 757
1479 112 67
1397 1337 75
1374 592 544
1216 268 1367
1370 761 1117
1637 63 67
1360 366 475
1308 188 485
1197 503 600
1087 63 107
1065 63 159
1078 235 1878
1245 82 353
1219 65 327
1256 104 850
1059 64 1050
1249 69 69
1252 64 391
1467 438 510
1428 145 181
1350 1180 912
1158 74 675
1435 125 68
1139 396 499
1681 1469 70
1440 70 68
1125 103 275
1754 69 67
1757 206 69
1299 143 107
1178 76 132
1006 223 1483
1277 612 848
1206 878 1029
1087 174 1140
1358 910 1296
1350 613 616
1357 164 74
1447 103 169
1235 63 71
1310 74 78
1305 364 91
1383 725 881
1295 367 633
1323 211 93
1444 318 386
1446 113 67
1319 506 523
1551 839 109
1419 72 71
1328 339 1233
1096 66 111
1250 387 766
1256 577 435
1309 231 532
1136 904 1590
1064 65 553
1292 780 880
1481 824 1137
1139 62 100
1295 341 380
1299 80 120
1378 697 576
1336 79 71
1256 83 74
1755 70 83
1305 821 517
1260 407 1346
1175 251 574
1514 73 69
1171 81 81
1314 66 78
1257 351 329
1278 641 666
1371 164 74
1358 1931 1931
1336 99 126
1338 586 562
1590 65 67
1292 114 197
1327 819 537
1307 721 1047
1264 304 840
1065 66 475
1030 66 579
1465 1510 131
1390 294 109
1332 430 1056
1414 576 135
1265 351 812
1423 1028 683
1207 64 78
1392 1298 334
1294 515 475
1291 546 622
1224 552 1007
1753 166 105
1754 112 68
1295 122 118
1240 336 1045
1259 368 576
1261 500 726
1640 64 67
1110 65 478
972 79 136
1172 262 612
1183 101 320
1188 63 184
1379 401 693
1198 825 642
846 74 179
1313 372 522
1267 295 964
1265 486 971
1292 598 807
EOM 100738 146079 2262 0 0 0 0 0 0 0 0 0
