1322 292 385
1371 844 626
1308 824 750
1251 740 981
1322 252 595
1402 1003 90
1322 277 116
1331 502 540
1297 527 722
1254 379 473
1514 72 77
1127 72 159
1748 67 69
1185 66 225
1282 255 536
1283 626 692
1453 598 582
1351 520 851
1253 654 633
1076 68 683
1254 285 903
1268 751 657
1294 570 627
1251 1117 999
1252 385 620
1747 113 120
1144 64 117
1296 479 695
1391 580 449
1443 67 69
1226 586 1305
1223 99 1370
1234 586 1228
1149 1086 1745
1232 350 1046
1280 678 463
1750 132 98
1270 376 775
1231 1024 1409
1338 512 536
1279 299 383
1253 425 892
1231 904 1553
1251 234 704
1668 748 111
1389 625 798
1368 582 744
1371 64 109
1302 1459 1520
1227 492 441
1234 655 979
1492 1929 809
1266 608 1305
1184 69 102
1620 66 90
1325 88 69
1437 836 72
1319 360 283
1258 347 642
1431 64 69
1217 98 71
1297 467 917
1112 92 1102
1333 638 911
1287 689 1205
1365 71 69
1382 186 77
1299 498 989
1220 64 287
942 256 1712
1244 446 1164
984 80 107
1518 1861 77
1257 65 74
1264 97 98
1628 63 69
1218 509 636
1534 64 69
1095 65 106
1335 379 654
1265 75 85
1267 386 830
1242 64 75
1303 73 358
1324 446 598
1636 64 73
1179 70 89
1212 64 83
1369 255 229
1106 70 108
1210 645 939
1283 636 540
1291 353 716
1291 374 603
1258 827 1126
1191 334 1487
1298 144 147
1251 157 522
1304 1186 809
1301 307 500
1596 66 78
1366 361 616
1606 1077 212
1377 434 378
1279 395 703
1176 76 95
1387 374 186
1494 91 83
1218 65 87
1277 490 923
1176 69 113
1211 65 159
1402 833 1020
1198 373 1337
1436 451 452
1173 64 84
1307 787 1065
1367 360 549
1745 67 68
1372 585 738
1232 162 148
1283 81 173
1707 83 69
1251 433 992
1340 673 955
1503 1658 87
1620 351 68
1303 303 856
1392 573 995
1373 494 912
1430 67 70
1425 452 437
1457 397 103
1301 316 642
1239 350 1078
1286 94 72
1187 441 1618
1447 291 69
783 81 245
1231 64 304
1224 64 459
1205 385 1194
1359 762 901
1377 65 85
1251 438 621
1332 453 858
1196 249 699
1387 379 386
1338 445 517
1495 104 134
1262 226 455
1326 915 1482
1222 63 77
1357 1320 488
1302 570 711
1276 619 636
1152 368 1120
1293 639 710
1356 89 72
1268 67 72
1304 66 90
1366 585 826
1346 412 490
1358 329 258
471 117 673
1422 403 691
1327 663 1441
1749 188 80
1396 165 115
1108 67 120
1398 1574 90
1173 236 1071
1366 493 545
1293 279 85
1740 418 144
1260 319 525
1529 92 68
1349 181 72
1310 465 712
1744 175 68
1350 64 68
1546 156 69
1210 67 198
1187 535 719
1200 387 1410
1265 495 741
1253 66 201
1197 507 1492
1366 472 558
1357 114 69
1404 466 558
1270 676 951
1173 145 72
1296 165 755
1296 206 896
1405 66 69
1296 352 433
1214 501 754
1263 558 876
1243 64 68
1334 295 608
1239 242 728
1344 344 69
1333 534 458
1748 189 69
1262 518 870
1043 66 148
1315 610 859
1259 644 937
1362 72 74
1478 83 76
1286 429 505
1394 761 69
1280 350 1085
1575 85 78
1335 1375 1424
1276 335 642
1150 68 79
1318 385 777
1370 513 318
1196 236 1711
1250 589 933
1248 278 1057
1361 64 69
1282 433 1110
1389 424 513
1379 39 561
1344 146 76
1117 68 125
1277 526 987
1356 485 704
1189 71 210
1342 501 452
1573 1929 93
1310 601 1413
1011 64 1930
1298 294 615
1404 479 408
1284 547 677
1330 101 95
1235 546 784
1257 64 76
1304 465 630
1323 64 73
1276 1112 779
1367 795 600
1199 1090 1634
1295 577 856
1332 118 346
1321 552 1211
1244 77 349
1353 538 819
1227 63 77
1338 879 194
1400 430 691
1258 458 1195
1283 439 732
1275 1509 1025
1252 575 893
1353 232 87
1214 126 234
1346 620 654
1485 1929 473
1211 568 931
1216 672 673
1347 393 600
1413 510 412
1283 214 206
1334 442 963
1341 660 492
1246 834 1075
1361 210 591
1289 405 1201
1231 602 1095
1745 311 69
1308 888 1335
1241 285 1030
1171 573 1042
1220 72 185
1261 275 824
1288 468 1128
1281 608 118
1356 454 397
1167 175 811
1404 462 837
1243 252 352
1258 869 1062
1343 678 1121
1642 103 70
1045 68 273
1347 707 895
1449 67 69
1350 330 549
1373 688 641
1412 719 673
1091 147 1929
1146 295 913
1153 71 211
1561 85 69
1263 64 108
1320 449 870
1277 578 520
1289 64 72
1204 87 829
1199 465 1062
1261 65 128
1106 78 154
1144 302 1896
1252 380 877
1597 688 69
1133 86 129
1152 65 305
1126 1097 932
1471 635 85
864 69 154
1098 332 1294
1312 309 343
1328 452 707
1344 631 608
1247 1929 1929
1073 75 107
1161 81 249
1268 471 403
1161 392 1283
1420 91 73
1370 471 468
1228 846 1642
1268 413 918
1355 419 409
1235 624 496
1334 324 518
1311 342 640
1298 104 72
1287 84 69
1295 64 282
1244 464 927
1367 629 439
1289 431 608
1380 76 107
1280 521 1082
1368 66 69
1087 71 1929
1356 507 673
1282 704 1135
1276 666 1101
1341 582 865
1289 608 806
1298 256 108
1310 355 356
1256 641 885
1284 519 957
1176 67 201
1321 506 584
1008 65 210
1402 941 1442
1461 1927 180
1237 327 1167
1249 212 111
1356 495 542
1294 497 743
1716 78 69
1348 699 677
1345 1893 1916
1255 76 76
1353 66 74
1310 349 707
1273 344 572
1320 727 705
1350 217 114
1289 462 602
1283 65 85
1131 97 99
1310 139 426
1243 290 1064
1248 519 785
1336 129 149
1181 64 126
1305 422 966
1386 600 786
1347 119 69
1390 482 446
1323 466 678
1477 1840 393
1365 476 669
1283 944 73
1148 64 85
1200 543 1258
1303 253 155
1327 581 841
1235 380 308
1305 560 895
1227 67 77
1309 77 79
1395 985 531
1176 563 752
1243 301 740
1154 85 78
1306 633 707
1392 544 784
1747 71 69
855 85 131
1473 82 69
1704 415 69
1234 372 685
1302 290 611
1515 63 69
1204 491 1058
1241 840 858
1660 76 69
1319 631 682
1251 499 1319
1375 79 70
1060 112 1009
1301 668 716
1322 519 1628
1671 87 70
1242 64 96
1303 2 855
1268 775 270
1382 192 88
1190 707 1101
991 74 99
1302 329 719
1288 375 921
1562 69 88
1175 589 1093
1277 427 893
1260 68 113
1306 264 1155
1725 248 69
1354 227 441
1579 1929 98
1174 64 140
1464 750 910
1156 281 647
1148 548 1197
1379 794 706
1317 502 631
1265 503 738
1377 68 79
1315 426 688
1332 788 678
1147 185 1929
1253 124 1199
1605 143 69
1229 548 864
1225 94 74
1290 821 1212
1201 477 1115
1152 121 74
1196 66 84
1611 215 87
1348 1032 713
1307 436 1066
1176 579 928
1550 286 81
1002 65 146
1378 444 68
1292 320 432
1307 526 453
1314 704 887
1291 339 313
1307 93 75
1456 105 78
1242 65 147
1273 71 435
1138 68 168
1305 150 834
1294 228 521
1296 834 981
1295 178 787
1369 481 654
1326 521 1000
1245 430 653
1386 384 751
1363 529 592
1328 110 255
1214 409 1174
1399 78 71
1131 252 1073
1246 76 93
1374 455 522
1310 465 414
1273 682 1058
1055 76 461
1366 318 242
1336 449 63
1236 412 773
1430 746 727
1373 213 108
1212 1205 1182
1391 324 87
1282 258 620
1218 70 444
1077 65 276
1456 448 98
1379 497 1066
1363 477 135
1446 393 356
1365 216 525
1287 297 1180
1261 459 575
1221 411 698
1555 153 70
1276 332 520
1282 374 529
1207 692 1601
1206 65 79
1262 64 70
1335 489 723
1228 867 1405
1295 264 632
1289 389 544
1311 551 486
1243 78 97
1242 436 844
1270 298 277
1342 234 626
1325 1003 1356
1313 241 603
1246 489 1185
1321 423 295
780 91 407
1255 66 1742
1404 283 71
1382 769 686
1362 570 422
1223 420 702
1364 623 648
1404 169 203
1286 205 556
1301 180 371
1259 277 437
1361 944 1273
1306 543 611
1327 583 774
1386 704 553
1381 802 856
1324 528 648
1312 103 71
1365 432 502
1341 316 481
1400 435 494
1311 400 558
1316 274 701
1241 73 80
1272 781 1197
1237 648 1199
1198 562 980
1085 75 215
1269 412 629
1250 820 212
1343 593 769
1279 759 415
1341 74 76
1301 449 738
1158 81 92
1293 775 856
1357 563 589
1321 325 796
1392 789 613
1350 671 587
1196 251 303
1167 71 319
1294 250 422
1189 78 132
1390 862 473
1279 250 547
1749 158 67
1107 72 89
1280 590 1152
1529 75 72
1079 81 1563
1261 326 1191
1247 395 647
1301 826 893
1232 1098 1910
1247 1230 1051
1300 428 622
1292 486 686
1392 499 765
1265 253 812
1298 918 885
1159 780 1562
1138 65 128
1201 73 124
855 66 1498
1327 278 607
1340 580 623
1321 864 1134
1329 751 806
1379 537 143
1519 64 84
1306 439 640
1294 110 392
1474 233 69
1368 554 742
1227 224 1210
1495 79 98
1321 694 917
1335 287 668
1257 415 906
1277 643 868
1319 375 580
1511 110 69
1245 366 521
1375 364 217
1275 978 1248
1237 148 147
1448 558 502
1291 219 346
1361 553 452
1366 546 576
1415 574 488
1365 99 69
1310 380 607
1389 723 840
1264 595 990
1353 468 275
1256 162 73
1172 67 80
1330 526 594
1408 526 290
1304 464 493
1269 451 705
1227 65 84
1280 617 1292
1370 896 699
1350 414 686
1338 656 1006
1306 281 716
1452 1755 220
1300 671 714
1300 138 121
1253 399 498
1103 342 640
1369 97 89
1236 419 1419
1363 658 586
1369 1010 621
1287 139 756
1395 199 1563
1500 85 231
983 91 128
1389 512 506
1132 782 1410
1351 827 851
1292 388 495
1325 661 1111
837 111 174
1404 79 69
1263 856 620
1025 65 182
1314 550 793
1475 1929 597
1280 64 68
1148 166 179
1447 580 100
1268 209 744
1297 403 902
1283 359 536
1346 431 675
1351 916 524
1292 300 90
1386 820 827
1359 946 728
1196 483 1112
1232 565 803
1222 65 139
1377 852 1759
1329 360 415
1188 117 553
1408 245 72
1314 920 374
1448 64 69
1254 67 74
1415 758 1173
1319 373 291
1332 463 969
1306 325 463
1198 334 913
1153 66 85
1655 126 83
1351 125 75
1214 64 118
1249 389 497
1122 305 1227
1327 65 441
1364 312 481
1320 442 394
1225 110 1605
1249 353 600
1374 733 620
1340 300 299
1234 365 735
1275 82 160
1452 396 75
1369 613 566
1386 529 366
1196 407 1200
1308 563 767
1218 739 1276
1184 985 1456
1140 213 917
1251 313 748
1305 445 607
1563 609 389
1181 64 183
1248 639 575
788 75 334
1243 506 878
1315 459 734
1342 426 405
1383 480 699
1436 722 162
1229 991 1477
1501 630 68
1163 95 316
1192 384 1019
1251 199 727
1209 66 151
1282 519 946
1322 329 817
1295 626 945
1096 67 82
1481 166 76
1257 466 566
1303 978 751
1250 428 1322
1348 793 750
1335 136 105
1243 1354 1257
1156 327 1203
1294 481 851
1281 211 811
1285 1272 1192
1235 68 178
1431 352 74
1117 80 240
1329 508 788
1238 688 1303
1237 126 167
1298 423 923
1331 602 953
1429 211 119
1147 93 136
1097 176 1005
1274 498 932
1296 64 69
1225 717 1228
1303 356 368
1361 644 536
1240 289 1050
1262 315 600
1265 232 150
1648 64 94
1510 754 138
1330 751 716
1271 359 548
1327 305 644
1753 842 70
1335 517 900
1344 258 267
1728 64 73
1406 380 76
1246 912 532
1360 408 409
1287 311 835
1414 1896 170
1394 702 626
1304 432 766
1340 696 418
1364 686 933
1537 933 252
1251 625 1174
1267 381 764
1086 65 230
1337 592 581
1233 551 538
1180 75 88
1300 610 1053
1349 611 517
1179 447 1075
1244 246 516
1291 300 568
1279 640 879
980 66 155
1191 482 828
1325 1377 776
1301 623 973
1456 64 68
1296 570 805
1326 80 87
1237 296 328
1298 433 486
1303 499 850
1354 630 426
1231 175 293
1310 212 936
1253 531 652
1287 1084 1551
1352 140 92
830 107 145
1316 454 504
1276 474 888
1398 117 69
1063 101 170
1372 638 391
1225 386 928
1324 65 259
1303 296 1033
1244 307 630
1303 289 790
1374 74 77
1297 1344 755
1741 182 69
1514 88 72
703 134 280
1308 349 253
1340 608 560
1270 560 824
1125 86 899
1370 639 727
1314 501 356
1308 547 728
1506 68 155
1424 323 69
1296 402 689
1320 155 137
1586 235 69
898 71 414
1454 1766 195
1312 305 418
1240 64 570
1370 765 533
1228 64 96
1358 792 983
1241 78 75
1460 64 152
1294 388 591
1417 320 147
1033 67 181
1298 156 607
1121 90 91
1220 167 296
1437 169 124
936 75 145
1203 471 1929
1282 633 784
1225 70 158
1344 335 360
1331 246 70
1542 64 69
1369 1138 319
1309 380 676
1396 134 69
1603 115 69
1181 65 263
1128 88 1614
1357 1308 585
1750 159 77
1296 333 544
1255 81 85
1287 328 687
1462 1911 69
1272 65 71
1193 84 388
1316 596 991
1495 611 258
1301 557 877
1404 995 1462
1214 69 152
1240 212 567
1284 425 458
1310 421 784
1271 277 854
1252 678 1047
1375 327 396
1236 66 134
1182 67 146
1320 504 734
1373 376 246
1253 68 140
1247 1584 1929
1290 466 920
1130 193 994
1371 116 75
1303 1057 74
1353 82 86
1284 508 769
1201 816 1290
1207 286 1266
1603 92 69
1295 327 631
1196 66 96
1270 282 588
1253 358 1020
1231 250 635
1301 798 750
1249 444 1394
1346 712 333
1310 347 719
1341 451 378
1371 1042 115
1286 219 517
1459 1930 81
1366 363 116
1292 364 781
1315 1186 1383
1224 596 1125
1192 472 1272
1323 320 353
1411 514 728
1293 330 779
1290 342 458
1255 260 1071
1288 292 487
1411 69 70
1396 64 74
1328 365 355
1267 657 513
1379 630 413
1233 78 71
1228 65 104
1105 559 1508
1163 102 92
1322 587 674
1239 344 1229
1093 63 490
1250 959 922
1382 535 397
1300 532 664
1119 86 680
1567 949 79
1484 303 482
1379 536 789
1248 72 239
1375 790 1062
1306 118 221
1296 597 780
1195 607 1562
1370 584 553
1354 1929 1929
1395 445 379
1372 734 674
1218 374 703
1385 703 743
1290 103 71
1734 79 68
1443 1379 978
1330 64 74
1351 66 74
1185 72 101
1244 428 1150
1490 1928 77
1232 776 1019
1218 67 71
1423 631 416
1266 66 246
1275 452 793
1283 339 621
1222 758 1086
1572 297 70
1336 535 805
1258 603 1104
1303 754 687
1130 68 88
1384 217 71
1195 69 416
1257 725 954
1289 485 246
1253 430 404
1290 1287 1441
1186 186 823
1167 165 82
1308 768 515
1258 780 1145
1476 106 110
1266 409 633
1320 743 806
1340 1128 150
1280 881 70
1444 164 69
1251 84 130
1408 490 607
1269 519 399
1157 392 1012
1665 83 71
1312 71 71
1296 67 437
1281 68 71
1289 523 651
1163 1057 1077
1293 381 457
1258 174 73
1496 1120 104
1316 306 713
1283 456 750
1206 410 1666
1294 132 121
1288 66 75
1313 733 627
1210 64 89
1197 70 386
1367 79 179
1221 858 921
1591 197 73
1306 232 81
1440 68 72
1655 67 69
1585 64 69
1311 303 777
1178 99 72
1285 173 704
1290 215 574
1256 775 457
1361 335 269
1350 356 485
1346 348 506
931 97 117
1218 277 874
1267 831 1338
1278 273 764
1187 125 164
863 92 245
905 67 147
1355 491 523
1180 422 1227
1215 69 134
1207 911 1601
1273 651 846
1271 919 217
1246 87 91
1216 252 500
1386 837 1217
1219 327 1408
1310 1137 588
1343 742 779
1317 723 472
1277 455 1087
1354 390 825
1359 124 73
1225 64 378
1273 768 1151
1382 692 511
1280 394 940
1236 1401 1087
1213 119 122
1265 737 1205
1146 65 143
1314 695 1316
1243 707 861
1299 1004 1507
1186 68 280
1192 119 378
1337 1929 342
1264 343 77
1282 88 69
1151 66 116
1375 501 421
1361 310 447
1296 441 982
1301 66 1584
1341 461 854
1212 675 1929
1182 65 260
1280 731 675
1370 357 603
1350 1624 788
1293 279 404
1294 307 546
1270 364 748
1279 503 951
1079 64 127
970 71 105
1292 70 125
1300 400 715
1316 531 655
580 141 753
1217 1445 1726
1294 334 522
1157 496 1088
1374 839 623
1555 429 69
1394 65 72
1246 414 714
1274 71 155
1389 1886 1929
1350 841 695
1282 258 102
1303 965 1142
1347 705 644
1748 366 98
1310 64 143
1349 375 530
1281 173 434
1289 659 372
1287 233 483
1157 65 276
1234 590 564
1375 730 581
1277 452 979
1294 542 859
1334 95 70
1621 68 69
1421 280 273
1298 65 97
1215 276 813
1310 347 598
1310 723 384
1501 131 68
1418 93 74
1298 289 595
1041 69 1930
1468 126 200
1195 69 185
1287 650 1336
1296 574 1142
1749 87 69
1282 430 899
1338 531 924
1186 1007 1421
1374 553 469
1287 510 683
1234 510 1214
1282 125 79
1708 225 69
1232 603 691
1285 373 486
1005 67 131
1404 111 71
1363 71 109
1193 1003 1905
1146 102 76
1745 76 69
1394 822 398
1413 188 75
1337 132 83
1299 264 69
1587 82 68
1216 569 841
1164 65 71
1357 591 392
1222 515 743
1285 334 394
1114 67 82
1272 626 1033
1252 506 631
1224 261 940
1604 481 69
1306 457 488
1314 456 452
1314 538 499
1352 315 378
1058 397 1895
1162 67 246
1291 93 91
1100 174 216
1448 230 70
1487 458 68
1748 88 100
1277 563 489
1230 351 1437
1535 268 72
1278 390 1073
1392 600 476
1346 284 467
1365 503 560
1218 478 1331
1277 567 647
1268 504 796
1439 72 69
1172 66 142
1245 825 1524
1744 434 68
1323 600 585
1350 68 69
1161 235 76
1611 110 82
1276 639 787
1090 431 1214
1247 470 694
1283 64 122
1243 382 1447
1298 572 1016
815 86 557
1241 1492 1668
1198 92 83
1302 75 78
1355 152 80
1337 1007 993
1287 342 627
1259 469 1296
1062 66 143
1185 67 418
1359 447 863
1736 66 71
1325 695 322
1579 354 69
1747 119 70
1496 67 69
1300 303 590
1308 511 870
1241 70 75
1317 559 812
1298 477 554
1316 361 1400
1259 415 856
1364 655 788
1326 131 151
1300 469 490
1063 66 196
1391 196 96
1383 917 810
1252 374 1311
1251 591 1055
1221 163 70
1312 1353 69
1308 735 730
1386 974 631
1259 865 519
988 67 208
1232 665 735
1256 356 635
1319 649 672
1258 65 493
1315 367 146
1184 77 228
1215 64 201
1208 499 872
1746 161 70
1363 801 560
1206 475 1401
843 127 144
1093 66 267
1312 341 396
1694 65 69
1335 397 611
1359 100 71
1619 66 71
1189 68 166
1344 325 670
1342 293 351
1278 262 544
1210 688 1689
1334 697 727
1265 393 727
1257 214 820
1062 69 89
1364 622 768
1384 444 731
1346 64 69
1412 1929 515
1270 428 999
1325 417 471
1190 93 1276
997 68 234
1357 416 313
1287 598 1059
987 110 120
1316 658 491
1223 389 815
1241 210 554
1355 365 491
1365 243 77
1583 101 75
1224 165 241
1248 744 968
1337 65 193
1243 825 1044
1312 462 882
1298 64 298
1444 624 566
1286 518 723
1248 285 548
1237 459 782
1245 580 1085
1563 352 69
1271 378 1441
1399 861 564
1398 170 69
1426 185 70
1330 839 993
1369 65 76
1332 381 714
1298 782 1028
1292 325 350
1289 64 104
1280 570 708
1280 488 550
1308 444 452
1354 869 852
1281 113 101
1285 407 679
1320 1567 1792
1335 466 499
1268 371 784
1379 580 602
1247 487 790
1268 464 1087
1182 271 1301
1189 1605 936
1286 264 907
1266 518 851
1253 361 1059
1357 66 88
1352 1186 1639
1269 236 1208
1308 534 423
1517 1929 186
1247 183 735
1307 536 639
1429 164 73
1154 386 918
1274 71 151
1447 278 71
1374 658 578
1249 659 96
1608 174 71
1290 73 74
1743 75 69
1381 442 311
1024 78 102
1343 383 879
1344 475 557
1515 80 71
1294 465 743
1357 311 474
1311 365 772
1343 344 74
1281 228 549
1283 555 827
1337 279 490
1311 534 908
1138 81 193
1273 191 916
1170 65 755
1741 141 69
1381 611 783
1355 621 709
1482 79 102
1348 564 462
1305 1329 1475
1272 610 1128
1196 66 950
1372 544 597
1365 587 489
1377 1161 685
1419 102 164
1198 387 1279
1304 519 416
1270 512 981
1297 546 780
1252 80 283
1140 83 243
1308 387 299
970 97 197
1299 458 710
1386 656 138
1238 403 815
1232 79 244
1743 1046 69
1268 144 368
1197 278 987
1293 72 71
1264 294 537
1244 1785 1811
1291 610 539
1311 579 1562
1294 533 1573
1304 295 1107
1433 716 907
1210 74 164
1258 1 69
1455 491 549
1357 538 357
1316 488 775
1307 569 1895
1305 394 622
1345 418 603
1161 67 113
1181 64 559
1224 476 970
1543 78 82
1226 223 638
1421 702 919
1296 326 556
1256 263 793
1241 386 457
1309 345 468
1232 497 876
1332 371 719
1206 575 947
1291 476 778
1233 131 572
1347 141 119
1346 335 364
1733 211 84
1297 366 756
1177 68 105
1242 722 942
1301 568 1357
1244 471 795
1155 312 1014
1391 124 68
1189 177 119
1324 437 645
1255 69 71
1286 64 73
1233 820 737
1281 357 825
1234 761 1070
1219 67 70
1297 545 732
1162 69 321
1202 298 630
892 66 540
1177 71 293
1413 486 804
1309 274 761
1252 113 71
1374 651 137
1327 399 799
1384 64 68
1372 766 655
1321 489 950
1292 467 604
1095 251 1791
1215 235 1019
1573 1260 111
1346 652 882
1254 264 636
1342 133 81
1309 292 576
1254 408 1208
1356 297 443
1358 490 901
1304 358 72
1316 216 368
1143 65 500
1336 453 652
1444 213 70
1301 382 1196
1081 534 1898
1430 1776 1879
1288 299 630
1103 72 77
1252 76 357
1360 446 538
1290 370 876
1388 459 552
1749 95 71
1100 67 232
1334 65 70
1244 419 923
1387 719 658
1177 863 945
1376 1466 482
1416 881 559
1249 964 1202
1286 189 773
1277 232 437
1305 154 423
1302 504 944
1306 386 624
1361 581 689
1358 455 584
1263 163 244
1283 78 170
1289 1133 875
1252 211 354
1556 70 70
1327 403 1217
1352 75 248
1320 559 790
1251 208 444
1230 64 87
1178 155 91
1520 79 72
1383 627 323
1483 330 86
1410 853 762
1227 65 108
1378 893 541
1254 498 664
1273 358 591
1318 348 715
1300 335 855
1487 613 92
1247 145 1484
1195 350 1260
1285 1657 1820
1320 64 83
1286 549 1210
1748 1505 162
1162 67 86
1253 406 740
1027 63 175
1189 537 806
1355 304 525
1280 261 439
1507 64 81
1346 524 508
1315 517 846
1274 573 571
1287 622 73
1251 396 490
1125 344 1168
1264 1929 1097
1281 457 517
1300 567 1267
884 75 138
1394 1092 1265
1299 662 963
1320 563 1007
1319 486 764
1303 416 685
1361 557 435
1352 228 439
1226 413 872
1416 121 70
1371 803 470
1337 517 638
1240 326 659
1160 65 77
1406 204 113
1265 227 663
1448 64 69
1239 514 829
1313 407 419
1092 160 1449
1200 257 875
1166 104 288
941 79 116
1284 125 163
1241 233 434
1290 906 1052
1217 466 1328
1751 181 98
1394 122 120
1305 512 1269
1312 73 78
1293 65 161
955 83 344
1226 77 677
1350 1281 1423
1388 322 367
1303 63 70
1406 88 193
1159 501 1050
1256 81 284
1253 360 714
1548 64 73
1139 139 1403
1196 600 1066
1293 257 622
1279 249 570
1532 268 69
1370 762 588
1283 952 923
1306 461 351
1242 81 367
1514 568 88
1381 64 156
1338 450 495
1250 633 1203
1391 158 69
1279 293 895
1362 64 70
1367 85 88
1298 622 747
1241 123 87
1038 68 95
1349 275 647
1423 881 640
1304 387 678
1320 316 403
1429 764 824
1206 548 979
1424 68 69
1294 71 69
1254 921 955
1322 614 966
1172 67 116
1259 269 891
1381 477 305
1551 111 71
1373 542 498
138 111 400
1222 89 378
1234 462 1862
1295 285 595
1223 64 110
1281 481 944
1214 68 134
1179 149 465
1291 312 714
1747 170 70
1308 96 69
1334 886 628
1181 530 1599
1256 405 990
1172 64 115
1294 201 92
1353 507 565
1391 100 80
1074 665 1929
1359 494 593
1235 590 1571
1249 68 319
1048 64 102
1306 383 762
1315 642 1429
1279 379 860
1358 911 990
1215 370 473
1342 892 791
1153 66 214
1344 732 707
1294 1688 1831
1289 598 724
1339 530 596
1232 595 739
1328 481 1083
1146 125 981
1353 433 633
1194 842 614
1384 962 800
1227 231 1097
1187 75 69
1376 319 127
1260 553 1098
1288 512 1017
1353 98 90
1268 618 899
1559 64 69
1286 115 82
1746 65 69
1235 223 1114
1245 508 1293
1318 351 437
1393 121 118
1198 885 1272
1749 147 68
1477 89 69
1448 76 72
1285 396 463
1297 584 83
1240 267 548
1417 834 754
1244 150 146
982 71 104
1198 66 131
1389 695 582
1226 386 729
1321 590 432
1118 370 1929
1444 1719 100
1301 446 791
1241 514 1560
1366 66 235
1398 418 438
1258 438 695
1315 261 380
1039 64 646
1185 723 686
1574 67 70
1367 128 75
1750 180 70
1258 63 84
1273 424 423
1588 116 68
1074 77 244
1461 141 102
1137 69 181
1746 723 68
1154 97 105
1380 1426 499
1319 86 632
1233 253 1199
1338 750 69
1311 356 844
1286 580 565
1353 508 1216
1216 312 746
1405 112 120
1274 843 138
1321 779 1165
1334 198 758
1206 577 1011
1436 275 75
1297 550 781
1397 84 72
1272 548 895
1029 65 283
1497 133 75
1299 416 850
1222 1118 1627
1306 962 1245
1373 617 763
1203 344 1186
1207 65 318
1294 66 83
1355 139 455
1344 555 994
1307 293 378
1367 71 88
1265 608 1215
1317 219 378
1254 244 150
1165 600 1235
1175 266 1405
1254 691 775
1246 64 83
1200 78 292
1336 64 72
1654 79 68
1748 119 69
1305 643 659
1367 95 69
1275 783 908
1306 1303 729
1455 68 69
1269 235 1845
980 67 1930
1273 390 672
1336 38 72
1199 106 130
1521 120 68
1375 402 672
1388 192 136
1408 1591 968
1326 509 603
1338 64 138
1335 396 1067
1276 152 69
1222 723 901
1313 461 500
1152 155 341
1025 69 97
1411 774 303
1296 64 131
1498 71 69
1418 899 1311
1392 1146 964
1373 135 92
1282 600 854
1319 66 94
1224 764 1351
1342 394 732
1227 64 805
1407 295 69
1346 65 219
1365 783 346
1248 66 89
1561 329 68
1311 64 158
1750 160 69
1244 447 1258
1063 64 838
1315 536 305
1360 94 156
1291 127 70
1190 89 454
1249 103 514
623 108 261
1309 460 990
1383 630 1397
1317 411 978
1308 432 472
1294 199 76
1475 318 69
1240 66 100
1745 112 91
1233 251 526
1315 88 69
1307 564 640
1210 565 1263
1677 68 68
1269 330 405
1259 407 403
1223 65 112
1150 694 1614
1658 74 68
1209 490 862
1258 469 432
1250 730 71
1256 108 94
1332 291 412
1341 950 685
1034 71 181
1374 67 69
862 69 157
1285 435 855
1210 425 84
1251 325 777
1350 86 69
1358 68 77
1214 254 791
1216 676 1807
1266 65 145
1228 169 126
1351 339 519
1108 67 133
1376 84 69
1293 101 227
1395 285 235
1308 398 419
1451 1045 1308
1379 320 572
1262 392 581
1239 660 1548
1312 351 494
1494 181 75
1366 677 577
1236 212 638
1318 449 864
1279 318 487
1324 433 695
1469 64 68
1297 68 76
1341 818 150
1235 379 292
1301 288 76
1431 554 282
1657 74 69
1252 405 614
1319 577 717
1249 432 383
1276 67 80
1441 578 397
1232 425 672
1223 70 436
1314 700 71
1242 321 446
1067 71 242
1286 549 978
1352 1285 1277
1362 313 254
1327 287 430
1270 326 216
1302 391 234
1278 1698 1065
1129 65 78
1324 589 600
1598 133 75
1269 707 1070
1152 827 1585
1298 389 536
1636 1791 116
1358 1113 478
1236 708 1096
1115 350 1798
1303 523 902
1344 784 896
1427 781 902
1246 599 1807
1216 640 878
1360 432 452
1248 248 534
1256 77 165
1357 543 646
1290 160 102
1241 406 1031
1210 939 1657
1277 316 586
1292 65 218
1330 500 682
1613 64 69
1233 382 612
1143 65 75
1225 309 970
1350 343 335
1559 88 69
1298 384 697
1302 377 931
1230 329 1104
1229 268 830
1302 677 539
1301 64 143
1748 372 75
1217 70 185
1310 505 683
1549 67 71
1360 807 548
1312 418 706
1750 373 69
1199 70 356
1284 160 208
1733 312 81
1329 665 768
1505 279 105
1213 90 287
1155 217 322
1304 120 96
1259 65 149
1359 314 609
1261 551 1460
1246 494 716
1357 500 638
1342 683 827
1405 830 1032
1287 519 678
1337 314 756
1341 267 371
1170 281 1061
1304 68 72
1341 840 1237
1322 934 786
1335 303 411
1348 510 780
1245 142 782
1131 554 1360
1287 336 736
1250 504 693
1460 237 69
1326 668 649
1345 485 571
1386 583 103
1329 68 1707
1283 64 69
1200 448 814
1282 412 1715
1042 140 170
1246 154 401
1405 501 475
1364 1270 359
1360 402 795
1229 271 470
1195 146 1093
1302 330 982
1293 621 586
1248 666 574
1357 614 564
1211 120 78
1276 741 673
1307 372 70
1188 328 751
1304 373 823
1273 354 611
1749 70 72
1181 898 1832
1304 69 76
1417 850 490
1732 67 69
1087 855 1539
1276 948 650
1357 429 628
1464 541 107
1338 393 566
1288 685 823
1341 441 509
1220 497 1738
1186 604 1312
1304 288 388
1347 1009 265
1296 445 714
1167 66 257
1262 96 374
1250 399 564
1211 64 73
1299 1097 241
1331 135 104
1733 74 68
1168 381 1606
1318 656 1543
1343 1179 808
1272 975 266
1248 192 444
1234 585 586
1293 92 78
1328 375 203
1286 473 288
1304 237 710
1382 265 145
1296 358 606
1351 274 68
1561 191 69
1427 508 591
1301 483 815
1223 325 942
1072 67 118
1540 65 72
1323 482 406
1578 144 74
1252 295 671
1352 670 725
1367 698 70
1383 524 327
1129 96 111
1254 877 1496
1310 718 821
1151 147 1622
1203 352 853
1424 495 92
1059 67 108
1246 745 1066
1382 373 430
1268 214 588
1333 408 670
1316 387 393
1297 364 312
1302 573 1262
1386 617 584
1092 78 103
1270 442 635
1198 120 219
1397 547 669
1232 232 477
1339 547 912
1246 487 474
952 75 431
1254 922 902
1312 575 584
1068 65 155
1427 693 1158
1650 67 69
1333 490 1148
1320 438 549
1311 328 626
1339 309 370
1252 394 404
1490 191 70
1242 377 1128
1372 81 75
1290 662 693
1303 727 554
1312 421 688
1323 64 84
1251 84 104
947 89 216
1396 498 631
1294 676 647
1362 730 877
1265 396 776
1335 381 430
1308 364 494
1260 284 627
1250 64 442
1261 521 707
1342 363 409
1329 293 686
1309 1318 497
1201 795 1374
1214 421 653
1223 121 98
1373 510 569
1308 796 1555
1570 317 68
1625 541 69
1300 81 63
1227 532 521
1412 578 549
1333 959 302
1311 454 1191
1518 70 69
1234 605 791
1303 80 94
1360 714 1913
1289 1158 1662
1050 72 249
1331 546 883
1348 339 403
1336 774 869
1327 706 869
1351 457 349
1292 66 125
1403 847 1099
1557 418 69
1164 708 1121
1311 401 653
1250 583 831
1238 84 70
1287 98 175
1504 1585 80
1184 66 70
1350 703 768
1354 625 423
1302 241 673
1288 609 651
1309 1228 803
1347 90 388
1124 79 298
1241 477 1053
1424 550 259
1373 530 534
1336 592 505
1171 75 539
1336 479 572
1402 540 665
1140 69 295
1259 92 79
1343 635 705
1251 438 530
1745 76 69
1170 449 1929
1254 65 83
1365 69 73
1264 141 163
1255 175 320
1236 285 922
1265 471 641
1296 595 1192
1744 64 68
1120 65 74
1159 942 826
1104 65 134
1363 459 491
1267 651 800
1221 520 1075
1308 254 637
1143 73 73
1106 506 1032
1433 64 72
1288 263 420
1195 64 196
1327 388 69
1358 130 132
1273 65 69
1307 367 1366
1276 67 79
1351 968 662
599 88 551
1356 464 612
1353 622 1378
1302 371 759
1428 712 144
1324 64 69
1294 535 347
1747 245 116
1314 606 873
1275 415 823
1359 1628 1057
1467 70 89
1160 95 1865
1407 161 126
1344 677 531
1698 96 68
1398 134 89
1385 206 82
1446 1930 145
1281 443 755
1277 377 667
1410 68 69
1264 382 1013
1340 569 552
1160 64 191
1327 1257 772
1115 66 385
1254 137 73
1261 87 87
1279 286 522
1182 85 361
1311 205 74
1037 71 161
1435 69 69
1326 181 83
1351 394 431
1749 96 68
1387 468 498
1303 673 724
1327 351 400
1386 1294 179
951 83 283
1435 592 496
1151 70 1535
1285 464 596
1342 626 804
1432 678 438
1154 150 472
1307 910 721
1308 234 666
1222 63 72
1586 67 83
1299 1707 1561
1227 362 492
1375 63 74
1209 295 1436
1368 648 394
1275 338 473
1745 72 69
1221 66 74
1287 481 595
1699 65 71
1343 458 675
1210 67 147
1353 577 605
1749 134 69
1107 64 952
1287 489 764
1336 68 414
1094 80 1930
1293 37 499
1185 169 364
1185 247 1684
1196 806 781
1198 67 192
1227 75 71
1323 724 643
1355 182 78
1704 507 73
1219 258 96
1344 476 906
1330 525 540
948 103 162
1386 352 181
1257 69 206
1235 385 850
1745 85 68
1414 257 274
1076 66 180
1382 1138 1526
1208 75 75
1426 64 77
1013 64 499
1257 312 498
1741 64 175
1198 638 1614
1208 533 1050
1199 66 122
1382 465 69
1508 760 69
1260 253 491
1361 325 512
1276 352 717
1426 530 353
1311 526 698
1213 328 759
1193 509 1480
1296 514 387
1296 1394 1229
1305 345 282
1343 602 1348
1236 364 794
1302 747 776
1255 65 69
1315 351 581
1168 65 71
1216 495 1046
1251 1108 583
1237 670 1062
1475 76 84
1246 1140 1871
1255 741 1118
1289 590 59
1090 484 1929
1186 219 1506
1226 118 418
1197 64 232
1238 222 79
1294 399 854
1339 228 68
1293 80 70
1349 792 947
1333 488 494
1300 396 516
1295 424 968
1369 357 516
1328 387 656
1355 1802 544
1328 391 625
980 66 333
1345 66 74
1203 74 465
1290 482 1090
1197 140 105
1270 807 1418
1431 798 417
1470 861 336
1320 620 517
575 96 411
1277 712 1020
1258 76 77
1334 443 745
1083 65 237
1137 65 440
1321 534 428
1294 64 318
1312 764 1157
1329 358 708
1064 65 160
1144 71 73
1303 471 59
1272 814 1293
1226 340 819
1229 64 79
1188 86 605
1339 111 127
1286 653 635
944 65 145
1641 64 79
1515 961 160
1706 294 69
1357 536 1162
1286 437 395
1141 154 845
1749 135 79
1267 149 72
337 93 123
1276 330 1004
1243 331 502
1277 482 991
1160 195 468
1346 64 69
1120 243 1649
866 93 175
1096 125 106
1487 237 69
1387 345 268
1371 591 1142
1404 467 701
1085 223 958
1178 370 906
1265 812 1503
1157 75 224
1364 300 428
1318 490 520
1215 347 1124
1226 485 1031
1318 139 230
1406 673 1155
1357 267 242
1339 1189 1140
1329 355 542
1303 687 622
1311 387 567
1264 88 126
1384 304 429
1350 608 439
1359 948 676
1389 468 119
1281 424 515
1748 148 74
1377 502 560
1364 70 127
1352 82 81
1362 484 466
1351 376 259
1262 493 1145
1275 632 669
1382 515 636
1454 1908 706
1332 458 641
1364 314 69
1352 355 570
1485 521 303
1304 283 664
872 65 162
1366 423 559
1371 1042 773
1220 66 331
1747 64 68
1325 636 644
1282 428 1034
1524 76 68
1441 145 69
1259 65 71
873 70 546
1097 137 89
1330 177 224
1331 449 510
1336 354 610
1341 309 274
1263 444 293
1281 307 866
1372 297 424
1286 499 421
1403 586 1011
1363 568 899
1675 67 69
1446 66 70
1259 834 1929
1231 323 829
1290 405 590
1162 753 1095
1190 67 83
1339 85 85
1342 282 282
1466 1095 326
1320 579 416
1494 71 76
1328 417 524
1320 607 730
1258 434 897
1231 437 1140
1207 464 813
1257 477 1062
1367 431 751
1212 498 1035
1235 88 89
1451 64 68
1273 354 1188
1137 66 786
1193 141 76
1314 273 427
1335 739 609
1290 65 77
1170 470 1395
1167 158 290
1273 275 75
1230 238 183
1314 397 53
1256 733 886
1306 64 75
1338 414 483
1367 551 618
1283 482 963
1519 65 90
937 84 271
1332 224 686
1340 79 94
1356 150 70
1167 65 244
1355 640 71
1293 622 559
1334 466 580
1274 288 77
1175 347 586
1285 431 679
1269 290 578
1284 679 676
1327 255 727
1310 280 661
1207 355 183
1402 799 815
1407 608 648
1269 658 257
1355 607 784
1286 388 593
1345 479 669
1440 283 69
1387 1301 807
1280 63 105
1310 556 505
1748 175 71
1240 413 1087
1331 533 811
1262 355 675
1198 196 218
1511 187 70
1342 952 973
1452 365 69
1448 1063 658
1194 65 351
1270 356 787
1559 65 70
1353 112 69
1279 339 344
1235 383 1018
1499 63 68
1290 74 72
1267 287 866
1277 77 85
1303 613 216
1314 68 70
1436 676 255
1158 210 1517
1182 181 205
1304 72 167
1328 580 642
1349 1218 773
1354 1293 394
1246 124 83
1584 251 68
1242 298 442
1227 461 905
1339 362 819
1243 619 1302
1256 346 69
1225 814 1597
1264 465 827
1313 218 580
1382 1570 1864
1220 700 674
1296 135 700
1316 255 85
1666 70 69
1347 909 550
1252 421 1140
1229 829 1497
1262 402 763
1291 82 237
1585 75 69
1392 649 197
1275 67 94
1265 373 501
1396 650 533
1367 446 382
1320 549 742
1359 387 635
1360 763 1468
1309 65 101
1558 379 70
1248 154 268
1394 335 465
1357 654 413
1214 495 622
609 123 318
1375 205 74
1387 135 70
1282 461 641
1157 204 1372
1340 231 493
1383 671 555
1320 439 357
1205 86 599
1350 616 294
1185 64 267
1259 295 697
1271 66 172
1302 291 416
1416 109 83
1276 265 415
1289 332 71
1305 501 508
1315 416 69
1425 172 71
1278 440 1040
1313 331 457
909 81 315
1494 65 69
1406 65 78
1632 484 74
1154 65 72
1310 415 334
1160 174 185
1182 65 109
1227 401 613
1298 167 335
1018 64 306
1310 440 1264
1259 264 644
1053 209 165
1335 599 576
1336 1180 412
1208 1848 1856
1417 70 77
1345 331 288
1633 75 69
1286 594 1437
1331 540 996
1261 75 71
1178 237 721
1419 458 515
1329 531 809
1273 572 796
1192 64 154
1281 329 945
1224 65 71
1307 67 99
1449 1095 1301
1283 78 74
1307 513 593
1645 69 72
1300 395 610
1244 68 630
1386 534 531
1225 606 983
1184 592 764
1343 1302 415
1270 66 164
1469 787 187
1217 657 1043
1270 678 783
1328 785 1067
1345 584 989
1344 1929 1031
1363 474 283
1298 292 514
1333 610 799
1331 743 511
1249 319 624
1458 1133 186
1306 402 628
1414 589 409
1328 612 1455
1296 273 356
1340 182 78
1272 417 730
1394 93 69
912 86 538
1254 85 108
1268 502 987
1310 576 1189
1319 544 777
1333 493 681
1669 293 69
1351 912 697
1319 296 383
1265 340 677
1290 341 898
1314 263 506
1349 601 319
1315 108 107
EOM 97689 150919 2688 0 0 0 0 0 0 0 0 0
1182 322 1393
1221 382 681
1393 919 1345
1271 389 751
1278 468 755
1358 170 72
1353 1219 694
1262 440 711
1129 65 80
1219 547 1903
1248 635 834
1275 604 1702
1308 408 663
1157 242 1097
1250 1006 1080
1323 523 542
1224 120 802
1527 108 70
1302 548 462
1262 296 538
1250 71 77
1375 237 590
1226 103 135
1191 110 472
1372 519 434
1490 263 69
1305 891 883
1224 946 995
1087 72 77
1352 827 910
1344 358 478
1343 492 709
1312 880 633
1383 525 465
1456 1929 677
1081 62 111
1261 407 1066
1347 552 644
1142 67 347
1114 219 776
1278 65 71
1190 66 447
1292 265 531
1215 67 127
1040 65 555
1120 298 967
1351 1535 1016
1175 71 71
1302 411 684
1729 284 69
1280 872 630
1345 960 532
1312 269 400
1291 418 347
1358 212 70
1391 381 427
1333 68 83
1747 142 103
1339 171 485
1321 325 378
1250 789 1109
1417 98 147
1185 110 75
985 111 134
1249 354 795
1327 510 587
1743 65 68
1178 527 1261
1351 974 1127
1311 605 765
1344 603 830
1296 525 748
1355 969 124
1290 373 716
1291 448 687
1294 545 1060
1304 260 385
1129 76 343
1194 562 1091
1239 269 178
1220 298 549
1158 387 1088
1235 174 710
1217 91 83
1305 667 633
1223 318 1005
1173 536 1333
1305 517 956
1216 97 301
1310 440 379
1464 65 70
1225 331 853
1275 690 723
1296 273 154
1327 1147 525
1613 223 69
942 104 1930
1273 328 512
1275 283 680
1238 313 1165
1277 310 567
1271 110 235
1382 387 584
1046 67 1826
1306 202 583
1342 721 887
1230 64 83
1121 323 1929
1121 76 118
1344 452 300
1402 828 1013
1276 327 599
1256 592 610
1177 392 889
1358 1400 785
1016 101 765
1312 594 689
1276 782 849
1346 972 702
1493 65 71
1293 81 180
1332 464 613
1266 560 716
1199 135 311
1322 496 841
1298 64 101
725 130 314
1741 66 70
1311 317 777
1355 427 665
1477 64 78
1417 1035 458
1306 319 846
1703 82 69
1221 72 446
1311 679 861
563 114 781
1344 880 713
1338 466 603
1255 177 752
1349 270 589
1223 120 182
1291 450 831
1260 71 155
1359 307 398
1419 64 76
1305 409 398
1381 962 1579
1250 430 1037
1297 746 70
1596 65 68
1369 535 699
937 107 187
1195 69 328
1251 319 732
1301 585 1059
1395 64 129
1310 65 104
1332 638 976
1433 332 321
1327 714 706
1309 512 532
1197 519 1436
1269 512 821
1349 569 617
1209 64 71
1228 79 440
1294 656 809
1408 811 68
1180 481 987
1426 634 952
1261 566 938
1222 101 250
1229 110 107
1312 65 96
1389 312 625
1368 477 566
1303 580 780
1351 600 440
1245 516 620
1202 66 145
1302 453 675
1747 974 70
973 83 288
1302 853 941
1071 65 190
1214 323 548
1236 83 74
1351 431 641
1239 63 75
1268 250 1144
1187 70 74
1749 123 84
1359 813 611
1276 865 592
1602 67 68
1198 118 107
1623 298 70
1344 122 107
1378 79 122
1449 104 162
1277 65 180
1253 161 613
1265 891 392
1394 454 826
1379 167 107
1396 113 175
1290 386 842
1416 66 148
1363 343 686
1194 63 116
1282 405 875
1325 1420 821
1230 200 88
1348 838 832
1260 701 692
1335 308 646
1236 427 835
1322 285 693
1246 374 640
1224 409 943
1270 66 373
1237 311 683
1180 65 1382
1253 749 1037
1293 674 70
1745 91 68
1212 84 97
1325 965 557
1381 67 74
1270 130 300
1465 1114 324
1297 884 766
1210 532 1085
1086 379 1017
1222 822 1114
1314 428 517
1114 84 361
1310 623 942
1261 71 70
1271 282 482
1240 65 286
1033 76 94
1312 339 337
1269 545 1060
1242 68 98
1291 128 173
1352 495 858
1744 67 68
1039 69 102
1068 63 982
1383 510 597
1270 355 866
1348 759 440
1064 65 88
1237 728 1037
1313 498 889
1359 666 656
1262 464 1033
1377 299 394
1374 532 328
1326 342 470
1145 71 78
1326 1844 201
1281 461 967
1300 531 963
970 81 258
1430 1446 444
1748 135 69
1441 199 749
1313 78 462
1309 135 69
1267 91 306
1243 294 768
1360 1331 1392
1388 64 70
1226 300 1651
1206 358 568
1442 867 76
1253 295 975
1267 574 1060
951 89 138
1522 649 120
1175 205 417
1381 754 572
1337 76 146
1147 79 153
1260 628 715
1237 67 143
1336 589 977
1172 313 936
1354 531 788
1359 103 80
1297 586 627
1743 65 69
1235 806 1275
1240 493 551
1743 432 69
1263 545 647
1285 289 448
1349 717 257
1331 411 816
1310 821 358
1340 237 484
1283 346 601
1208 1860 1930
1279 486 755
1305 596 967
1276 328 1329
1293 416 1254
1334 64 108
1311 65 82
1254 1331 1493
956 77 122
1244 174 291
1333 107 88
1345 350 680
1397 327 380
1354 1738 1902
1274 382 558
1294 559 834
1385 945 552
1424 878 520
1105 69 258
1426 835 760
1291 371 1057
1322 149 134
1171 118 116
1208 706 1830
1228 656 80
1319 1929 1929
1075 67 147
1615 94 69
1343 621 476
1426 686 87
1673 119 69
1361 482 453
1422 67 84
1227 65 71
1315 761 825
1359 282 386
1334 458 630
1254 110 73
1563 133 75
1268 202 821
1301 174 83
1322 772 823
1309 518 865
1353 331 517
1179 435 495
1440 82 72
1376 164 246
1322 547 519
1313 258 415
1279 554 798
1577 150 77
1480 164 73
984 74 102
1236 379 755
1425 143 71
1470 82 83
1237 572 726
1367 549 690
1305 350 735
1069 78 210
1268 312 500
1320 264 565
1509 79 72
1749 206 68
1280 211 76
1226 1929 1535
1028 105 180
1152 66 132
1323 457 1173
1583 65 90
1112 524 1746
1217 841 921
1279 65 230
1302 1039 737
1189 108 249
1279 354 634
1260 1081 1479
1278 520 299
1314 486 1023
1236 250 410
1262 547 714
1247 294 458
1307 1241 1719
1172 146 1891
1302 869 499
1183 64 71
1363 159 147
1399 1011 237
1403 610 606
1261 996 933
1243 938 1113
1195 637 679
1063 65 123
1358 364 95
1309 68 98
1304 68 241
1315 468 668
1276 695 846
1215 72 174
1448 737 664
1334 615 408
1747 163 68
1218 80 1098
1229 66 92
1139 65 238
1337 350 452
1293 487 1028
1352 426 426
1153 66 212
1388 1209 167
1334 635 539
1367 292 357
1323 537 821
1302 148 179
1222 444 1253
1302 294 805
1276 129 68
1588 345 75
1237 66 514
1084 102 220
1307 517 1144
1372 561 543
1191 117 257
1157 68 76
1345 538 507
1270 478 821
1407 581 595
1147 480 1186
1211 112 94
1470 78 72
1389 334 69
1196 64 97
1195 405 670
1250 616 959
1195 904 540
1252 342 523
1197 67 74
1283 80 70
1500 259 73
1372 1126 1805
1137 140 750
1240 546 1642
1405 423 294
1300 73 69
1373 910 137
1180 65 695
1217 576 1097
1172 64 925
1380 221 97
1191 66 122
1333 519 740
1232 352 617
1296 117 130
1207 81 124
1213 450 894
1300 414 71
1220 237 444
1287 365 742
1331 597 731
1205 613 1726
1303 506 782
1499 201 70
1228 479 826
1367 514 426
1404 304 382
1146 367 1252
1357 443 548
1276 622 711
1407 1260 1482
1322 489 849
1627 63 70
1280 709 997
1245 675 745
1297 977 197
1524 102 69
1272 99 151
1319 485 756
1324 757 639
1045 65 84
1293 428 627
1113 77 145
1062 399 1620
1213 66 100
1463 885 210
1317 190 199
1315 116 110
1319 122 218
1212 94 73
911 138 167
1286 369 637
1583 105 68
1263 142 227
1350 478 678
1238 75 166
1278 357 965
1336 323 312
1307 442 404
1296 452 473
1311 462 678
1246 66 74
1344 460 652
1372 267 525
1203 80 167
1318 418 473
1307 94 174
1363 478 548
1193 89 1161
1202 1592 1400
1349 324 587
1366 493 540
1317 255 203
1336 755 675
1271 490 785
1317 865 686
1298 330 620
1337 289 501
1351 401 391
1257 791 832
1274 282 157
1244 68 78
1353 1251 137
1318 114 162
1263 375 860
1390 897 792
1179 65 218
1459 219 69
1150 105 365
1648 64 71
1231 400 743
1254 444 841
1297 180 718
1385 321 482
1319 277 665
1292 662 97
1398 93 69
1318 579 1325
1400 650 667
1346 609 392
1443 477 173
1222 439 853
1274 764 997
1056 72 174
1260 335 727
1324 605 476
1309 392 723
1306 685 708
1137 81 162
1205 65 192
1480 1928 1928
1167 357 1930
1359 471 720
1357 93 131
1515 975 69
1312 139 72
1282 73 105
1369 345 514
1193 288 1504
1606 212 69
1126 95 183
1376 72 72
1353 620 895
1746 1022 69
1479 1485 112
1293 582 888
1351 743 845
1300 681 1037
1283 1038 1008
1235 306 754
1275 64 69
1297 1119 828
1746 65 70
1330 545 416
1181 340 1035
1274 461 773
1294 524 1082
1352 491 555
1359 417 419
1196 71 446
1260 414 846
1206 69 363
1343 946 268
1415 293 77
1238 601 1097
1246 116 1083
1235 555 1178
1361 483 616
1282 64 73
1300 65 71
1585 294 69
1748 181 69
1314 732 345
1055 64 95
1339 110 79
1239 64 220
1245 944 1050
1272 254 263
1385 74 150
1206 350 712
1350 566 450
1644 66 69
1377 65 1186
902 119 158
1239 77 156
1249 765 620
1431 64 73
1516 82 69
1244 76 207
1199 506 1183
116 150 596
1228 345 507
1355 493 568
1288 64 91
1366 975 237
1298 285 573
1350 107 98
1146 389 1921
1347 692 889
1342 562 551
1305 455 822
1394 739 391
1309 612 541
1266 539 733
1377 571 330
1321 761 969
1287 65 70
1267 429 731
1747 117 72
1744 203 69
978 81 490
1236 940 1418
1309 397 358
1372 521 586
1175 668 1237
1328 805 740
1276 322 727
1347 64 116
1238 67 171
1371 66 74
1356 569 471
1340 529 868
1184 70 77
1258 378 462
870 87 154
1288 92 70
1343 1056 1819
1465 537 340
1301 626 806
1360 90 145
1196 696 1583
1020 68 425
1378 1929 1929
1240 457 775
1747 199 69
1390 110 69
1455 64 68
1204 557 760
1249 498 1121
1746 77 70
1205 64 79
1250 413 688
1231 74 185
1662 65 69
1213 780 672
1235 749 790
1219 641 1271
1253 84 70
1436 120 86
1256 468 783
1362 599 598
1230 337 133
1219 430 810
1196 262 1929
1294 457 276
1311 340 438
1271 333 483
1722 135 68
1525 356 69
1357 633 470
1256 421 1174
1304 85 76
1515 125 69
1158 80 420
1227 118 76
1220 66 178
848 81 149
1282 235 77
1341 494 931
1228 384 752
1243 121 253
1248 410 810
1359 583 514
1457 302 69
1286 783 1007
1304 305 104
1303 266 560
1750 631 72
1351 526 1100
1463 65 96
1273 718 1147
1359 310 684
1325 465 735
1266 64 99
1475 925 69
1296 805 793
1748 211 124
1315 284 74
1387 311 513
1308 185 75
1201 522 986
1328 463 569
1167 643 1589
1500 943 1920
1301 645 474
1308 489 1076
1300 381 694
1232 622 1401
1355 1026 718
1090 93 214
1239 467 850
1268 64 186
1539 274 69
1271 484 718
1303 406 526
1286 94 167
1245 873 827
1367 462 333
1546 530 150
1288 486 603
1264 289 1124
1307 459 480
1329 866 529
1314 69 69
1329 543 766
1376 324 452
1419 1062 403
1405 92 82
1392 131 85
1388 699 70
1346 691 634
1256 431 529
1499 225 69
1239 476 822
1190 366 1226
1252 183 436
1427 65 69
1352 447 582
1293 476 813
1353 82 237
1559 70 69
1284 281 500
1244 657 1098
1204 69 92
1259 66 76
1291 98 72
1276 380 559
1748 234 70
1286 72 149
1340 322 346
700 70 422
1209 123 1049
1624 258 69
1122 70 125
1177 65 132
1216 66 179
1251 553 761
1232 64 259
1401 64 70
1129 173 1398
1350 641 440
1434 326 70
1306 398 683
1422 90 116
1322 400 658
1289 99 79
1308 512 587
1342 849 423
1276 269 338
1234 303 630
1369 539 666
1221 66 198
1300 104 343
1278 389 683
1389 167 181
972 82 184
1214 448 774
1748 168 118
1185 82 205
1383 380 561
1207 66 76
1302 369 758
1059 66 93
1330 390 552
1320 266 700
1346 718 1070
1419 457 924
1232 270 1040
1390 514 638
1750 105 81
1749 161 69
1273 690 742
1310 414 624
1285 675 734
1225 471 865
1344 539 656
1224 503 892
1286 748 710
1337 408 800
1223 442 664
1353 369 247
1353 490 774
1402 197 252
1285 68 79
1267 267 601
1363 455 576
1399 1243 693
1356 641 619
1346 935 547
1356 843 783
1244 178 477
1275 536 580
1371 310 480
1176 454 795
1401 453 246
1332 592 644
1262 774 838
1346 65 82
1599 68 68
1469 120 78
1292 487 804
1298 76 422
1283 718 966
1220 576 977
1593 66 70
1298 64 73
1706 256 69
1248 290 591
1256 108 1341
1350 515 866
1211 532 607
1272 746 1441
1441 295 647
1303 426 916
1349 430 599
1331 327 701
1255 235 1007
1462 66 71
1455 73 191
1371 69 114
1233 365 1254
1122 703 1356
1364 130 69
1267 780 840
1376 1029 1042
1411 976 551
1290 534 887
1313 74 74
1443 94 200
1344 773 470
1309 355 652
1284 472 767
1298 355 547
1570 184 71
1290 523 717
1377 193 289
1323 83 71
1272 480 863
1270 273 78
1244 581 1366
1362 93 87
1618 542 69
1489 94 76
1328 305 641
1004 65 247
1295 721 1367
1308 469 410
1212 65 613
1372 851 631
1554 108 69
1217 391 511
1409 325 101
1137 64 97
1260 554 1260
1273 856 806
1311 493 814
1405 100 90
1246 802 880
1380 292 445
1262 94 320
1300 513 960
1351 64 420
1291 397 472
1280 471 1344
1213 282 468
1278 360 440
1242 379 1392
1340 701 959
981 64 216
1404 839 366
913 115 126
1301 65 75
1178 897 1360
1328 376 532
1351 620 742
1332 362 588
1349 678 752
1234 438 972
1467 65 71
1392 528 173
1375 475 272
1185 65 492
1292 440 757
1571 106 69
1749 324 69
1349 676 874
1222 342 1335
1209 340 1018
1348 114 69
1596 84 69
1102 105 83
561 102 668
1291 379 494
1491 168 69
1294 747 1390
1276 289 706
1399 64 69
1341 502 732
1326 443 778
1366 484 575
1359 409 102
1415 425 513
1283 624 102
1397 356 568
1345 487 73
1348 262 556
1346 560 592
1320 64 138
1267 357 735
1349 720 607
1229 291 807
1357 188 189
1271 68 122
1368 155 70
1225 78 76
1343 466 795
1220 503 801
1724 179 69
1427 72 69
1411 65 71
1311 447 595
1374 71 70
1145 365 534
1368 1011 602
1176 63 128
1331 536 305
1258 588 803
1241 891 1269
1173 445 1607
1222 64 166
1333 519 615
1306 1929 1482
1303 874 1030
1314 65 115
1192 284 302
1401 310 379
1371 324 702
1441 1349 164
1257 515 1196
990 73 578
1420 738 504
1266 401 780
985 65 248
1357 221 94
1174 70 241
1515 65 69
1377 539 772
1256 373 470
1223 382 1208
1451 144 70
1310 941 594
1338 650 597
1066 67 542
1399 84 69
1306 563 590
1316 259 523
1340 1092 730
1546 66 75
1525 727 1929
1297 839 1289
1316 279 852
1287 699 1030
1255 68 418
1281 445 996
1318 704 1295
1335 621 670
1204 64 72
1384 161 144
1394 495 525
1286 395 625
1358 203 989
1429 807 541
1378 253 69
1398 800 680
1295 75 81
1360 295 1110
1125 69 1141
1255 91 96
1290 469 734
1320 774 1263
1228 197 853
1330 1116 978
1357 271 163
1316 570 541
876 68 213
1302 225 402
1303 1090 1046
1363 629 1138
1267 422 559
1354 401 530
1336 1430 893
1230 125 149
1243 66 116
1292 68 73
1218 83 1030
1268 860 964
1311 776 612
1500 1034 69
1289 307 603
1344 401 486
1333 530 663
1321 544 1294
1333 132 83
1257 403 1250
1318 202 948
946 105 127
1305 486 524
1406 542 524
1343 314 522
1362 111 157
1392 67 200
1347 124 211
1322 789 711
1448 92 69
1307 106 73
1351 399 541
1359 62 72
1216 465 664
1251 832 1410
1365 628 723
1290 421 606
1299 333 851
1255 64 319
1302 564 724
1339 359 942
1280 1131 963
1333 320 541
1368 631 711
1280 365 589
1330 115 89
1352 250 550
1245 501 1103
1251 655 1556
988 70 213
1267 465 911
1255 92 178
1307 117 110
1381 405 824
1287 389 711
932 65 211
1319 365 688
1204 213 776
1454 139 68
1316 393 353
1281 373 956
1408 389 70
1217 444 685
1308 129 74
1171 110 807
1320 83 88
1178 680 1134
346 165 126
1190 65 701
1363 1352 1031
1233 708 1643
846 90 194
1252 298 869
1239 565 889
1307 795 1482
1301 578 552
1221 1176 825
1350 634 214
1247 415 827
1225 268 1232
1252 480 517
1319 420 649
1153 816 1596
1156 501 1011
1273 1064 779
1367 515 789
1287 265 570
1302 66 73
1369 67 91
1323 334 601
1345 748 89
1377 455 658
1227 7 1727
1256 243 714
1425 698 656
1620 161 69
1229 286 805
1322 125 82
1232 802 1234
1747 90 78
1279 349 579
1283 67 69
1142 552 1515
1405 1393 1905
1233 84 110
1139 67 147
1326 53 1077
1288 479 670
1059 102 433
1366 522 532
1247 825 1336
1434 731 585
1538 74 68
1323 161 88
1266 405 795
1206 363 998
1220 896 1401
1268 519 364
1315 1125 1565
1278 468 860
921 77 660
1525 67 71
1223 329 1234
1237 66 90
1083 65 447
1423 110 68
1256 481 700
976 66 1409
1578 75 68
1422 276 71
1252 642 1253
1228 1570 687
1019 74 102
1165 949 1559
1513 64 74
1293 69 70
873 158 196
1358 549 553
1329 769 867
1330 163 73
1137 421 1187
1054 64 100
1373 386 721
1277 66 329
1317 761 859
1362 322 410
1362 568 541
981 96 100
1351 66 84
1500 553 107
1071 71 350
1286 567 732
1117 107 1530
1450 71 71
1325 401 453
1016 77 1291
1351 351 637
1364 326 575
1326 611 510
1341 377 564
1345 272 394
1310 695 756
1236 753 794
1264 137 70
1297 215 715
1304 213 453
1290 375 607
1716 66 70
1199 384 1163
1284 748 663
1184 93 70
1716 65 71
1404 292 191
1188 651 1930
1234 126 458
1378 722 521
1352 532 584
1073 79 331
1339 481 499
1352 361 376
1220 390 496
1175 65 84
1322 452 958
1356 146 69
1276 213 145
1199 740 1722
1285 507 1137
1615 65 72
1300 274 935
1218 360 1008
1229 493 824
1300 743 751
1317 503 748
1376 775 768
1256 513 805
1088 66 292
1417 722 456
1646 65 69
1267 606 883
1411 345 1326
1255 463 769
1308 539 436
1283 408 948
1466 64 78
1249 247 781
1290 627 1144
1241 533 678
1551 77 78
1405 835 364
1456 64 72
1318 487 536
1262 210 84
1269 81 107
1332 451 732
1284 82 181
1147 143 599
1340 344 587
1238 364 745
1237 444 670
1352 182 68
1208 747 1107
1442 164 70
1267 560 789
1252 325 330
1291 151 219
1192 119 336
1191 802 895
1376 1931 272
1391 64 69
1441 843 130
1157 482 1162
1268 386 490
1374 503 452
1289 558 805
1381 725 615
1321 624 811
1247 420 699
1332 923 484
1386 66 192
1297 408 596
1327 96 70
1323 450 674
1300 321 872
1022 676 1929
1347 478 375
1326 309 399
1180 100 250
1298 364 751
1746 86 75
1196 66 125
913 66 836
1287 159 499
1391 424 552
1189 262 847
1241 96 344
1280 617 861
1349 904 786
1374 308 515
1279 200 1008
1290 878 622
1259 544 871
1294 522 687
1195 421 1377
1301 341 1120
1419 469 147
1215 838 1217
1323 324 492
1279 100 93
1370 408 827
1366 757 536
1340 135 496
1280 70 109
1191 726 846
984 74 555
1203 348 537
1380 390 795
1668 440 69
1374 478 463
1353 758 461
1308 508 643
1255 64 181
1226 515 1133
1228 390 1065
1232 416 1144
1320 1057 541
1287 412 1438
1346 69 197
1324 517 439
1351 334 460
667 142 424
1133 88 150
1120 66 246
1287 1075 1872
1291 668 1551
1260 1929 1190
1308 498 793
1207 325 1079
1041 65 463
1743 531 70
1353 75 134
1144 111 150
1118 520 1193
1369 465 566
1289 391 619
1263 448 960
1187 236 140
1297 152 767
1223 806 792
1203 83 81
1306 71 70
1466 381 70
1316 813 1141
1339 197 138
1423 185 234
1322 470 331
1369 581 742
1324 148 162
1462 817 69
1356 461 578
1568 66 70
1226 339 956
1338 542 172
1303 1276 1756
1227 64 153
1231 355 683
1170 65 163
1334 488 511
1366 633 234
1371 1016 566
1206 274 766
1246 462 1015
1352 433 778
1176 70 151
1258 70 82
1296 184 312
1166 89 104
1341 394 526
1022 267 1929
1445 314 73
1485 1180 98
1231 435 564
1334 273 536
1372 409 435
1305 623 766
1411 66 71
1093 173 558
1295 66 74
1248 783 1615
1334 740 793
1333 280 689
1343 385 449
1436 373 69
1280 1037 549
1245 225 716
1257 334 443
1236 336 1171
1246 563 833
1124 120 198
1353 563 685
1283 260 547
1355 539 538
1381 467 639
1317 448 611
1223 520 588
1250 265 939
1268 66 69
1309 334 422
1674 169 69
1375 338 69
1353 420 746
1747 69 72
1285 602 554
1273 327 570
1430 90 69
1401 1929 79
1416 390 616
1327 596 381
1312 386 615
1365 525 495
1362 833 659
1334 598 670
1228 223 901
1322 563 741
1223 735 163
1393 900 946
1238 404 784
1331 934 1132
1207 581 1489
1263 322 772
1418 435 484
1418 1839 125
1389 556 372
1313 342 535
1296 73 77
1500 63 91
1260 64 98
1302 81 180
1290 284 550
1234 884 1681
1311 452 615
1356 516 659
1323 468 1856
1248 654 1929
1261 1642 1925
1237 387 642
1234 493 570
1237 68 70
1204 88 454
1363 536 864
1176 330 1606
1363 370 523
1271 770 1638
1334 842 1194
1400 358 524
1291 943 1552
1652 66 68
1376 64 69
994 64 753
1241 104 135
1257 338 670
1067 67 239
1225 196 117
1741 123 69
1331 437 864
1507 106 68
1286 521 1196
1233 364 617
932 68 184
1445 263 71
1244 351 679
1339 381 705
1311 339 767
1311 1571 682
1244 802 1086
1270 139 275
1029 67 419
1333 71 69
1197 65 76
1358 745 872
938 68 174
1650 70 71
1271 217 593
1466 105 263
1193 74 218
1551 64 69
1304 219 253
1341 377 516
1336 400 845
1314 78 98
1299 223 500
1315 552 631
1041 69 93
1366 68 109
1364 1146 902
1363 67 68
1348 508 885
1368 495 307
1387 447 830
1253 284 662
1366 565 271
1276 306 566
1302 350 415
1154 65 329
1442 142 72
1341 579 877
1378 200 650
1306 65 82
1386 66 87
1500 73 68
1298 462 734
1347 87 70
1244 64 80
1298 404 473
1312 415 1049
1421 503 366
1284 442 479
1347 796 430
1294 316 601
1288 65 76
1270 67 72
1153 418 1931
1402 424 520
1322 112 147
1320 546 730
1241 342 457
1300 64 74
1315 663 1447
1140 541 1515
1249 157 137
1302 377 1078
1337 363 635
1357 136 71
1271 291 1029
1373 466 503
1350 511 494
1377 1081 977
1315 379 455
967 76 1893
1311 513 617
1404 1078 174
1247 66 94
1182 1916 1841
1395 401 242
1409 450 302
1197 578 923
1103 73 139
1358 693 460
1388 370 483
1323 652 1260
1179 667 956
1333 558 937
1001 80 291
1389 552 407
1098 68 736
1233 415 1235
1512 63 68
1370 390 437
1393 119 153
1298 474 536
1037 71 385
1347 67 322
1286 437 915
1165 88 457
1365 70 70
1315 336 632
1749 81 69
1265 404 847
921 72 352
1467 1930 86
1289 395 763
1354 444 455
1407 242 69
1238 486 1243
1222 555 782
941 85 194
1234 470 701
1079 138 1449
1266 422 597
1599 61 67
1262 719 1030
1332 397 648
1219 240 494
1419 101 79
1317 323 479
1421 66 70
1270 581 752
1642 64 77
1340 374 365
1236 675 675
1225 66 128
1453 74 74
1209 368 1447
1201 263 903
1408 653 699
1337 563 512
1744 211 69
1114 73 476
1251 626 618
1575 1890 132
1319 410 691
1330 342 541
1380 1632 823
1322 75 403
1308 682 1446
1355 435 641
1347 64 77
1281 281 651
995 119 117
1305 688 893
1136 67 113
1247 1929 1612
1743 369 69
1213 506 918
1125 130 1540
1317 756 728
1369 450 536
1369 535 344
1411 864 1064
1247 481 616
1342 801 69
1405 74 72
900 163 146
1389 791 880
1296 175 76
1140 67 424
1322 427 629
1307 254 151
1748 146 70
1743 72 69
1202 70 88
1441 426 330
1326 573 968
1212 71 140
1334 278 548
1327 1024 685
1366 741 416
963 72 315
1326 810 1251
892 94 1014
1313 689 1016
1281 426 1139
1428 621 439
1192 141 392
1393 776 325
1236 316 702
1698 376 68
1169 350 1165
1232 321 971
1172 408 766
1508 67 68
1373 68 373
1148 64 79
1308 215 596
1382 403 112
1510 537 259
1260 149 79
1153 389 1437
1283 826 911
1037 85 255
1020 69 449
1296 695 455
1334 541 535
1430 196 70
1332 180 262
1261 465 928
1318 796 787
1365 70 155
1540 413 79
1321 250 399
1242 65 88
1681 672 69
1251 152 73
1326 209 696
1219 70 92
1522 64 236
1248 159 113
1340 379 619
1351 710 808
1257 329 695
1250 65 127
1368 952 1087
1349 242 586
1140 65 107
1112 93 417
708 126 414
1119 132 1907
1248 804 1366
1114 64 99
1299 434 717
1226 1084 329
1415 67 112
1300 646 452
1293 625 771
1306 74 1929
1250 446 1130
1101 363 1787
1315 645 677
1231 85 474
1281 705 804
1303 629 410
1273 122 72
1355 505 401
1371 467 439
1219 1184 322
1216 537 1011
1455 64 71
1413 77 71
1314 417 95
1299 790 879
1569 72 128
1358 850 815
1241 465 647
1600 573 70
1250 161 1270
1341 64 69
1256 567 1661
1390 68 69
1302 307 485
1273 64 82
1396 1533 1828
1247 689 917
1142 514 1339
1258 474 961
1322 271 598
1361 602 553
1411 602 453
1330 335 557
1284 518 1035
1286 897 813
1248 283 377
1377 368 582
1230 355 519
1239 946 1345
1198 622 1181
1513 201 69
1204 224 1896
1313 595 504
1750 76 73
1501 232 69
1280 889 811
1413 1632 1862
1253 64 72
1239 1147 1450
1414 64 71
1277 410 815
1127 518 1640
1439 1929 93
1508 90 208
1124 65 476
1463 80 68
1313 242 542
1311 450 833
1385 1181 1809
1354 899 1145
1208 384 879
1312 80 117
1250 1302 1896
1340 1189 1440
1601 68 74
930 112 603
1242 230 145
1465 85 72
1748 176 74
1382 99 69
999 117 121
1271 242 83
1249 504 642
1280 79 69
1577 87 69
1308 287 398
1302 421 575
1271 300 968
1317 156 120
1374 619 401
1478 832 69
1300 437 602
1306 487 665
1226 126 430
1355 484 747
1326 437 563
1196 353 943
1223 66 116
1280 1491 1929
1496 181 69
1335 400 605
1226 369 1120
1255 157 274
1350 407 366
1289 499 626
1356 394 609
1256 521 777
1488 64 70
1296 180 724
1275 1410 1299
1352 433 313
1179 66 80
1101 64 263
1324 878 934
1263 549 1039
1372 64 107
1170 129 147
1327 297 409
1246 537 779
1301 1095 808
1382 66 70
1293 78 550
1298 403 569
1412 1030 70
1354 279 349
1338 951 780
1282 64 70
1320 645 864
1327 385 277
1358 664 975
1290 471 590
1252 221 429
1283 453 845
1180 101 383
1154 139 78
1214 1349 1569
1233 65 95
1210 497 1210
1341 378 591
1303 509 827
1331 149 77
1412 274 70
1423 922 284
1508 132 80
1305 1279 953
1300 479 539
1123 80 589
1313 439 512
1374 686 585
1389 1594 1929
1375 64 70
994 112 118
1292 477 903
1419 663 431
1429 727 582
1293 867 599
1265 400 344
1239 1552 1225
1335 637 1381
1269 581 462
1302 503 898
1414 890 887
1208 71 355
1268 268 349
1335 347 545
1221 700 849
1293 69 196
1354 940 429
1371 625 560
1350 658 442
1229 80 200
1281 443 734
1242 333 461
1217 64 108
1318 1137 650
1340 414 814
1275 398 862
1322 159 71
1365 599 526
1239 691 718
1555 71 90
1219 766 976
1183 1094 1346
1353 497 541
1253 1023 1003
1359 799 448
1345 274 423
1267 557 726
1275 1349 691
780 123 171
1229 529 683
1301 272 727
1260 778 957
1188 698 1462
1244 409 782
1294 420 729
1272 556 747
1386 154 77
1394 756 528
1398 493 525
1259 402 745
1318 394 474
1437 126 92
1221 516 610
1215 88 121
1308 934 575
1190 80 501
1346 559 521
1288 75 224
1290 401 1043
1329 332 612
1332 330 593
1554 96 113
1304 281 70
1521 145 76
1752 795 302
1283 83 73
853 98 404
1055 837 1059
1227 74 71
1379 412 531
1289 379 767
1202 64 239
1295 390 573
1303 593 691
1207 915 818
1301 338 596
1416 65 73
1275 64 404
1168 74 113
1491 103 73
1254 363 642
1358 459 787
1327 462 1071
1246 678 1027
1210 339 955
1254 608 731
1250 652 1150
1347 126 72
1306 476 627
1286 104 255
1260 153 218
1717 81 68
1296 479 1084
1239 474 1118
1267 739 1812
1097 166 1929
926 78 318
1259 472 1134
1224 64 70
1287 598 652
1283 403 742
1213 472 870
1386 250 292
1100 65 132
1177 512 923
1378 686 413
1302 481 652
1393 65 69
1210 64 72
1204 744 992
1302 396 569
1346 439 1835
972 113 143
1285 283 790
1369 1929 891
1274 808 1456
1382 377 535
1365 72 1099
1222 532 700
1223 81 93
1274 109 214
1747 215 70
1258 388 758
1237 406 1090
1276 241 604
1256 67 299
1310 376 813
1408 105 69
1086 88 90
1181 1052 856
1167 159 1193
1295 1557 773
1244 64 210
1653 130 75
1334 66 1006
1347 350 619
1208 85 245
1233 411 599
1372 106 69
1240 338 596
1376 64 108
1601 195 69
1467 1929 74
1507 181 69
1464 232 69
1354 102 106
1235 1517 1547
1238 65 72
1375 351 480
1219 591 1235
1748 76 75
1241 96 73
1678 68 74
1207 756 914
1310 495 316
1373 401 605
1302 468 659
1262 431 791
1278 388 665
1414 428 215
1246 500 819
1237 268 1314
1284 451 498
1283 404 513
1290 65 121
1271 535 472
1682 73 85
1179 64 200
1393 404 443
1203 63 202
1355 750 733
1302 384 498
1290 178 493
995 71 1928
1263 399 856
1125 66 125
1330 615 1123
1459 165 233
1263 512 674
1352 311 254
1246 68 70
1744 65 68
1240 483 862
1293 567 664
1440 97 70
1351 346 444
1287 575 428
1266 505 590
1294 507 1278
1313 998 782
1256 535 742
1217 624 974
1266 340 876
1315 346 567
1406 499 856
1377 395 785
1246 659 788
1087 71 85
1372 491 427
1749 408 95
1357 413 698
1335 305 445
1061 67 369
1279 820 783
1295 365 422
1359 580 452
1314 783 1306
1363 673 503
1226 702 985
1268 645 1570
1208 674 718
1146 68 285
1312 1158 799
965 72 425
1167 526 934
1283 494 683
1443 231 69
1096 307 1606
1234 242 491
1274 1132 974
1235 357 401
1271 461 535
1338 426 448
1361 786 597
1245 400 1217
1649 95 69
1330 308 434
1344 345 556
1335 721 527
1256 91 108
981 66 1891
1361 627 979
1298 7 620
1345 217 482
1402 74 95
1217 72 582
1217 235 737
1320 896 68
1360 849 363
1739 79 70
1246 488 1251
1235 486 980
1470 140 68
1186 1776 1822
1324 364 47
1317 65 73
1314 991 587
1239 72 195
1308 373 671
1291 74 248
1356 129 88
1323 405 600
1176 70 151
1319 371 481
1303 256 890
1289 66 362
1398 360 137
1501 69 106
1230 67 132
1264 574 1929
1542 195 79
1275 208 723
1380 1335 101
1309 287 108
1259 506 654
1349 518 758
1264 64 77
1322 502 608
1202 155 609
1359 372 486
1334 434 538
1238 431 794
1074 66 309
1073 64 80
1338 825 944
1358 913 442
1293 67 377
1345 593 639
1194 67 161
1210 72 72
1266 495 710
1371 504 748
1179 64 416
1287 991 557
830 67 358
1289 447 731
1358 155 148
1351 414 567
1193 531 1052
934 65 1640
319 103 426
1236 504 71
1259 1089 1661
1278 147 320
1104 70 384
1331 664 477
1266 1005 1434
1333 600 594
1274 615 610
1389 184 69
1364 506 569
1263 297 1229
1400 111 72
1169 850 1853
1181 216 1734
1428 67 83
1124 381 628
1273 73 241
1332 144 221
547 128 481
1326 390 620
1232 350 756
1119 115 890
1379 1525 212
1344 438 859
1249 489 1354
1149 71 438
1407 1403 1592
1342 392 319
1747 102 73
1416 65 143
1303 68 165
1258 475 1037
1291 67 162
941 71 993
1287 344 649
1222 65 73
1213 406 1019
1350 331 722
1177 620 1202
1172 953 777
1244 211 1278
1104 76 1054
1524 630 78
1392 64 159
1441 890 772
1346 628 715
1746 64 70
1225 313 742
1248 463 1441
1368 1136 818
1296 326 1281
1353 301 187
1160 113 799
1316 541 868
1333 458 779
1414 464 499
1391 356 427
1282 641 1299
1302 254 452
1422 75 69
1384 471 615
1379 70 72
1227 64 200
1295 70 91
1258 351 783
1278 1235 769
1332 65 319
1394 458 451
1749 317 68
1328 557 1254
1293 64 71
1419 706 355
1231 274 749
1392 380 539
1049 64 193
370 151 251
1229 64 69
1300 64 157
1219 638 1148
1042 68 837
1428 443 616
1309 891 607
1464 666 481
1558 102 74
1422 65 95
1266 493 729
1315 1447 134
1238 345 560
1301 273 823
1301 85 116
1346 631 744
1283 351 900
1558 462 202
1437 1929 1929
1101 64 318
1373 792 530
1353 689 559
1312 524 1176
1259 70 96
1367 439 486
1056 64 85
1288 640 1156
1475 867 164
1331 679 986
1506 250 78
945 80 119
1240 589 1501
1399 161 1264
1355 78 86
1641 164 69
1284 491 511
1362 78 71
1745 211 104
1259 64 156
1331 845 1137
1294 507 894
1289 75 78
1304 306 100
1379 67 300
1282 902 1275
1296 82 316
1328 113 72
1265 116 71
1342 513 562
933 65 1394
1380 182 70
1286 65 100
1239 131 672
1343 260 755
1204 86 270
1384 653 383
1170 210 1150
1357 586 611
1288 602 1015
1313 347 1150
1450 175 10
1285 295 511
1280 478 1054
1747 1841 69
1210 66 117
1140 429 1352
1200 515 722
1267 99 70
1182 416 1089
1394 642 644
1249 593 603
1312 888 1156
1396 843 553
1344 463 495
1305 480 752
1181 396 859
1391 64 69
1338 362 627
1292 310 499
1536 380 71
1268 465 897
1196 65 145
938 102 325
1323 422 719
1154 227 683
1225 1928 1929
1240 655 1121
1283 325 980
1279 78 258
1335 1064 69
1328 656 617
1303 64 85
1268 279 1233
1307 1233 661
1460 701 384
1071 73 1753
1502 255 112
1281 712 775
1305 443 772
1295 332 585
1303 80 173
1335 1089 709
1223 81 1031
1263 255 532
1280 84 225
1245 811 975
1248 71 391
1335 724 1310
1314 541 1395
1434 64 68
1403 339 374
1743 266 74
1133 65 623
1271 280 461
1266 661 718
1329 700 1216
1394 393 533
1295 1146 277
1159 511 1475
1239 570 774
1209 433 1550
939 65 218
1392 712 941
1371 1584 137
1349 174 138
1311 72 72
1197 278 454
1334 289 1365
1350 1162 772
1157 457 1073
1148 64 109
1320 863 451
1272 461 564
1329 481 488
1484 841 584
1356 563 682
1358 64 190
1263 959 989
1359 68 69
1214 247 1346
1747 88 74
1497 174 73
1106 102 158
1195 726 1174
1337 366 486
1189 338 929
1265 330 717
1314 313 940
1306 737 829
1487 120 69
1260 69 82
1225 75 133
1228 624 958
1454 86 70
1292 559 1073
1298 354 803
1682 68 70
1315 215 413
1369 380 302
1329 405 555
1345 423 444
1345 405 318
1152 66 398
1313 708 334
1331 69 117
1351 285 149
1267 363 435
1411 246 69
1278 706 775
1367 83 94
1424 224 76
1203 1768 1924
859 375 1927
1324 728 679
1130 63 82
1385 478 430
1270 68 72
1273 67 351
1141 64 123
1297 66 113
1228 75 180
1358 291 761
846 110 191
1311 329 415
1445 90 107
819 79 200
1268 97 70
1261 442 859
1301 484 793
1355 228 329
1323 492 995
1225 106 93
1186 72 198
1340 697 697
1357 165 69
1288 477 1228
1331 68 111
1410 975 1018
1215 217 907
1314 476 412
1388 850 569
1261 344 290
1372 767 1014
1411 88 221
1420 80 71
1349 70 69
1314 265 430
1360 209 337
1605 66 69
1743 126 69
1424 1929 104
1420 68 488
1288 65 69
1282 599 688
1351 764 998
1384 766 371
1298 182 76
1359 66 77
1226 171 123
1255 66 78
1307 75 90
1370 1073 232
1326 460 652
1149 240 1172
1351 595 855
1326 615 924
1339 587 1006
1267 65 70
1180 417 1628
1221 689 1883
926 65 373
1287 565 682
1248 65 304
1242 683 872
815 87 284
1193 640 1292
1600 152 71
1231 67 81
1405 66 68
1285 412 910
1245 119 275
1296 77 69
1748 99 69
1347 855 1260
1298 248 529
1442 601 70
1122 69 206
1351 249 542
1278 336 461
1603 238 69
1328 559 574
1261 493 656
1586 74 69
1225 337 568
1610 85 68
1347 536 571
1394 903 660
1340 152 95
1344 547 884
1310 341 85
1030 63 319
1206 302 964
1512 666 86
1306 733 362
1372 613 800
1338 353 325
1236 555 822
1304 987 838
1058 64 183
1173 436 1538
1246 64 344
1269 494 948
1356 888 69
1393 828 568
1284 490 150
1357 664 379
1203 180 556
1425 282 170
1395 422 527
1367 251 458
1162 64 294
1227 1638 1161
1442 1723 222
1395 406 667
1301 265 501
1523 68 79
1267 516 536
1242 843 1300
1297 835 935
1351 320 694
1138 63 429
1213 695 1187
1536 69 69
1099 64 580
1286 571 886
1305 1340 536
1228 235 1086
1321 584 909
1352 331 773
1155 117 182
1239 489 527
1257 693 112
1332 641 715
1279 1875 728
1353 1004 195
1125 65 87
1744 94 77
1301 69 138
1381 112 162
1314 600 853
1410 94 137
1267 428 873
1215 445 733
1258 315 1068
1182 183 206
1231 626 844
1748 74 72
1477 144 71
1748 606 70
1272 419 616
1366 922 884
1281 319 543
1348 513 581
1355 969 128
1243 280 742
1410 349 82
1360 593 569
1240 64 88
1275 368 630
1449 114 72
1167 516 564
1259 1929 1927
1502 63 73
1187 64 101
1186 91 159
1288 241 407
1279 656 904
1273 392 524
1395 64 83
1296 767 826
1323 329 518
1513 66 69
1333 521 618
1375 103 284
1400 400 371
1391 132 69
1379 380 518
1231 106 382
1326 485 389
1365 352 432
1458 1423 1253
1317 554 800
1199 419 1090
1315 351 374
1246 362 1024
1253 533 483
1290 271 808
1182 67 705
1087 96 80
1426 253 72
1431 1032 709
1258 246 488
1277 186 162
1281 268 797
1318 906 1303
1301 438 418
1320 331 543
1303 313 884
1297 281 378
1354 690 635
1348 299 456
1405 684 1120
1288 540 807
1231 129 99
1442 453 75
1195 823 778
1316 531 643
1594 1929 72
1298 68 168
1315 71 209
1364 511 296
1263 550 1054
1524 298 69
1366 418 435
1159 66 262
1377 75 110
1212 165 770
1343 1111 400
1421 67 70
1004 119 521
1256 131 92
1319 517 773
1176 231 817
1491 66 117
1311 488 483
1228 196 575
EOM 98673 150350 2691 0 0 0 0 0 0 0 0 0
1310 391 484
1369 242 454
1272 645 622
1174 98 1693
1311 321 656
1498 89 68
1139 112 1022
1383 618 648
1284 988 1567
1441 1928 132
1264 770 594
1415 635 583
1370 589 537
998 69 375
1244 498 503
1358 571 585
1141 65 346
1327 1930 1646
1220 658 1011
1748 409 70
1300 78 289
1323 410 699
1304 69 92
1368 643 1041
1319 469 705
1221 64 72
1303 517 771
1191 65 145
1128 66 109
1265 76 71
1305 794 670
1467 551 544
1745 548 69
1361 685 822
1410 1237 1569
1465 113 68
1648 69 112
1291 775 1055
1662 95 69
1321 298 899
1240 570 894
1271 1138 749
1312 69 95
1015 66 164
1179 438 1070
1339 67 283
1441 721 468
1306 401 701
1234 507 1334
1295 70 140
1337 271 321
1235 64 74
1263 263 407
1337 1269 814
1200 225 957
1435 1144 280
1298 448 814
1278 291 438
1386 631 224
1237 689 985
1300 311 807
1363 435 438
1321 500 816
1283 481 713
1082 65 76
1283 388 870
1297 527 452
1271 380 380
1330 180 72
967 71 101
1360 713 381
1504 316 240
1262 340 650
1485 69 69
1214 78 164
1303 479 603
1364 462 734
1293 1226 1005
1297 360 354
1447 301 74
1248 369 239
510 142 194
1324 70 567
1304 410 794
1322 428 733
1281 505 945
1260 684 1205
1314 488 372
1748 194 104
1154 510 1249
1380 337 467
1311 1169 1229
1278 499 1211
1252 246 762
1370 454 986
1317 586 806
1291 358 843
1350 124 72
1278 74 229
1394 1270 1287
612 159 491
1295 788 693
1351 336 540
1227 321 1061
1476 700 69
1074 1038 1441
1370 120 69
1375 500 718
1604 121 68
920 97 188
1278 252 418
1327 1280 1804
1309 814 777
1363 1142 110
1172 126 71
1307 575 358
1408 746 148
1365 342 594
1205 805 1551
1442 232 148
1301 78 147
1321 504 551
1319 644 521
1314 255 503
1358 709 648
1315 1003 330
1294 587 1484
1232 67 159
1124 66 198
1117 64 578
1325 637 1047
1268 492 939
1154 812 1518
1741 68 70
1301 458 391
1267 479 400
1292 339 653
1159 71 1586
1206 327 1925
1379 200 86
1478 433 292
1334 261 758
1317 455 69
1271 927 74
1349 573 604
934 149 382
1361 537 532
1370 479 474
1479 322 71
1433 641 580
1657 66 69
1219 405 1170
1228 739 1134
1745 255 70
1033 825 1597
1298 325 779
1369 427 270
1230 737 1249
1210 690 1231
1743 65 70
1263 334 423
1289 64 225
1245 427 756
1188 215 284
1323 378 593
1377 543 178
1200 421 829
1261 476 932
1301 69 71
1285 510 390
1288 487 486
1195 96 141
1430 1053 348
1385 639 549
1246 355 777
1195 418 937
1370 917 469
1453 128 69
1309 126 99
1217 311 1314
1329 270 448
1281 369 627
1289 335 1045
1227 726 1407
1417 428 69
1317 197 99
1260 491 619
1283 253 71
1190 67 80
1060 70 455
1244 458 698
1529 1042 73
1168 513 1336
1308 72 287
1291 65 69
1375 136 69
1336 433 693
1118 66 309
1334 373 462
1311 189 70
1357 64 75
1282 237 769
1748 87 102
1123 65 211
1264 517 790
1216 435 802
1366 1415 1048
1251 964 650
1413 565 632
1388 1553 1719
996 138 155
1363 90 75
1170 72 275
1200 410 775
1240 355 675
1242 316 1268
1372 333 551
1224 875 1230
1290 856 1157
1180 108 110
1297 626 918
1401 306 248
1183 66 75
1343 440 589
1328 351 627
1392 1847 176
1356 646 732
1315 575 477
1275 426 629
1329 985 1251
1521 74 101
1323 834 1287
1251 437 1183
1341 265 944
1210 555 1716
1472 897 123
1306 350 478
1297 833 593
1331 674 833
1427 531 595
1361 314 729
1384 473 524
1342 536 859
1305 551 563
1335 480 646
1254 68 965
1239 504 691
1260 369 816
1227 104 77
1243 292 904
1321 1929 891
1349 571 584
1214 86 216
1341 636 1513
1349 682 1048
1462 311 72
1366 377 233
1184 66 176
1748 149 67
1357 709 888
1302 938 69
1335 596 657
1192 86 77
1055 65 152
1354 682 993
1394 67 93
1269 64 69
1250 67 155
1718 65 70
1193 72 89
1232 239 77
1201 441 1761
1586 67 69
1348 132 221
1240 526 667
705 137 386
987 78 195
1021 68 479
1000 1098 1526
1302 65 83
1102 73 260
1277 436 722
1226 371 755
1255 530 1288
1334 353 431
1231 70 542
1317 604 579
1218 1051 1273
1218 581 726
1445 590 388
1326 882 325
1286 475 804
1140 67 381
1238 446 1374
1256 64 96
1357 64 196
1255 665 1082
1308 352 583
1244 967 882
1311 518 332
1353 586 731
1314 375 1015
1245 371 854
1245 151 978
1341 533 1084
1224 191 1153
1310 449 580
1328 557 635
1252 388 1342
1277 239 507
1336 525 526
1204 64 305
1145 77 118
1308 415 756
1272 153 193
1748 65 88
1212 262 913
1147 447 1082
1215 373 875
1035 74 250
1298 694 593
1367 730 819
1304 703 1135
1239 495 707
1288 83 249
1749 561 71
1412 122 176
1323 329 395
1278 698 1133
1185 821 249
1565 888 74
1274 343 670
1289 320 511
1274 575 924
1229 314 580
1345 97 69
1277 341 798
1267 688 894
1368 240 217
1242 287 1430
1414 90 226
1254 436 1023
1272 858 909
1164 1344 968
1316 1929 1929
1413 291 185
1220 596 574
1283 1066 1187
1299 442 765
1571 64 70
1324 948 410
1182 66 186
1265 532 992
1351 410 552
1302 125 511
1353 530 785
72 405 744
1344 67 162
1504 205 70
1255 558 1042
1004 71 214
1226 238 728
1332 585 496
1258 945 1399
1180 95 1135
1369 75 74
1289 399 606
1389 112 73
1357 754 782
1189 64 107
1238 538 175
1386 1153 385
1262 745 937
1221 366 715
1388 118 167
891 109 336
1385 1353 595
918 68 165
1392 182 383
1145 749 991
1300 364 1023
1406 135 147
1353 444 727
1277 595 1412
1218 64 108
1352 1929 1139
1357 434 784
911 77 150
1350 189 69
1381 70 70
1442 628 856
1331 451 574
1495 1633 220
1231 457 1011
1174 597 879
1436 502 368
1619 85 70
1305 698 714
1362 715 594
1407 117 210
1345 590 774
1070 497 1751
1381 549 716
1309 255 70
1361 456 446
1122 458 1298
1312 64 74
1290 422 479
1168 108 72
1266 561 647
1277 293 795
117 157 176
1607 102 69
1307 762 1025
1300 539 1337
378 111 55
1300 753 680
1245 107 305
1320 334 825
1277 521 498
1294 347 301
1027 65 170
1332 140 1020
1439 1144 115
1294 1003 961
1420 311 534
1409 65 70
1424 234 97
1244 441 645
1746 309 69
1071 82 90
1239 84 346
1745 131 70
1305 316 436
1280 484 1396
1598 69 70
1251 448 1236
1344 1929 802
1302 822 759
326 107 544
1291 677 494
1446 403 182
1244 88 321
1684 71 73
1087 64 345
1235 65 110
1359 228 340
1325 584 352
1154 466 1461
1406 136 84
1321 1153 1599
1194 119 650
1749 69 69
1263 324 541
1318 643 728
1223 106 928
1319 491 787
1124 64 404
1093 70 117
1355 301 590
876 76 267
1307 867 658
1282 177 300
1503 319 74
1296 217 504
1247 102 95
1308 248 768
1463 179 69
1350 452 320
1505 66 69
1334 505 945
1215 122 78
1390 554 88
1499 67 96
1287 98 122
1317 201 550
1464 344 210
1056 111 100
1503 290 69
1251 322 758
1332 72 388
1229 1096 1373
1233 286 1164
1324 64 208
1250 597 943
1409 174 69
1335 679 534
1315 1032 707
1234 600 319
1329 659 359
1166 838 1353
1367 412 573
1321 804 1159
1210 669 1292
1385 76 88
1123 65 160
734 113 166
1443 141 75
1308 510 628
1289 266 437
1391 535 573
1272 381 1051
1276 598 608
1099 76 231
1115 69 234
1335 964 796
1356 586 108
1389 1458 1806
1212 255 406
1411 362 462
1463 90 68
1267 426 403
1402 502 600
1345 927 1839
1303 64 69
1394 497 533
1266 347 843
1086 68 93
1290 70 68
1363 359 487
1245 527 606
1254 456 746
1331 364 412
1341 258 434
1362 365 335
1303 427 979
1297 132 152
1355 65 74
1554 257 109
1314 449 585
1348 142 119
1748 1047 70
1408 64 69
1322 480 560
1378 547 441
1331 174 70
1158 1924 1929
1439 911 75
1332 521 904
1303 389 844
1743 181 69
1267 566 701
1392 699 970
1265 503 1019
1414 81 70
1417 696 813
1217 784 1269
1210 617 1077
1306 66 96
1422 90 182
1362 137 96
1253 641 1020
1416 794 847
1379 63 69
1256 591 70
1265 333 1520
1310 503 659
1267 397 502
1258 665 949
1343 1031 989
1349 892 606
1063 580 1614
1288 239 957
1182 732 1276
1263 282 558
1324 519 375
1251 359 73
1197 77 145
1320 739 141
969 71 1930
991 69 151
1320 468 699
1302 407 1254
1211 355 1227
1750 217 70
1260 64 73
1290 528 916
1154 264 1881
1380 481 628
1257 722 1296
1746 72 73
1298 352 735
1455 70 77
1216 535 141
1327 822 555
1475 89 71
1246 64 266
1131 282 541
1347 362 607
1353 1144 1011
1214 65 79
1321 272 411
1366 878 661
1285 286 982
1277 415 810
1307 64 94
1325 709 760
1573 65 70
1378 775 710
1335 103 157
1368 344 355
1203 170 624
120 57 441
1205 602 801
1092 77 102
1347 446 879
1236 283 520
1195 70 541
1214 496 993
1311 250 423
1280 567 73
1212 438 1287
1665 66 69
1311 924 957
1370 67 71
1261 879 1252
1750 147 152
1281 381 355
996 68 129
1209 434 1057
1242 536 445
1293 972 913
1654 65 68
1279 226 474
1227 378 489
1231 376 511
1165 418 1122
1359 797 626
1331 593 1024
1222 64 80
1188 111 106
1329 465 707
1336 362 663
1401 67 80
760 76 334
1296 615 748
1319 477 383
1113 64 101
1120 673 1088
1155 68 196
1274 315 694
1371 494 167
1321 244 159
1337 521 880
1343 337 634
1370 531 423
1369 573 670
1332 238 655
1326 661 823
1471 699 121
1332 517 675
1233 271 355
1487 64 72
1419 521 437
1379 66 69
1202 856 887
1338 417 722
1275 164 591
1503 1539 82
1280 207 1059
1326 395 409
1223 371 1309
1342 1004 275
1287 227 146
1206 407 678
1538 65 72
989 68 133
1231 86 84
1283 501 1596
1217 567 144
1242 64 86
1426 498 69
1292 359 884
1385 498 380
1310 722 695
1213 350 1260
1292 64 68
951 71 158
1342 682 624
1374 402 359
1333 674 780
1407 64 69
1233 69 81
1268 176 360
1207 65 403
1344 476 739
1750 233 70
1283 149 559
1365 1855 1862
1309 577 444
1232 624 1429
1304 67 142
1751 93 126
1089 345 1088
1293 540 400
1340 539 532
1192 339 137
1345 88 137
1274 289 778
1389 580 757
1228 189 1748
1745 63 75
1272 519 1031
1307 234 572
1242 361 555
1249 536 731
985 294 1512
1286 180 579
1286 69 351
1253 19 667
1188 181 1696
1482 1794 110
1367 371 539
1313 597 419
1221 266 721
1299 521 361
1228 64 766
1289 166 69
1392 518 848
1340 335 69
1335 90 99
1398 313 693
1308 755 625
1175 611 476
1368 422 662
1335 557 763
1076 64 807
1193 359 1372
1244 302 1193
1491 172 91
1277 450 623
1227 656 648
1265 554 773
1661 98 105
1029 87 90
1497 175 70
1371 522 643
1391 411 613
1426 486 611
1236 633 1044
1182 72 93
1345 88 732
1441 65 69
1594 161 69
1749 68 71
1259 64 152
1397 621 1121
1751 1929 69
1274 676 934
1211 103 456
1396 635 957
1383 337 146
1574 437 82
1245 672 865
1281 65 263
1488 569 195
1244 266 726
1283 589 704
1268 64 101
1218 506 904
1410 1289 1258
1404 808 898
1557 149 69
1240 417 698
1221 489 1053
1281 833 856
1065 68 246
1355 1390 1663
1247 461 1084
1268 516 47
1250 568 840
1353 782 1639
1065 64 194
1245 93 138
1084 66 88
1380 735 1042
1326 435 498
872 94 151
1357 658 978
1520 70 73
1749 177 70
1215 67 563
1307 467 584
1374 740 845
1405 462 592
1314 464 599
1334 850 939
1367 66 82
1434 1126 228
1381 586 609
1330 397 344
1379 294 349
1052 64 81
1374 67 104
1302 737 732
1519 69 70
1350 384 600
1377 505 651
1398 258 72
949 85 349
1236 449 1327
1269 351 218
1468 128 74
1347 344 469
1444 446 627
1239 843 1096
1344 428 338
1311 338 992
1322 801 996
1310 64 70
1296 414 946
1337 293 454
1252 245 676
1498 64 68
1328 387 291
879 83 279
1684 210 67
1281 626 799
1354 584 1118
1176 64 522
1255 331 608
1170 492 1114
1312 323 318
1407 582 635
1433 313 126
1361 330 728
1352 587 959
1315 478 690
1302 102 494
1126 130 436
1266 494 658
1373 1929 138
1322 441 1230
1131 64 506
1744 78 70
1320 526 371
1367 622 291
1648 126 70
1265 416 661
1235 431 730
1342 552 670
1263 179 582
1312 772 538
1185 64 72
1372 1072 835
1395 90 72
1364 672 297
1251 570 641
1402 188 256
1354 749 552
1314 614 1097
1351 482 473
1199 64 129
1242 531 436
1247 197 609
1315 574 478
1184 66 71
1245 416 1220
1388 410 443
1691 83 69
1461 1284 291
910 65 218
1403 1001 547
1289 278 571
1563 138 74
1375 719 345
1322 699 1242
1308 354 650
1350 581 984
1241 509 1004
1261 727 1426
1235 419 948
1224 733 1258
896 78 1931
1264 279 582
1433 78 82
968 67 487
1351 544 990
1266 625 761
1269 273 712
1368 718 889
1263 442 626
1745 77 69
1556 114 69
1504 64 84
1321 504 191
1389 72 71
1245 359 829
1470 504 360
1743 64 69
1330 341 708
1254 397 641
1232 432 1037
1344 944 1046
1246 686 1060
1323 650 943
1428 736 552
1283 66 69
1269 294 659
1224 604 1647
1476 338 69
1259 65 112
1364 447 811
1276 376 569
1230 243 259
1353 726 540
1318 624 1476
1266 285 1254
1235 586 845
1350 275 613
1318 502 525
1335 440 1238
1340 800 569
1273 65 70
1291 717 624
1140 81 136
1632 68 69
897 73 186
1551 639 94
1322 966 686
1226 734 1293
1594 276 69
1257 225 599
1288 567 823
1328 1020 965
1285 564 950
1336 473 838
1211 415 182
1294 567 1677
1341 735 487
1392 766 201
1368 304 207
1394 72 71
1306 296 434
1383 281 765
1146 189 1343
1272 849 1180
1261 356 467
1320 74 69
1315 439 614
1264 66 240
1125 452 732
1260 450 774
1440 1929 265
1268 800 1048
1099 73 359
1270 277 1183
1300 353 590
1228 674 1513
1312 445 439
1282 868 766
1355 84 73
1286 390 876
1297 451 125
1305 447 394
1115 64 197
1389 518 385
1290 103 70
1254 78 73
1283 374 869
1202 399 1524
1307 503 455
1292 298 343
1747 149 69
1268 106 177
1417 1334 201
1288 699 70
1244 277 844
1286 289 733
1333 64 113
1260 532 938
1210 64 192
1224 512 898
1364 532 667
1239 902 104
1273 793 671
1245 524 505
1206 406 877
1386 426 310
1337 481 1133
1272 227 522
1240 404 1075
1615 1675 81
1357 365 1006
1463 796 72
1319 500 391
1029 66 700
901 100 406
1274 372 453
1377 462 551
930 76 1213
948 74 484
1282 468 604
1379 484 494
1748 63 68
1203 467 894
1158 69 62
1206 721 1568
1564 114 132
1352 370 464
1300 593 730
1341 485 634
1300 381 488
1299 298 543
1255 233 203
1297 517 581
1362 534 712
1233 921 882
1622 386 69
1336 65 69
1422 86 76
1300 771 1138
1258 310 931
1363 194 1721
1751 215 74
1304 1017 554
1294 404 391
1313 277 837
1424 1929 1929
1348 420 571
1353 645 994
1365 447 262
1259 530 792
1405 1439 1929
1187 66 168
1402 127 69
1110 64 366
1743 64 70
1322 83 70
1321 149 175
1298 589 441
1253 70 70
1236 623 1113
1370 68 214
1280 399 570
1227 80 381
1273 413 770
1265 375 502
1395 808 716
1263 833 808
1223 506 654
1320 664 762
1214 389 1186
1305 567 499
1306 692 856
1258 523 1258
1346 217 298
1217 401 1528
1309 375 553
1605 66 68
1364 537 460
1359 190 130
1358 132 68
1339 65 69
1291 466 885
1396 1601 952
1160 596 1002
1135 67 214
1195 964 1363
1319 495 973
1254 651 818
1237 411 1387
1235 442 803
1270 278 544
1275 481 824
1435 242 71
1299 68 70
1297 408 1179
1298 599 1059
1333 803 475
1389 341 458
1248 524 670
1066 71 157
1297 402 653
1370 227 535
1233 493 1048
1307 161 615
1048 119 92
1401 761 1166
1423 64 73
1312 114 169
1369 1087 686
1155 67 225
1252 629 1192
1292 903 70
1424 93 78
1351 669 1529
1249 497 924
1092 203 373
1214 448 827
1288 215 421
1246 241 987
1750 489 70
1361 438 495
1291 515 700
1517 660 74
1253 64 194
1309 570 747
1404 614 734
1180 247 879
1276 387 934
1317 108 142
1747 673 101
1211 272 859
1750 122 102
1265 361 568
1341 1099 1929
1394 85 99
1546 467 73
1306 298 681
1327 573 352
1115 815 1420
1150 393 976
1260 817 1388
1312 64 72
1227 250 318
1282 166 70
1297 382 614
1262 64 93
1189 269 1259
1238 323 910
1337 315 524
1267 681 863
1463 65 69
1459 1587 219
1349 403 346
1328 821 688
1365 808 240
1424 1929 166
1228 679 895
1268 1276 1880
1113 67 113
1260 270 723
1309 749 662
1253 804 1289
1264 516 720
1213 507 973
1260 64 143
1422 259 651
1377 243 452
938 77 190
1231 775 1929
1179 636 646
1236 253 328
1354 252 464
1345 266 606
1290 646 882
1049 83 272
1312 646 583
1351 93 129
1285 417 940
1737 65 69
1666 491 92
1335 614 717
1296 498 861
1227 690 966
1259 339 602
1697 181 69
1409 90 73
1315 816 69
1225 241 1239
1337 617 1026
1350 159 70
1397 882 1194
1338 613 877
1742 66 75
1180 85 557
1438 69 122
1413 389 93
1364 80 169
1334 579 811
1317 354 720
1429 68 115
1360 426 474
1366 353 526
1324 72 181
1317 340 340
1426 66 74
1291 208 403
941 109 203
1339 203 259
1513 69 70
1247 359 1165
1291 1108 1233
1226 3869 949
1345 780 476
1367 326 335
913 111 156
1264 65 153
1334 68 73
1236 510 727
1243 321 879
1341 811 812
1271 640 668
1314 89 74
1234 67 84
1272 417 671
1246 566 937
1203 324 1525
1266 1928 1928
1260 295 1031
1341 892 484
1222 488 651
1303 336 581
1186 887 988
1329 386 635
1431 1237 82
1323 500 325
1288 360 589
1336 280 322
1296 470 618
1317 606 1084
1236 299 779
1270 67 82
1272 765 1017
1245 284 943
1322 64 120
1393 909 563
1380 521 607
1235 517 1277
1494 789 265
1241 301 388
1296 830 896
1748 102 75
1212 573 1485
1253 133 249
1520 1119 194
1267 282 237
1303 572 853
1365 1904 702
1326 317 608
1349 323 426
1346 547 554
1427 948 766
1293 1443 589
1289 151 165
1302 403 1111
1242 511 941
1550 148 70
1424 64 98
1228 473 1098
1366 525 582
1308 1352 1400
1185 66 71
1376 386 706
1273 190 460
1298 294 401
1329 720 732
1345 526 568
1333 505 1043
1376 560 642
1341 839 423
1446 147 92
1367 1376 933
1318 392 823
1497 462 537
1282 97 148
1381 96 73
1227 1259 1688
1272 503 539
1278 464 838
1319 453 821
1060 66 87
1384 460 1026
1027 96 102
1204 247 1150
1227 63 79
1239 65 82
1750 245 93
1749 67 68
1342 469 804
1395 641 95
1294 87 206
1309 274 770
1340 697 1051
1361 470 469
1419 64 73
1295 407 670
1172 114 1371
1387 85 69
1281 65 592
1209 825 1016
1188 74 276
1386 1929 558
1598 69 105
1254 317 89
1506 64 69
1341 312 710
1310 233 148
1272 568 884
1360 538 634
1303 906 542
1285 648 937
1241 422 879
1616 77 71
1201 251 1162
1426 1930 544
1207 73 180
1384 681 426
1274 292 556
1289 178 72
1200 74 71
1305 395 644
1282 308 851
1362 339 648
1101 69 79
1451 125 251
1306 475 706
1260 65 159
1381 781 498
1330 533 600
1387 537 539
1308 65 103
1748 1009 69
1249 648 1031
1335 441 494
1272 320 114
1270 551 955
1287 191 568
1393 634 844
1348 64 75
1300 734 1546
1296 704 810
1327 361 468
1194 100 261
1351 673 69
1221 134 69
1372 138 80
1272 69 72
1365 648 73
1421 1915 523
1279 65 192
1432 76 73
1381 64 98
1277 68 175
1383 854 929
1363 702 800
1256 357 826
1328 695 801
1295 714 895
1113 2 949
1277 749 730
1351 908 1264
1317 882 967
1330 64 136
1278 394 177
1276 274 910
1378 445 287
1271 782 982
1097 293 1930
1262 848 1273
1388 1052 778
939 74 130
1381 465 644
1273 755 902
1293 864 954
1252 1076 1369
1355 553 613
1290 690 765
1223 752 999
1257 192 239
1327 64 69
1461 184 69
1321 600 1775
1414 740 449
1305 400 482
1300 214 988
1307 311 511
1259 313 421
1274 632 1098
1320 118 104
1212 428 1010
1360 390 371
1556 66 68
1206 936 1192
1362 64 148
1424 185 103
1279 390 692
1394 531 312
1749 213 83
1202 74 140
1346 97 126
1312 482 853
1403 327 395
1241 623 1152
1261 413 300
1209 75 70
1570 182 69
1311 320 330
1453 1592 132
1271 325 684
1153 187 113
1259 436 842
1253 236 331
1320 477 1014
1203 1482 1102
1346 295 749
1139 444 856
1294 511 436
1215 503 911
1232 138 132
1578 122 69
1177 64 93
1313 450 399
1233 269 671
1273 717 832
1189 534 1114
1287 372 468
1304 655 1162
1386 922 572
1152 528 661
1375 792 533
1278 102 71
1379 75 70
1182 613 1434
1241 406 730
1536 181 69
1276 381 738
1590 124 111
1279 188 768
1252 829 891
1246 373 779
1268 81 72
1441 86 71
1244 119 153
1326 394 1132
1403 388 312
1344 515 871
1313 464 478
1321 286 672
1254 178 70
1360 887 874
1323 327 479
1286 699 657
1188 70 126
1348 235 261
1468 408 69
1262 320 725
1345 773 1820
1347 248 76
1200 472 1283
1075 225 1929
1216 310 610
1259 460 935
1273 1018 1530
1227 344 631
1280 568 790
702 115 377
1302 360 769
1325 512 805
1172 70 71
1677 107 85
1436 225 68
1341 1286 712
1228 349 884
1487 93 82
1233 694 704
1267 793 1415
1342 574 908
1423 436 570
1255 102 301
1531 135 75
1275 510 597
1221 699 924
1225 1731 112
1251 74 81
1390 281 86
1139 80 251
1365 84 69
1363 866 1301
1344 887 444
1205 703 886
1209 323 214
1310 399 733
1279 64 311
1347 459 500
866 65 141
1286 469 629
1234 75 550
1397 632 1041
1182 609 1858
1390 454 753
1132 63 207
1315 517 843
1310 126 96
1299 511 588
1743 914 71
1218 65 172
1152 114 588
1289 531 333
1241 341 854
1252 576 983
1216 76 86
1208 246 599
1347 527 326
1248 535 639
1311 232 382
1243 511 655
1330 509 643
1267 867 1019
1246 65 71
1504 145 83
960 74 229
1618 1757 69
1354 240 277
1387 360 487
1202 65 78
1531 104 95
1331 529 1144
1317 153 85
1341 666 391
1469 553 307
1277 372 1287
1287 746 656
1352 409 477
1257 434 988
1009 77 91
1280 699 278
1342 471 438
1606 73 71
1484 720 115
1312 421 613
1344 96 157
1321 621 393
1368 1277 757
1291 541 1172
1285 317 363
1247 546 757
1317 71 117
1256 76 149
1322 476 381
1314 315 427
1281 534 672
1311 525 592
1295 998 594
1251 309 1117
1318 366 437
1363 353 1794
977 71 134
1374 285 583
1329 64 69
1369 455 603
1296 307 499
1164 115 1157
1229 445 1074
1321 436 573
1205 351 1151
1104 71 603
1258 66 127
1193 123 538
1282 157 69
1115 88 794
1242 67 107
1485 74 77
1407 374 70
1180 70 168
1364 1229 100
1232 206 611
1153 130 1349
1402 585 388
1482 204 187
1185 68 75
1306 657 71
1181 468 1299
1286 377 614
1368 185 261
1284 529 288
1207 218 1386
1215 210 566
1209 68 75
1404 427 197
1179 65 572
1220 639 783
1297 204 94
1274 591 840
1083 629 1910
541 113 198
1202 65 168
1123 260 1174
1313 424 667
1361 76 70
1243 686 155
1402 1929 350
1401 214 69
1202 64 218
1460 354 182
1730 177 70
819 120 192
1271 229 478
1194 245 1403
1310 330 544
1063 93 80
1288 898 279
1336 518 816
1321 64 85
1277 420 635
1241 153 682
1304 787 586
1748 152 68
1339 446 446
1133 73 887
1097 9 1473
1318 208 410
1368 491 641
1363 472 778
1363 808 560
1310 339 634
1176 402 894
1265 459 897
1255 154 524
1228 68 119
1251 1060 1470
1538 96 72
1323 219 71
1311 471 523
1311 1299 920
1298 64 166
1383 718 915
1541 112 68
1134 100 94
1342 733 1312
1325 1015 831
1352 187 69
1289 743 497
1455 584 233
1201 376 1176
1259 350 672
1497 77 68
1460 485 167
1748 306 68
1377 538 655
1284 361 808
1383 145 243
1282 67 142
1384 385 395
1251 147 813
1218 303 1264
1292 71 109
1304 363 718
1087 64 695
1319 561 807
1437 88 101
1259 898 1426
1597 1229 74
1254 766 659
1273 470 764
1368 69 215
1343 750 534
1311 65 95
1342 236 93
1372 843 916
1330 341 772
1274 195 517
1489 81 69
1230 441 1046
1114 66 484
1205 107 633
1430 123 102
1263 386 1249
1256 472 1240
1259 736 694
1749 282 118
1378 296 683
1238 73 116
1723 121 69
1243 249 556
1304 407 775
1311 455 353
1163 92 144
1258 729 1034
1313 237 285
1249 502 974
1346 543 635
1311 360 502
1307 697 644
1743 114 70
1396 121 197
1569 232 68
1304 495 1066
1211 73 535
1272 375 1149
1281 822 1012
1152 69 214
1315 432 482
1280 703 727
1313 289 683
1258 196 499
1261 464 960
1749 79 78
1338 447 745
1560 412 72
1363 431 371
1185 574 1929
1349 1345 1747
1360 471 414
1163 74 89
824 89 211
1285 348 764
1310 507 805
702 92 643
1359 139 599
1367 632 771
1303 225 748
1238 552 1806
1224 346 961
1208 614 1252
1269 454 456
1249 398 724
1266 489 903
1275 467 1371
1368 681 317
1305 64 69
1250 65 72
1091 138 959
1180 1299 347
1121 438 877
1660 104 89
1366 1367 441
1187 140 430
1283 492 943
1216 653 1019
1256 297 75
1232 737 138
1299 459 582
1200 381 703
1310 231 76
1262 346 513
1269 64 466
1302 379 483
1190 392 723
1290 479 590
1720 64 84
1234 66 69
1299 758 1210
1271 322 86
1326 645 370
1245 497 1086
1323 445 685
1318 479 378
1503 75 255
1316 539 711
1326 818 1518
1162 78 81
1711 292 96
1677 66 89
1406 297 717
1309 484 575
1357 780 857
1337 606 1737
1327 763 1100
1346 373 409
1312 540 794
1059 65 264
1397 597 759
1336 408 871
980 66 1347
1388 839 610
1566 122 69
1723 99 73
1263 263 1327
1248 727 1012
1727 69 72
1416 64 69
1255 592 712
1219 362 987
1136 581 704
1284 169 137
1226 382 1118
1266 65 357
1286 935 1469
1292 64 266
1367 1680 1524
1368 509 610
1306 640 683
1347 122 76
1743 724 315
1121 503 1175
1536 105 68
1285 64 70
1272 1929 1147
1362 105 215
1262 219 850
1250 80 86
1681 99 70
1369 681 365
1225 257 715
1261 138 74
1011 65 214
1232 619 1438
1278 347 430
1188 193 953
1254 265 733
1338 704 395
1368 223 75
1219 226 218
1250 561 1434
1248 776 1198
1161 65 120
1298 379 552
1257 456 346
1266 509 621
1159 64 397
1368 64 174
1440 66 161
1742 263 69
1207 70 314
1356 679 789
1380 1150 523
1019 64 369
1393 808 466
1310 454 585
1263 78 70
1323 314 775
1282 552 1019
1332 749 763
1251 537 816
1300 384 918
1163 354 1028
1282 441 455
1285 414 473
1479 134 71
1336 455 860
1278 64 118
1134 216 1460
1160 310 1112
1342 1929 811
1241 293 834
1219 609 1528
1290 365 486
1331 599 802
1290 654 861
1199 631 1191
1534 590 69
1751 421 70
948 81 540
1189 610 1113
1236 71 74
1256 248 454
1220 501 728
1645 70 84
1255 90 110
1098 72 235
1206 64 89
1280 66 187
1083 109 266
1278 882 428
1259 438 670
1307 437 701
1250 556 1075
1251 627 1014
1191 391 1223
1285 473 1129
1111 68 1534
1319 729 1136
1399 1731 525
1273 340 532
1284 459 348
1147 470 875
1554 1929 78
1277 64 80
1374 82 69
1398 64 69
1312 423 612
1749 264 71
1518 105 62
1382 392 310
1272 673 767
1292 242 167
1276 244 588
1344 476 631
1320 537 393
1223 380 311
1427 64 79
1203 330 1145
1256 447 774
1256 392 709
1342 331 707
1413 93 75
1306 67 329
1251 239 637
1175 64 183
1321 612 752
1122 65 670
1355 907 935
1269 539 630
1355 574 584
1448 537 70
1313 205 518
1396 84 71
1353 449 391
1310 340 377
1749 495 73
1245 198 69
1315 380 680
1287 1830 74
1270 337 98
1366 282 979
1228 557 802
1200 64 70
1481 86 85
1236 546 997
1221 902 1929
1383 346 267
1297 346 520
1388 586 794
1367 1023 1150
1144 94 72
1332 545 1209
1401 573 554
1251 158 838
1124 65 669
1352 380 622
1242 312 1667
1265 335 958
1216 459 934
1189 500 858
1344 568 553
793 108 251
1380 700 881
1261 581 749
1317 340 524
1278 345 597
1470 135 163
1297 289 698
1490 166 69
1271 321 680
1368 596 754
1297 461 756
1270 65 129
1144 73 79
967 99 111
1305 479 631
1237 643 840
1365 360 637
1537 672 69
1314 664 415
1220 199 194
1439 344 508
1063 70 1930
1319 429 805
1751 392 80
1369 540 622
1360 423 676
1305 565 963
1403 839 406
1391 299 270
1380 519 643
1309 195 691
1298 263 537
1280 629 765
1286 248 254
1339 666 302
930 81 271
1349 336 533
1316 345 644
1305 165 164
1362 67 215
1454 699 352
1296 388 875
1748 107 69
1292 368 802
1327 430 573
1449 291 603
1355 621 354
1276 96 71
1243 99 71
1164 366 1077
1384 63 68
1376 535 572
1345 563 743
1336 320 572
1363 393 574
1354 808 616
1293 71 84
1292 457 992
1327 304 356
1345 626 1023
1361 599 297
1189 70 74
1359 338 292
1182 66 85
1237 327 516
1312 321 345
1567 65 69
1230 751 1009
1249 368 402
1199 72 308
1168 142 247
1358 649 732
1207 116 300
1326 601 1177
1247 530 1027
1195 64 204
1133 129 441
1351 671 709
1363 397 521
1325 502 483
1243 369 699
1394 66 69
1309 335 853
1197 386 1126
1291 590 706
1246 94 88
1672 105 71
1204 377 1328
1183 317 83
1140 444 828
1314 686 1363
1238 507 339
1384 141 71
1368 643 821
1188 316 664
1370 160 171
1182 84 225
1374 446 581
1135 65 188
1280 371 572
992 72 126
1375 581 854
1322 74 70
1286 386 524
1288 979 76
1304 537 668
1340 581 746
1242 854 1226
1313 459 472
940 67 149
1268 359 1394
1359 444 636
1351 501 629
1748 124 70
1319 393 1080
1362 527 535
1339 458 755
1212 586 1007
1283 967 1106
1192 330 756
1353 856 1864
1583 68 69
1175 323 974
1748 437 73
1302 164 79
1368 337 146
1389 639 730
1418 1042 118
802 305 295
1185 504 1929
891 65 338
1402 210 379
1329 476 471
1262 176 1242
1185 166 170
1293 473 782
1407 208 131
1700 224 69
1206 243 1399
1344 116 112
1356 495 380
1305 64 69
1303 82 97
1060 76 432
1225 156 471
1064 123 82
1408 1929 1929
1446 1929 875
1293 65 68
1204 330 545
1276 512 667
1295 260 353
1352 469 563
1252 315 855
1190 72 92
1138 67 250
1309 221 165
1318 366 725
1199 90 983
1750 167 129
1309 443 525
1327 660 1208
1398 65 116
1314 371 576
1265 463 154
934 72 160
1226 343 719
1543 64 69
1219 80 72
1232 339 572
1332 389 645
1253 345 952
1274 64 734
978 64 116
1741 156 115
626 130 371
1250 382 949
1111 63 165
1361 67 131
1313 356 527
1490 287 69
1094 1171 1661
1214 418 977
1343 408 724
1258 874 1048
1273 65 73
1317 394 304
1330 615 810
1333 66 75
1431 72 69
1400 1792 288
1281 65 494
1251 294 659
1195 100 121
1337 547 69
1304 582 801
1321 457 886
1283 624 695
1286 69 69
1178 147 1065
1293 1223 1880
1280 125 417
1347 434 361
1290 291 449
524 164 372
1353 422 374
1484 613 109
1663 114 69
1294 635 701
1283 509 1041
1307 220 429
1412 1313 826
1317 210 119
1284 77 85
1188 515 1194
1314 416 553
1303 817 1130
1516 165 363
1412 103 69
1318 474 1185
1232 698 1307
1558 79 116
1534 1196 206
1329 65 92
1329 637 465
1346 617 972
1238 668 1164
1328 101 447
1077 590 1712
1326 230 308
1250 78 70
1446 399 535
1243 988 690
1354 974 836
1284 193 578
1119 89 109
1285 141 285
1289 444 671
1437 110 71
1307 486 697
1269 511 1377
1472 115 73
1288 87 97
1239 436 551
1137 66 439
1064 66 437
1700 65 84
1374 629 1075
1343 70 74
1132 186 1929
1239 680 1142
1271 66 101
1239 136 449
1339 1158 1479
1349 659 890
1266 454 641
1584 74 69
1258 420 907
1239 69 72
1275 363 1049
1369 199 113
1358 218 111
1181 530 936
1216 330 485
1433 578 69
1262 280 482
1291 680 405
1339 389 385
1383 64 107
1264 481 695
1392 68 157
1232 284 522
1316 303 679
1295 87 287
1417 1814 1018
1318 198 324
1312 345 429
1286 178 474
1309 582 70
1193 93 74
1303 1929 1770
1226 346 787
1166 539 1188
1306 667 580
1750 321 69
1292 71 86
1347 600 506
1750 301 87
1274 620 1156
1252 486 1542
1389 137 230
1366 1082 745
1247 278 594
1292 382 903
1147 770 1626
1343 567 530
1744 115 69
1174 146 509
1334 383 530
1314 867 69
1674 65 72
1393 591 447
1169 891 737
1314 404 397
1286 844 67
1220 241 905
1355 496 656
1544 78 72
1291 377 1047
1281 64 70
1243 68 324
895 109 202
1355 716 871
1278 477 1155
1267 498 401
1342 433 399
1459 311 120
1321 509 715
1720 155 68
1749 135 69
1269 72 138
1296 406 433
1256 375 908
1651 92 76
1306 473 757
1276 371 938
1263 186 700
1599 111 70
1260 459 651
1277 551 632
1339 376 1050
1266 484 646
1428 65 71
1260 340 977
1183 213 1907
1746 114 68
1299 640 656
1337 407 435
1164 543 1199
1232 250 842
1269 164 508
1256 275 447
1380 791 806
1280 607 850
1266 530 1025
1749 877 70
1291 467 837
1219 742 1241
1258 1058 119
1335 310 516
1320 620 318
1235 412 790
1303 442 1242
1416 1797 257
1318 369 916
1306 302 359
1299 315 606
1353 1046 1244
1204 64 85
842 117 184
1293 349 526
1344 119 70
1209 983 1260
1255 659 592
1211 64 75
1353 883 483
1374 275 315
1361 432 558
1237 308 1136
1217 64 78
1179 332 658
1322 484 436
1093 122 395
1352 701 900
1295 523 896
1273 492 723
1370 118 132
1327 612 521
1323 489 490
1252 243 957
1140 71 610
1375 74 71
1315 665 687
1302 521 688
1290 404 839
1308 881 931
1409 453 145
1262 901 706
1253 560 820
1464 67 71
1306 505 505
1312 517 624
1152 78 284
1354 571 497
1406 781 820
1206 669 1553
1379 579 909
1260 613 1049
1495 94 69
1179 113 193
1305 703 727
1241 400 975
1292 599 852
1358 429 637
1247 966 1486
1296 621 737
1319 214 72
1456 64 114
1389 573 478
1356 578 67
1382 70 342
1295 445 548
1251 290 689
1320 603 575
1262 809 1314
1294 377 892
1246 1929 1104
1150 80 76
1632 934 70
1634 80 69
1311 278 104
1311 297 850
1249 367 627
1321 447 401
1303 315 908
1332 401 564
1270 265 689
1254 418 944
1350 892 496
1289 1225 1729
1209 371 664
1315 473 744
1284 388 860
1314 508 764
1333 854 721
1374 72 72
1275 105 120
1297 86 239
882 97 126
1321 65 77
1441 1930 197
1196 108 171
1203 312 723
1226 409 549
1275 111 152
1247 733 354
1496 631 69
1106 64 191
1261 384 1123
1326 475 528
1177 571 1010
1165 79 85
1315 439 548
1181 274 601
1155 75 135
1211 566 1480
1199 593 959
1308 443 806
1343 1929 330
1471 79 113
1227 652 1239
1380 823 243
1193 253 412
1686 69 81
1355 668 489
1378 534 565
1271 642 460
1298 286 822
1335 403 657
1312 287 738
1713 274 73
1198 64 153
1259 387 819
1311 606 1640
1320 285 446
1292 75 70
1428 524 76
1281 303 752
1529 170 98
1241 333 989
1301 120 97
818 93 482
1277 529 760
1039 68 88
1260 533 913
1368 1013 256
1477 1506 115
1312 389 70
1272 410 386
1333 712 972
1365 252 702
1334 516 740
1297 65 69
1110 65 106
1407 637 77
1308 304 313
1302 269 674
1307 90 226
1238 414 435
1623 514 68
1297 283 496
1144 367 676
1677 71 69
1133 90 161
1270 500 904
1194 331 1118
1370 396 557
1299 333 434
1202 770 1752
1224 433 1929
1235 418 1590
1384 66 72
1265 247 1089
1314 570 648
1384 1929 251
1436 279 81
1282 515 924
1384 466 598
1379 70 69
1242 422 1258
1513 64 77
1472 97 69
1367 307 218
1304 1832 931
1320 379 489
1282 72 69
1214 763 1311
1205 977 1598
1718 75 68
1312 64 110
1211 310 1155
1193 93 73
1302 385 374
1306 514 581
1420 69 119
1245 72 210
1454 129 89
1324 684 1019
1205 67 325
1253 67 71
1277 180 451
1270 572 1702
1359 470 1024
1448 64 73
1319 1567 979
1749 424 81
1277 70 287
1204 370 394
1369 625 563
1056 64 82
1375 64 139
1440 68 30
1354 885 546
1239 523 900
1237 449 532
1209 313 649
1266 744 675
EOM 98883 149345 2569 0 0 0 0 0 0 0 0 0
