1273 94 753
1318 539 801
1241 916 1186
1250 322 858
1157 898 1121
1308 66 71
1486 106 69
1148 568 1409
1269 351 577
1734 70 69
1319 65 72
1584 71 70
1386 118 218
1234 64 448
1367 169 69
1313 635 738
1351 1238 905
1238 384 1077
1506 118 69
1350 1331 123
1188 834 1507
1206 77 421
1307 382 538
1282 528 1263
1211 178 1006
1287 672 997
1273 271 1034
1265 336 535
1263 459 1175
1374 99 131
1634 1433 72
1249 931 1038
1283 449 839
1196 315 841
1204 67 139
1405 123 86
1246 465 802
1238 497 1094
1065 65 690
1011 82 1929
1286 64 270
1287 67 70
1209 639 1806
1354 374 648
1251 318 610
1183 64 439
1251 76 152
1388 864 399
1245 980 1512
1262 398 874
1304 322 484
1268 789 1075
1331 89 80
1304 216 1181
1382 666 89
1373 1084 726
1546 103 74
1272 293 737
1309 72 348
1312 439 94
1012 1929 1929
1255 373 810
1355 165 85
1308 819 588
1311 245 83
1118 110 98
1233 118 696
1052 65 717
1459 107 70
1260 370 781
1325 376 565
1302 954 348
1297 667 69
1264 412 851
1291 263 788
1303 266 603
1299 99 383
1178 368 799
1298 254 587
1262 362 378
1284 413 472
1258 246 1320
937 98 714
1250 822 766
1239 915 616
1336 65 102
1241 269 1421
1377 575 643
1393 587 313
1736 96 69
1509 74 70
1350 235 103
1459 74 68
1238 65 90
1701 1930 80
1395 393 151
1749 91 68
1259 685 1647
1313 680 108
982 101 168
1393 487 73
1384 317 148
1200 69 218
922 64 167
1194 68 284
1390 1073 666
1414 232 222
1270 67 68
1205 320 1159
1386 341 841
1298 237 554
1318 553 438
952 79 184
1265 130 194
1461 84 72
1378 556 1017
1290 245 1203
1261 434 1193
1337 66 86
1204 433 1088
1749 130 70
286 160 145
1161 698 776
1123 150 1388
1306 66 74
1262 64 122
1271 350 1782
1278 287 653
1255 253 563
1312 183 593
1239 252 451
1305 490 568
1276 426 807
1749 227 107
1375 563 705
1328 491 769
1363 455 991
1246 505 415
1185 401 849
1379 910 867
1312 494 761
1750 73 68
1260 823 652
1230 171 829
1403 393 641
1200 66 81
1250 351 47
1247 310 858
1235 320 565
1294 343 640
1245 506 1011
1707 65 68
945 67 191
1264 288 608
1308 453 774
1247 64 876
1201 180 1889
1199 492 986
1043 778 1475
1313 357 721
1394 289 472
1210 571 478
1369 381 888
1260 1120 1148
1284 974 987
1208 1003 853
1309 881 753
1365 104 69
1525 63 74
1312 356 445
1218 380 1100
1318 317 379
1372 643 315
1130 170 973
1274 646 1227
1345 486 600
1270 778 975
1232 598 385
1165 170 159
1228 333 674
1208 924 1323
1208 280 517
1196 877 815
1401 897 721
1287 545 660
1151 461 903
1453 711 540
1321 334 763
1323 1686 848
1376 1481 356
1253 215 197
1283 337 465
1266 68 74
1224 270 914
1315 76 77
850 80 478
1255 1107 1175
1309 942 797
1344 191 386
1255 552 1072
911 150 1891
1257 546 601
1382 370 619
1316 365 497
1251 429 380
1228 1601 972
1153 64 102
1350 697 1113
1267 551 784
1255 66 73
1381 488 506
997 207 1691
1320 529 959
1302 659 1048
1485 84 75
1208 680 1328
1364 660 1030
836 87 707
1310 780 588
1016 64 827
1366 577 696
1364 409 748
1289 1929 1929
1620 170 68
1232 925 686
1316 265 619
1326 526 664
1167 87 960
1230 67 79
1318 730 916
1134 577 1216
1164 64 169
1249 979 1181
1220 64 256
1502 63 68
1292 479 591
1191 607 1929
1284 64 68
1284 359 976
1385 1368 1887
1392 241 302
1225 65 184
1151 1267 1291
1543 65 69
1631 246 78
1166 65 128
1361 741 513
1369 541 659
1194 419 755
1249 422 789
1317 522 696
1302 379 565
1343 1122 640
1749 125 69
1295 534 594
1362 594 702
1300 131 656
1284 621 642
1191 66 358
1354 193 70
1265 299 829
1411 656 1063
1351 65 331
1336 71 73
1747 67 71
1358 881 1014
1326 425 687
1300 69 112
1615 134 69
1042 64 140
1189 675 1285
1303 722 693
1436 67 72
1258 70 348
1365 162 1666
1223 515 411
813 99 430
1263 69 126
1314 471 593
1193 558 1350
1453 67 81
1380 596 69
1221 66 434
1622 91 69
1405 1929 346
1352 734 429
1398 110 477
1395 217 72
1316 434 766
1332 504 727
1343 423 611
1405 1340 227
1750 205 100
1366 760 675
1305 345 469
1298 430 792
1348 512 689
1452 137 68
1355 69 69
1302 624 726
1322 190 830
1263 775 1313
1214 532 1584
1489 140 73
1141 71 214
1199 273 704
1179 613 678
1490 663 89
1359 735 490
1418 1091 451
1211 508 763
1250 277 180
1197 312 1420
1370 64 231
1146 65 108
1205 66 119
1225 540 1139
1233 412 1005
1143 66 88
1224 68 72
1623 98 68
1306 65 77
1237 100 93
1466 206 70
1207 34 314
1187 123 238
1086 64 89
1224 246 1526
1553 106 70
1233 235 676
1349 581 681
1186 65 176
1060 73 270
1190 437 862
1234 694 1692
1484 630 77
1318 667 1025
1248 1216 1048
1646 84 67
1050 67 474
1311 68 261
1419 81 69
1323 338 758
1328 674 988
1319 68 177
1259 1367 1883
1749 162 70
1229 794 947
1299 471 1028
1749 167 107
1092 78 247
1294 1376 678
1349 64 178
1309 696 714
1355 392 489
1143 69 139
1299 636 1177
1498 229 114
1306 272 1090
1277 555 806
1241 172 655
1378 379 629
1747 72 73
1169 328 1597
1176 625 834
1408 68 73
1305 528 831
1190 549 999
1432 64 69
1303 760 68
1523 520 70
1495 1929 267
1219 538 1929
1275 171 536
1261 494 632
1288 377 406
1227 65 172
1749 54 66
1261 546 1219
1612 99 69
1747 67 69
1332 774 658
1295 384 639
1305 501 1051
1340 522 860
1176 142 1619
1239 611 723
1748 114 81
1365 483 518
1384 64 69
1299 93 78
1331 631 686
1243 1112 889
1469 102 69
1361 633 906
1442 1929 106
1150 87 77
1332 480 770
1302 125 73
1327 351 105
1339 709 568
941 85 120
1592 81 95
1308 177 202
1359 605 434
1312 307 492
1366 394 548
911 85 468
1255 289 495
1241 295 1149
1416 1566 230
1335 139 99
1233 66 508
1742 76 112
1370 348 528
1288 511 792
1215 65 265
1323 478 70
887 70 692
1286 493 81
1215 563 851
1355 83 80
1358 548 278
1250 483 905
1416 380 384
1299 287 498
1393 270 70
1316 578 677
1305 526 549
1216 863 1062
1394 543 550
1459 70 69
1135 70 80
1355 89 72
1191 548 1058
1242 107 173
1354 1929 1817
1230 380 1283
1237 838 748
1292 494 940
1234 313 482
937 107 443
1303 68 197
1440 290 380
1318 705 715
1226 388 796
1162 429 967
1244 607 673
1346 1181 1354
1290 321 446
1306 547 647
1743 71 76
1199 471 677
1341 549 543
1273 915 1483
1326 339 78
1429 295 76
1652 69 68
1093 94 105
1358 509 649
904 76 259
1284 630 443
1249 335 623
1503 88 69
1355 635 796
1297 954 1442
1146 137 894
1220 136 1122
1247 292 663
1241 320 708
1330 380 239
1059 85 1353
1227 318 436
1349 782 629
1645 351 69
1329 205 267
1112 145 586
1308 277 79
1493 1280 103
1270 1186 641
1226 280 660
1582 69 70
1288 307 495
1247 465 1146
1280 75 83
1107 336 1749
1134 64 161
1282 482 49
1313 194 89
1175 71 128
1304 511 617
1262 242 813
1456 189 89
1252 64 167
1249 657 869
1401 74 206
1223 469 753
1353 250 347
1715 65 114
1295 899 862
1223 729 803
1335 909 947
1299 1224 886
1348 71 273
1267 526 561
1246 359 1315
1250 70 335
1220 59 78
1279 428 475
1215 64 185
1388 550 101
1350 549 550
1233 374 377
1636 447 106
1750 116 69
1363 434 776
1309 415 626
1482 234 76
1227 542 1564
1377 424 452
1407 997 219
1286 235 754
1365 597 588
1322 221 570
1211 332 654
1474 138 70
1293 336 750
1190 69 262
1287 88 160
1328 808 506
1238 510 874
1358 666 761
1307 126 70
1134 184 823
1313 338 413
1304 1345 764
1353 653 862
1324 953 732
1333 181 75
1184 67 325
1343 441 1181
1258 414 813
961 80 571
1016 118 96
1263 518 1172
1500 66 69
1625 256 69
1257 102 409
1396 646 538
1247 324 1169
1273 667 603
1287 329 694
1491 65 69
1352 416 475
1280 459 978
970 66 646
1246 336 1009
1302 373 746
1214 67 743
1408 146 73
812 157 227
1300 345 604
1238 822 703
1270 748 1551
1203 64 490
1314 332 909
1275 168 890
1301 105 226
1413 578 745
1360 74 108
1261 78 862
1342 349 539
1161 122 135
1321 546 476
1220 1095 989
1020 78 139
1365 272 350
1330 64 68
1573 107 69
1644 200 69
1230 386 704
1303 294 507
1385 404 701
1264 316 254
1748 72 86
1409 64 69
1187 1328 1612
1188 450 775
1309 433 805
1360 414 1047
1382 549 519
1190 65 149
1586 231 131
1600 74 69
1361 121 367
1486 65 69
1237 513 1336
1278 106 72
1330 373 642
1458 427 69
1360 884 581
1476 1929 337
1113 103 827
1286 419 794
1297 709 474
1229 62 159
1250 227 1928
1196 67 284
1245 303 920
1199 424 1210
1327 74 107
1185 120 293
1567 122 86
1288 645 774
1129 386 1166
1266 436 1541
1229 171 849
1211 349 844
1367 89 140
1224 68 161
1274 600 794
1466 94 69
1525 65 68
1439 338 739
1336 324 567
1374 719 258
1181 308 1004
1460 218 73
1399 641 1510
1166 371 1061
1218 155 263
1192 168 315
1322 657 878
1322 756 69
1264 427 708
1306 496 594
1361 68 69
1336 914 787
1745 77 70
1309 66 69
1447 63 68
1271 393 576
1397 64 78
1158 78 109
1303 858 1176
1276 1929 1929
1265 469 815
1288 522 725
1347 65 68
1364 360 503
1264 246 87
1360 1090 1650
1275 637 780
1258 1167 1019
1749 306 71
1285 729 631
1237 591 922
1106 67 386
1405 79 94
1289 1929 444
1321 970 757
1359 331 331
1273 73 77
1439 1024 1473
1282 286 913
1280 74 81
1307 1359 1271
1390 550 539
1401 64 68
1347 512 576
1743 70 69
1346 64 69
1270 83 131
1749 83 68
1258 501 634
1413 65 70
1255 289 756
1314 150 128
1745 181 69
1208 67 135
1404 64 69
1321 723 545
1319 350 530
791 75 216
1361 397 658
1218 464 852
1299 67 78
1436 159 91
1249 156 509
1428 214 79
1411 444 434
1235 256 150
1224 1225 1710
1517 73 69
1306 762 515
1304 873 307
1232 500 795
1383 612 447
1339 422 539
1301 167 445
1405 63 68
1366 88 258
1251 369 562
1108 153 1256
1431 143 73
1248 1347 1139
1324 956 573
1372 597 926
1110 477 1398
1635 163 70
1298 1043 1434
1200 307 528
1298 329 612
1345 883 682
1233 865 1461
1275 205 588
1174 466 986
1441 77 69
1231 182 69
1347 1509 1693
1069 69 81
1167 64 213
1313 711 998
1069 66 83
1345 150 84
1157 64 196
1264 268 151
1342 453 589
1422 262 70
1388 534 622
1297 397 542
1398 484 394
1275 381 742
1068 151 1787
1303 81 384
1317 65 121
1160 64 272
1322 71 1114
1202 82 365
1460 129 143
1337 96 95
1141 475 1213
1330 350 479
1708 65 69
1260 351 775
1611 107 68
1301 75 163
1168 77 304
1279 908 1092
1447 82 70
1077 76 305
1672 86 104
1283 735 993
1366 67 68
1353 122 84
1246 130 127
1350 63 129
1253 329 772
1253 529 188
1301 399 709
1270 1299 1083
1417 65 121
1238 834 1728
1220 64 448
1603 69 69
1238 343 772
1191 401 768
1348 279 345
1207 243 868
1305 432 505
1341 196 75
1418 162 73
1278 626 671
1205 1300 1370
1244 788 1174
1199 64 412
1221 195 723
1362 1165 285
1349 64 69
1310 699 69
1188 501 768
1140 366 795
1239 581 1281
1255 496 668
987 73 125
1203 64 79
1310 644 139
1240 189 370
1303 65 108
1309 590 1222
1284 885 577
1255 70 84
1303 1321 1904
1345 1929 602
1525 576 413
1277 415 389
1348 623 687
1388 758 513
1446 107 69
1143 104 157
1348 267 692
1313 461 772
1333 633 665
1746 364 89
1231 366 1301
1290 66 70
1285 382 769
1198 90 94
1407 150 143
1582 243 68
1315 67 72
1323 319 958
1514 64 84
1751 178 81
1179 67 80
1219 617 956
1363 628 554
1358 499 836
1494 1929 233
1256 588 1360
1300 831 910
1267 66 70
1262 334 628
1230 150 1501
1391 374 353
1284 276 458
1277 82 70
1301 469 1606
1679 250 68
1151 446 1929
1317 1121 1832
1334 1929 1828
1165 1578 1755
1248 505 1294
1359 513 325
1248 66 83
1293 324 672
1472 103 69
1317 1014 1126
1299 224 789
1192 489 718
1210 64 170
1218 433 1198
1280 73 121
1319 520 559
1202 830 1204
1289 584 779
1248 558 856
1235 69 262
1110 97 125
1302 786 1425
1336 111 287
1223 216 480
1341 878 1230
1277 696 1395
1363 506 620
1441 593 709
1344 619 712
1309 341 341
1252 610 671
1194 80 139
1272 467 527
1197 67 202
1164 71 85
1335 408 998
1245 136 94
1336 669 913
1264 199 1063
1180 68 89
1323 438 819
1690 75 69
1310 377 671
1627 70 69
1267 191 80
1510 356 74
1362 1929 743
1749 112 70
1322 410 1025
1354 881 823
1313 492 1108
1333 558 768
1438 124 70
1362 715 1072
1290 446 820
1436 75 137
1499 65 68
1301 238 474
1350 88 111
1255 64 177
1367 1146 140
1433 381 70
1328 411 889
1347 93 69
1244 505 762
1353 404 731
1306 249 305
1497 266 166
1215 409 1228
1341 368 660
1190 484 828
1224 569 998
1319 303 585
1267 1929 920
1282 336 708
1436 67 77
1632 70 70
1256 98 102
1376 1227 1200
1109 67 148
1350 145 73
1375 857 1270
1304 422 570
1158 734 802
1273 659 1116
1325 230 72
1205 474 975
1275 422 746
1346 799 1104
1225 202 178
1382 606 493
1349 90 134
1323 830 870
1355 283 554
1141 65 233
1227 118 68
1318 510 854
1228 264 810
1408 78 69
1054 65 201
1383 595 730
1383 647 523
1749 118 69
1315 424 619
1450 673 240
1310 659 535
1275 267 881
1376 783 1329
1216 157 288
1282 85 296
1257 612 332
1155 686 1273
1182 254 591
1353 436 531
1331 456 498
1293 447 694
1290 468 814
1214 1897 1861
1102 80 86
1459 64 68
1276 153 1019
1356 395 569
1273 569 983
1367 1328 673
1227 246 132
1145 376 1605
1348 97 69
1392 94 72
1345 65 79
1287 425 359
1290 668 1020
1339 494 713
1288 346 693
1270 378 421
1365 67 84
1231 406 785
1389 1039 695
1417 855 421
1344 986 1705
1411 94 148
1286 433 626
1474 159 75
1216 444 873
1260 101 285
1253 64 241
988 64 105
1316 477 743
1431 70 69
1334 65 73
1193 644 1015
1264 63 92
1165 612 1492
1526 66 70
1314 800 900
1224 1227 857
1216 345 1037
1322 772 755
1361 464 774
1168 310 1930
1317 904 507
1496 287 135
1317 72 255
1514 89 100
1257 70 107
1443 759 700
1003 72 367
1316 81 346
1127 85 118
1324 726 945
1087 116 166
1356 684 314
1226 355 1155
1280 307 600
1235 892 1591
1404 775 917
1365 103 69
912 66 352
1409 1296 106
1200 541 817
1165 291 679
1310 67 94
1318 292 79
1748 281 86
1275 361 503
1680 71 74
1295 550 1257
1485 1061 76
1328 483 801
1748 231 122
1217 66 90
1232 65 118
1453 161 75
1272 72 137
1149 159 781
1424 411 191
1391 66 70
1426 87 72
843 111 300
1358 898 138
1234 185 103
1227 64 108
1388 66 70
1385 489 215
1346 771 1764
1331 65 77
934 101 137
1321 545 351
1327 632 108
1407 280 68
1119 1078 1929
1257 89 228
1309 276 818
1314 134 315
1297 69 110
1404 1333 601
1374 699 1164
1145 77 410
1196 346 750
1481 117 95
1235 964 1327
1324 334 349
1289 435 715
1156 514 1929
1267 195 675
1256 314 574
1749 217 138
1252 69 80
1280 570 933
1338 88 180
1709 124 86
1337 789 392
1286 397 589
1660 1392 152
1405 688 766
1300 540 1061
1303 325 504
1326 711 1026
1217 648 749
1224 705 1708
1003 67 136
1187 137 856
1342 1063 840
439 125 684
1491 252 69
1248 619 863
1366 850 861
1310 285 1051
1524 166 76
1226 638 1044
1199 904 1061
1237 823 790
1365 472 499
1268 395 674
1493 463 440
1292 70 223
1255 536 802
1350 116 323
878 90 162
1432 664 275
1327 976 782
1382 485 728
1120 68 581
1394 65 73
1247 281 663
1373 579 665
1245 491 873
1316 350 700
1399 507 811
1306 247 489
1132 67 129
1329 275 328
1269 119 73
1417 460 143
1315 485 182
1367 1062 1155
1420 218 70
1380 367 294
1126 77 171
1237 65 82
1080 512 912
1395 109 70
1252 698 781
1331 454 458
1305 107 204
1330 336 256
1617 1092 100
1201 694 1213
1235 70 79
1143 109 74
1311 64 175
1344 840 815
1622 65 69
1255 276 100
1373 636 481
1172 64 72
816 107 459
1509 65 68
1267 446 706
1371 629 452
1172 919 758
1346 684 722
1376 933 610
1744 74 73
1283 562 1103
1331 323 811
1243 588 922
1185 659 1113
1254 238 539
1268 114 856
947 95 396
1354 588 578
1153 271 782
1354 68 86
1409 405 387
1257 64 94
1285 331 396
1504 65 104
1272 668 1170
1203 442 1031
1284 63 423
1329 434 631
1317 508 913
1451 1928 1928
1485 112 85
1306 643 1014
1562 75 70
1074 855 767
1347 787 609
1355 730 575
1303 522 495
1193 464 1020
1231 65 801
1321 453 305
1262 1166 1335
1268 503 685
1317 431 389
1297 1570 1181
1477 347 123
1224 473 1766
1325 1047 689
1200 716 1841
1410 150 80
1394 737 520
1131 576 1929
1527 72 72
1597 248 190
1317 649 604
1352 167 68
1292 885 1030
1317 510 527
1216 596 566
1390 857 537
964 82 1901
729 129 325
1152 104 522
1748 129 76
1349 507 615
1256 66 91
1413 142 73
1311 63 143
1407 209 69
1317 102 70
1323 1805 1056
1235 80 83
1282 430 629
1747 131 71
1232 437 1000
1234 999 1155
1098 65 118
1155 65 144
1193 254 816
1269 526 975
1303 287 315
1236 240 1234
1368 521 578
1387 63 68
1362 637 677
1197 156 167
1245 347 466
1306 154 279
1391 322 71
1294 495 919
1195 338 834
1300 197 1313
1578 130 70
1231 522 1039
1280 692 76
1211 629 1126
1233 635 1284
1009 107 1706
1278 466 562
1281 293 402
1104 69 264
1358 785 1001
1209 480 1388
1257 555 733
1327 723 1170
1127 96 1018
1406 646 645
1467 1929 777
1311 461 534
1367 476 556
1368 106 89
1343 331 475
1414 625 338
1437 1929 327
1315 68 860
1104 66 171
1450 525 314
1348 624 716
1302 377 572
1521 237 71
1565 1929 93
1389 132 151
1159 73 497
1735 142 68
1079 69 971
1336 782 824
1212 408 971
1351 68 161
1298 145 69
1203 485 950
1242 99 88
1250 775 1243
1171 679 1810
853 87 289
1348 144 157
1273 65 71
1197 572 1274
1285 65 129
1345 275 167
1375 527 691
1277 499 779
1209 72 255
1312 524 670
1371 206 92
1314 550 600
1277 68 170
1195 557 606
1243 540 852
1106 670 1929
1264 86 183
1389 219 276
831 106 1314
1114 65 280
1429 67 71
1389 642 333
1261 864 1372
1349 139 615
1425 1302 68
1218 1271 231
1363 826 624
1408 339 237
1157 755 1270
1163 65 319
1321 643 430
1352 98 155
1299 514 1298
1280 619 854
1286 389 801
1179 463 980
1264 136 418
1283 224 511
1270 393 981
1266 79 398
1257 205 163
1547 150 77
1212 67 450
1270 674 1026
1197 64 68
1305 1211 765
1308 72 656
1347 971 612
1225 64 335
1204 348 1009
1312 265 73
1390 475 411
1350 795 888
1381 838 1257
1136 490 1563
1180 436 1077
1325 777 996
1271 277 641
1257 237 753
1328 812 981
1210 740 795
1205 386 1218
857 132 163
1256 328 918
1201 64 74
1444 1929 168
1212 701 1275
1345 340 141
1349 582 578
1206 454 966
1221 1101 1282
1266 691 785
1225 590 1202
1221 352 619
1320 96 69
1188 80 132
1257 452 447
1365 555 68
1119 90 615
1229 596 657
1246 78 165
1041 66 104
1363 77 68
1292 450 752
913 64 163
1586 1728 73
692 103 686
1284 976 906
1255 606 1058
1225 71 71
1293 386 664
1308 430 643
1339 560 536
1361 94 82
1204 234 157
1336 496 1069
1153 124 483
1510 1160 113
1351 804 402
1227 566 695
1398 121 266
1165 491 628
1291 594 742
870 109 435
1345 517 368
987 67 413
1409 626 512
1299 339 994
1369 455 531
1203 368 988
1243 85 70
1274 932 73
1292 777 627
1306 666 549
1183 83 383
1340 346 438
1308 443 761
1204 65 471
1522 65 86
1306 758 1290
1281 855 1338
1102 114 1930
1224 144 94
1210 388 581
1298 811 1692
1262 92 173
1343 410 363
1186 434 611
1168 69 572
1343 201 260
1259 1114 1054
1184 221 1928
1301 658 573
1258 219 178
1397 787 912
910 86 163
1272 139 348
1300 67 171
1447 243 69
1173 361 1690
1162 70 71
1352 575 679
1235 885 1014
1352 89 131
1289 670 800
1309 248 966
1256 442 1040
1197 822 629
1223 580 1150
1161 65 225
1449 65 69
1328 69 69
1258 722 1069
1334 588 411
1315 954 788
1267 1021 1165
931 135 258
1249 64 72
1162 687 1158
1256 367 808
1174 118 37
1224 277 1004
1319 320 276
1318 422 68
1437 512 443
1243 1929 1336
1356 86 69
1375 513 477
1312 558 1113
1201 315 421
1080 66 126
1090 65 115
1259 423 706
1356 541 678
1138 65 396
1750 67 69
951 72 200
1310 79 307
1323 570 1176
1394 64 69
1225 168 412
1566 158 69
1245 1629 1786
1314 324 637
1411 69 79
1136 79 298
1356 219 81
1228 270 929
1392 709 992
1105 121 323
970 109 136
1344 642 802
1709 151 69
1186 660 1930
1392 419 75
1749 585 70
1299 447 416
1298 364 646
1255 1054 1084
1586 65 68
1328 582 843
1214 846 184
1298 600 1022
1222 264 372
1424 744 669
1204 67 70
1529 63 85
1266 377 1541
1303 1207 684
1094 65 84
1196 68 328
1225 524 856
1311 506 214
1244 585 671
1282 649 807
1276 192 186
1331 645 536
1196 434 1159
1749 98 69
1065 65 264
1173 683 1161
1276 326 1136
1634 73 71
1272 675 466
1262 547 1153
1194 425 852
1345 376 683
1648 99 79
1406 1929 389
1104 80 509
1342 286 477
1186 236 1083
1743 88 69
1214 485 1019
1288 741 428
1214 455 793
1288 262 775
1400 1929 527
1231 189 605
1293 64 70
1174 497 1122
1206 427 1829
1186 605 1066
1253 64 71
1269 576 557
1428 628 570
1303 622 792
1196 1415 1520
1200 102 88
1475 65 69
1207 988 1282
1180 201 577
1623 1262 68
1266 368 704
1006 88 97
1410 69 79
1264 487 874
1273 541 493
1527 70 69
1151 62 1215
1350 317 424
1302 695 1078
1305 66 82
1186 64 71
1133 144 1032
1406 152 92
1454 111 202
1336 353 832
1149 64 110
1586 199 69
1256 255 674
1274 64 460
1233 67 135
1213 63 71
1286 679 722
1351 409 256
1274 421 576
1398 121 75
1179 111 242
1276 970 1274
1339 65 69
1423 76 72
1214 614 707
1434 728 669
1277 561 1170
1340 73 70
1209 423 1395
1350 551 781
1261 299 499
1575 79 72
1744 173 69
1364 276 579
1247 300 541
1281 430 106
1236 505 1335
1458 271 69
1501 75 68
1175 1077 1706
1339 435 1151
1330 513 634
1069 100 397
1749 139 68
1238 419 904
1308 645 1049
1345 513 746
1151 102 772
1534 653 70
116 165 143
1316 921 482
1384 517 677
1313 65 69
1274 522 622
1270 320 507
1219 442 611
1256 397 348
1199 69 91
1631 72 71
1178 416 836
1258 70 112
1281 413 440
1353 357 97
1320 244 736
1248 421 1394
1372 409 313
1265 1077 1080
1321 600 1593
1137 564 489
1231 333 1516
1279 241 337
1426 81 70
1236 489 984
1086 70 546
1299 72 68
1185 75 247
1485 65 72
1230 68 77
1318 837 670
1163 749 609
1332 80 153
1281 295 689
1006 65 101
1312 445 1016
1349 687 688
1370 66 162
1293 199 486
1224 503 601
1217 65 71
1383 69 166
1677 146 70
1375 73 92
1315 503 691
1291 69 82
1305 328 525
1432 65 110
1432 108 87
1330 228 1315
1217 732 1561
1351 828 313
1233 680 922
1244 1704 627
1281 65 270
1272 573 1018
1296 476 479
1372 482 603
1344 365 824
1750 171 69
1293 65 208
1306 616 701
1283 460 797
1297 444 70
1283 357 461
1290 464 479
1260 612 1329
1208 102 386
1309 410 725
1191 610 1930
1071 73 237
1315 848 938
1311 295 139
1219 474 804
1279 499 638
1258 1329 477
1249 100 141
1182 64 282
1290 1929 749
974 97 245
1745 84 80
1406 185 70
1515 98 70
1152 66 100
1297 178 251
1230 390 743
1548 71 76
1359 480 689
1244 637 375
1267 391 808
1359 172 83
1508 1930 258
1295 545 937
1330 421 506
1346 399 854
1244 64 93
1015 66 1042
1251 986 1533
1100 64 80
1268 550 1718
1240 412 536
1489 180 69
1349 190 506
1216 64 80
1287 549 1022
1280 205 190
1253 390 771
1309 286 876
1339 698 780
1280 527 950
1383 354 514
479 144 872
1202 916 1091
1351 390 346
1285 359 75
1348 349 69
1215 620 579
1046 278 958
1245 73 1027
1367 953 1530
1293 334 582
1278 77 82
1379 349 677
1268 134 215
1037 131 1929
1665 117 145
1284 64 299
1190 259 771
1219 478 973
1279 77 78
1280 734 1847
1100 64 151
1607 169 73
1210 1146 1256
1459 682 198
1248 543 1849
1249 593 584
1259 387 627
1326 441 485
1070 64 250
1494 1730 74
1256 304 569
1462 64 69
1269 579 722
1507 64 70
1417 1562 105
1173 622 815
1450 350 69
1310 420 141
1296 66 82
1229 291 752
1320 259 102
1509 118 72
1276 323 689
1399 65 109
1255 69 114
1137 403 1929
1283 472 1028
1309 576 414
1338 1271 1000
1292 280 501
1404 1247 457
1044 77 176
1312 1074 1145
1243 384 705
1276 551 3871
1001 67 149
1387 557 1021
1311 244 186
1349 1929 216
1357 933 1060
1237 68 235
1560 187 69
1329 520 603
1199 618 896
1416 393 234
1171 604 792
1310 269 792
997 65 97
1576 77 76
1333 347 500
1279 273 938
1351 64 134
1579 214 88
1305 529 492
1239 68 92
1284 272 548
1251 376 479
1387 790 621
1142 64 263
974 108 106
1352 496 959
1270 343 861
1310 420 616
1407 867 1137
1324 419 627
1288 820 1734
1287 64 215
1441 479 475
1327 388 733
1259 144 625
1282 662 783
1265 373 968
1293 329 1050
1136 420 1579
1217 64 87
1629 225 73
1282 270 966
1248 592 834
1435 69 69
1288 65 68
861 75 131
1150 689 778
1308 452 899
1380 910 1306
1361 384 714
1243 64 908
1299 500 1066
1746 73 71
1588 206 69
1213 640 753
1372 67 75
1239 68 85
1342 64 70
1472 65 69
1326 464 802
1258 597 947
1186 261 1556
1315 379 613
1276 65 78
1224 107 120
1455 1929 1411
1353 677 892
1748 464 81
1201 65 73
1111 153 155
1193 630 1278
1512 63 73
1320 122 115
1372 915 477
1318 114 277
1288 516 600
1119 65 139
1332 669 1049
1381 64 79
1647 83 73
1533 329 67
1209 365 680
1293 534 665
1351 468 1002
1252 425 1316
1368 661 452
1335 405 516
1270 301 596
1368 481 502
1064 575 1040
1287 1024 79
1230 144 129
1183 324 11
1215 508 759
1330 860 293
1271 522 643
1118 69 1929
1396 429 685
1317 127 195
1346 1889 518
1165 70 241
1305 680 180
1204 76 237
1204 68 169
1302 595 603
1219 363 839
1306 64 74
1361 297 305
1251 160 275
1275 508 701
1319 500 148
1232 260 700
1233 189 528
1230 485 1518
1401 685 535
1230 443 765
1291 1559 1153
1558 113 69
1210 626 747
1335 477 872
1301 543 954
1352 379 523
1343 898 1158
1348 64 69
1237 241 798
1314 274 577
1370 1587 1057
1258 93 72
1057 483 1245
1400 1930 1684
1295 473 1087
1438 64 83
1381 830 699
1270 354 1261
1251 666 1027
1383 885 810
1236 842 1226
1275 169 80
1339 442 681
1421 249 68
1310 281 502
1294 465 781
1343 798 866
1315 348 539
1217 563 1542
1348 884 632
1476 69 69
1512 755 1624
1293 231 122
1186 891 1040
1243 696 863
1198 173 842
1276 64 145
1354 392 475
1308 64 142
1186 98 1171
1170 936 1341
1244 824 971
1542 822 73
983 72 116
1313 448 522
1454 66 70
1322 114 79
1299 363 325
1267 79 347
1352 827 1035
1272 353 683
1594 354 92
1158 83 1715
1324 120 117
1308 355 614
1302 384 612
1366 420 560
1330 629 628
1368 747 642
1253 65 188
1004 97 228
1323 555 346
1194 176 601
1221 904 501
1417 472 299
1158 210 73
1239 746 1347
1208 618 674
1238 89 70
1420 885 82
1426 817 1145
1416 76 70
1122 100 601
1418 611 281
1591 354 72
1374 498 663
1475 881 477
1241 457 631
1252 559 993
1436 68 69
1223 73 162
1141 66 352
1239 109 144
1352 71 151
1119 744 1332
1297 1018 965
1398 594 717
1738 439 68
1121 64 77
1373 64 85
1332 428 499
1022 65 524
1063 64 408
1428 1057 380
1348 349 207
1318 371 522
1240 441 963
942 129 706
1361 79 137
1362 301 993
1311 103 73
1314 680 892
1401 893 613
1307 373 708
1245 539 1424
1154 617 1517
1245 332 651
1456 1902 1178
1305 698 754
1282 757 1929
1320 558 882
1178 467 1287
1157 69 557
1388 560 530
941 68 834
1366 67 215
1376 525 706
1295 552 565
1374 115 119
1354 409 437
1374 479 71
1290 274 494
1302 507 445
1246 314 475
1314 497 536
1286 941 1192
1213 711 1206
1327 447 619
1225 421 824
1298 714 723
1282 170 69
940 77 586
1253 434 1777
1286 98 140
1122 69 181
1327 1671 1809
1293 1313 1226
690 80 364
1316 403 469
1255 380 855
1529 77 88
1259 892 1075
1237 465 430
1348 183 90
1125 67 1929
1305 451 958
1205 222 891
1350 554 773
1297 391 830
1316 683 789
1613 75 68
1352 624 409
1365 1929 424
1186 286 611
1216 339 744
1144 154 242
1339 509 1136
1142 81 82
1479 517 157
1202 66 486
1261 115 340
1478 68 70
1270 701 623
1236 324 475
1363 122 72
1146 74 91
1199 209 1930
1230 618 693
1203 501 663
1684 120 69
1351 620 860
1345 372 783
1266 64 71
1244 73 97
1187 203 670
1077 159 1404
1059 68 357
1503 80 80
1356 360 717
1274 97 478
1299 1282 1726
1256 673 717
1310 292 704
1239 404 1082
1315 836 405
1231 686 1342
1188 472 1888
1258 1385 1019
1749 1734 69
1388 519 632
1345 404 619
1303 1314 1287
1253 264 439
1410 705 194
1292 381 742
1229 502 1679
1370 80 145
1316 64 92
1388 1056 688
1161 89 86
1332 1207 520
1318 66 69
1593 64 137
1360 664 785
1319 556 558
1312 584 501
1343 413 119
1221 89 252
1321 553 1105
1333 663 721
1291 450 530
1292 420 839
1256 672 1470
1181 104 230
1307 614 706
1375 1357 452
1743 1374 69
1283 369 1026
1359 304 184
1268 449 574
1520 65 224
1303 134 79
1300 1239 700
1074 65 323
1100 74 317
1317 265 403
967 173 415
1410 86 71
1248 506 738
1184 381 1012
875 80 125
920 108 112
1306 520 670
1254 1929 1257
1367 468 655
1367 1094 412
1253 184 429
1278 614 1794
1339 306 683
1279 586 693
1347 137 583
1293 82 70
1426 706 777
1263 67 117
1179 750 1082
1367 867 344
1085 70 1929
1073 132 1658
1186 140 400
1310 323 91
1210 570 37
1350 548 517
1540 993 107
1280 328 640
1324 820 692
1247 83 86
1309 319 694
1259 541 1265
1317 544 906
1355 277 355
1174 65 209
1227 65 221
1269 83 130
1302 67 72
1269 465 639
1328 671 1356
1175 68 72
1218 66 74
1747 75 68
1478 65 82
1273 73 72
1279 409 541
1355 496 500
1166 1009 1143
EOM 96174 147429 2195 0 0 0 0 0 0 0 0 0
1472 64 69
1195 900 1388
1367 366 751
1433 196 70
1256 251 1699
1162 63 111
1329 354 517
1303 1140 1562
1188 400 1893
1242 434 120
791 105 138
1323 482 909
1466 1136 75
1506 1929 1477
1257 310 807
1170 68 351
855 90 237
1315 724 408
1284 499 59
1185 130 255
1301 274 618
1344 1141 123
1511 65 70
1426 64 70
1260 656 479
1231 617 1867
1238 479 963
1050 93 302
1345 615 613
1308 404 676
1747 75 68
1241 113 104
1256 65 80
1238 852 1166
1749 250 74
1265 1562 1011
1241 503 834
1288 77 110
1277 65 141
1416 4095 548
1311 495 755
922 72 1053
1243 83 195
1266 198 135
1259 177 290
1360 714 518
1351 346 338
1204 63 1299
1638 117 68
1351 425 582
1178 111 294
1234 457 906
1300 466 648
1289 102 75
1235 481 1053
1057 65 256
1149 74 604
1246 525 673
1230 66 194
1208 263 673
1203 520 893
1093 65 174
1320 64 69
1335 1929 728
1499 129 68
1267 1129 1400
1085 69 188
1747 503 71
1350 528 659
1462 1199 600
1749 331 72
984 82 441
1278 442 355
1264 903 1114
1359 397 546
1288 114 466
1241 64 107
1276 91 84
1153 579 1776
1373 136 69
1284 361 608
1314 1034 71
1419 1931 529
1292 596 682
1181 207 1119
1618 124 71
1389 293 588
1327 69 168
1240 714 1147
1091 87 96
1226 281 940
1370 1159 1032
1386 824 1224
1258 455 885
1286 78 71
1308 88 140
1235 795 1775
1475 783 398
1303 467 415
1307 98 104
1299 633 495
1290 704 550
1261 496 692
1072 184 122
1402 450 248
1210 394 725
1464 75 94
1353 89 611
1747 137 103
1291 101 220
1277 522 565
1256 814 1371
1379 118 169
1238 798 931
1147 97 83
1350 111 70
1130 68 124
1513 67 74
1275 727 641
1248 119 102
1311 480 413
1235 645 875
1173 64 204
1346 321 557
1515 64 193
1290 784 1892
1162 373 599
1310 545 414
1633 147 69
1306 532 751
1257 969 1035
1384 929 852
1303 289 332
1184 136 317
1305 387 516
1376 305 373
1326 1298 838
1274 84 150
1315 1929 892
1268 604 1552
1255 448 745
1213 484 854
1349 381 576
1322 437 93
1533 80 68
1451 64 78
1227 82 299
1315 351 877
1483 133 70
1204 66 298
1670 84 70
1657 72 69
1345 418 645
1386 1050 453
1313 212 71
1348 1213 1144
1387 554 221
1246 555 727
1418 493 69
1411 135 143
1375 64 96
1222 582 893
1361 699 898
1156 202 771
1241 75 1086
1147 463 833
1351 879 916
1256 731 1116
1079 81 82
1224 70 102
1286 227 70
1601 130 69
1307 964 1612
1242 860 893
1379 847 511
1188 206 1534
1315 279 992
1460 126 68
1253 1143 769
1580 674 70
1281 1754 1473
1750 254 68
1100 580 1668
1247 107 104
1252 848 581
1326 439 224
1458 285 76
1352 747 1286
1447 65 71
1239 462 770
1192 347 905
1391 866 704
1396 284 70
1280 704 1927
1214 65 76
1210 412 867
1096 434 1538
1234 277 662
1297 394 877
1248 201 303
1355 64 76
1484 69 140
1477 84 71
1427 828 904
1331 335 723
1343 64 753
1229 598 860
1344 63 90
1223 69 254
1303 643 771
1467 65 73
1142 862 1099
1151 263 599
1290 281 625
1161 65 10
1321 721 457
1163 64 75
1285 569 629
1377 594 745
1178 747 1151
1213 454 838
1386 645 815
1183 660 954
1278 77 267
1309 270 304
1190 708 678
1220 64 71
1283 104 87
1090 67 962
1094 64 79
1291 269 782
1265 96 158
764 91 371
1241 1928 1928
1340 1074 547
1268 1436 1132
1419 534 539
1257 496 1340
1346 323 376
1198 90 835
1290 224 70
1162 66 363
1397 425 243
1292 374 590
1304 301 669
1340 245 505
1370 739 1377
1262 241 621
1390 173 69
1532 136 99
1565 74 109
1152 79 72
1289 413 784
1292 226 472
1515 835 75
838 82 382
1749 331 69
1123 67 83
1229 415 832
1272 543 716
1295 1047 1621
883 72 1084
1348 551 917
1376 598 1610
1458 80 88
1275 1076 678
1305 782 591
1080 66 288
1343 506 822
1342 556 636
1282 410 556
1256 1367 677
1328 311 971
1356 304 601
1291 355 873
1225 64 74
1248 548 671
1317 582 263
1189 371 1915
1440 266 86
1423 1552 208
1213 569 88
1170 825 954
1264 485 1020
1290 285 1056
1294 507 921
1201 864 844
1290 436 663
1227 344 636
1196 65 218
1322 918 1251
1742 95 72
1311 239 608
1308 449 770
1139 452 993
1320 604 418
1363 346 518
1237 1004 269
694 153 293
1286 418 717
1261 738 1861
1281 123 86
1215 63 80
1267 442 387
1749 251 79
1252 271 294
1621 73 69
1301 724 384
1295 797 582
1322 560 908
1229 446 856
1183 548 823
1315 356 734
1314 241 638
1322 1176 168
1384 411 435
1395 71 71
1194 1017 1569
1379 187 75
1210 113 168
1355 298 330
1738 64 68
1267 603 1798
1414 871 553
1376 692 958
1646 129 158
1372 398 577
1432 482 546
1427 79 68
1314 502 69
1303 318 527
1369 258 285
1357 1435 710
1184 66 281
1702 222 72
1352 467 761
1198 67 664
1197 69 296
1509 624 112
1333 431 640
1331 416 769
1299 187 605
1361 1068 658
1386 537 617
1306 327 701
1358 457 575
1373 839 901
1352 575 771
1347 66 105
1222 1064 631
924 66 701
1220 414 1388
1415 1097 884
1094 65 262
1250 357 839
1748 172 68
1258 459 1090
1309 100 200
1333 219 91
1221 487 849
1161 150 173
1286 149 275
1285 112 418
1246 648 882
1264 64 81
1314 353 751
1243 72 71
1231 389 1421
1139 68 136
1254 271 660
1233 63 1209
1259 408 900
1475 1309 160
1744 811 68
1580 107 82
1380 362 288
1284 66 69
1313 747 389
1244 350 741
1128 436 1702
1290 74 446
1294 400 516
1251 630 203
1082 69 812
1288 511 531
1173 241 90
1073 78 84
1428 545 141
1422 1929 1046
1358 438 599
1353 529 481
1258 792 679
1355 527 657
1386 68 137
1284 92 560
1160 564 917
1291 691 945
1614 68 101
1293 179 698
1312 1227 70
1743 117 69
1119 431 929
1200 234 243
1384 137 185
1612 851 81
1174 525 881
1296 301 450
1306 441 622
1248 709 884
1503 1929 143
1183 103 90
1215 1181 1408
920 70 450
1199 94 314
1411 675 577
1292 1285 1757
1139 505 1875
1523 81 70
1245 498 1153
1353 675 875
1323 411 567
1244 667 1114
1095 67 329
817 82 356
1268 273 631
1406 101 76
1181 82 73
1245 339 483
1086 103 1594
1359 526 809
1203 429 1036
1676 261 69
1316 495 712
1218 475 550
1319 1366 940
1232 465 343
1177 185 1085
1274 175 456
1255 383 816
1332 369 374
1381 66 69
1050 1080 1918
1335 88 89
1284 1018 805
1359 81 264
1248 472 850
1150 492 1318
1260 64 111
1708 771 71
1458 379 69
1495 1363 888
1321 620 676
1422 153 109
1305 1450 1778
1385 140 89
1268 120 70
1249 368 785
1204 83 493
1335 296 356
1346 537 503
1237 500 1159
1358 256 118
1253 316 1055
1260 66 69
1210 507 1078
1367 429 414
1237 431 961
1172 272 876
1133 72 416
1335 573 495
1438 64 82
1296 751 1206
1279 88 157
1412 764 856
1289 350 956
1682 65 71
1202 74 72
1388 64 397
1075 68 110
1218 835 1202
1369 705 879
1382 423 680
1260 330 682
1390 167 112
1308 537 733
1237 403 460
1313 365 498
1248 434 908
1292 76 69
1301 64 78
1265 389 1002
1244 465 1036
1307 1060 1250
1458 63 68
1321 512 550
1249 346 512
1307 563 809
1270 840 819
1279 521 636
1221 80 209
1288 635 1407
1292 234 85
1129 71 285
1104 79 82
1401 376 629
1250 66 98
1145 76 732
1617 75 73
1236 77 87
1234 432 1004
1384 133 246
1292 66 360
1458 1929 113
1307 779 819
1201 66 156
1232 647 1488
1224 574 776
1253 410 409
1463 418 102
726 77 244
1465 796 865
1314 652 1574
1646 64 71
1308 428 588
1266 745 922
1161 107 1845
1745 102 72
1253 301 718
1363 155 274
1294 210 546
1369 294 473
1280 512 666
1349 346 415
1272 488 726
1161 362 395
1258 66 103
1161 66 107
874 95 201
1450 68 73
1226 472 122
1439 751 540
1455 90 72
1251 324 543
1522 413 76
1027 70 292
1005 78 162
1329 553 583
1208 302 724
1363 440 510
1226 711 836
1505 480 70
1357 859 1070
1316 350 732
1306 67 72
1384 128 660
1500 1929 265
1749 1269 71
1322 553 615
1149 299 1625
1192 121 1443
1245 430 723
1430 76 21
1306 370 620
1292 525 768
1275 1094 1176
1307 507 503
1297 214 550
1021 65 188
1445 63 71
1344 494 1581
1331 278 361
1235 540 1179
1380 500 543
1232 718 1094
1223 502 846
1718 261 94
1323 1285 590
1302 1787 1779
1398 76 80
1281 384 662
1293 387 500
1334 1288 715
1227 71 952
1249 504 1268
1315 272 668
1229 506 777
1022 67 483
1316 449 902
1319 584 668
1319 64 75
1318 363 551
1217 712 927
1203 71 343
1152 598 1241
1423 1021 1168
1452 145 69
1285 237 647
1647 109 68
1025 66 195
1267 968 859
1269 323 586
1320 595 653
1349 1234 494
1357 509 81
1743 76 89
1435 837 598
1146 66 94
1237 191 336
1291 505 975
1316 899 1158
1026 100 98
1183 64 254
1307 811 1030
1328 441 402
1161 65 207
1212 393 896
1365 111 99
1218 74 193
1343 447 676
1361 467 803
1186 610 903
1567 252 70
1100 87 1787
1232 65 98
1337 625 815
1228 974 1074
1297 823 851
1260 701 105
1360 93 171
1315 680 993
1309 927 712
810 112 158
1179 243 301
1171 377 884
112 339 687
1372 63 71
1247 470 979
1252 504 974
1539 783 347
1260 624 902
1321 510 806
1258 251 174
1405 285 106
1277 558 819
1389 141 72
1374 1200 974
1357 413 473
1311 911 505
1284 341 621
1554 67 77
1299 352 472
850 136 166
1357 668 682
1616 84 74
1734 163 68
1350 510 609
1178 66 156
1110 76 146
1158 85 86
1302 126 317
1311 568 983
1370 926 762
1567 1281 107
1455 71 129
1290 125 81
1518 718 69
1279 1268 1328
1373 964 590
1133 324 916
951 75 146
1374 1929 586
684 125 306
1547 618 85
1281 589 374
1390 703 681
1232 107 74
1325 659 424
1209 308 716
1221 73 74
1292 509 805
1198 97 286
1197 577 1349
1313 701 745
1132 775 1503
1327 64 77
1418 545 75
1198 66 535
1344 342 606
1352 454 723
1187 390 1930
1221 943 800
1168 853 599
1320 408 486
1226 590 1261
1518 78 68
1210 293 648
1319 688 913
1228 1073 1320
1290 1283 534
1296 69 69
1349 109 174
1273 66 607
1184 380 658
1410 64 96
1232 411 550
1235 617 936
1209 66 94
1348 1631 1193
1345 968 1021
1291 317 1000
1498 205 69
1348 175 71
1431 139 70
1250 849 1114
1270 608 527
1028 988 1706
872 74 202
1209 404 607
1330 203 171
1240 308 907
1307 599 1047
1382 697 939
1745 69 303
1126 77 182
1231 288 868
1370 576 743
1193 66 70
1239 587 837
1145 70 123
1320 240 790
1289 94 88
1462 283 68
1318 409 215
1182 68 80
1611 326 69
1566 326 67
1297 129 288
1339 313 263
1277 507 733
1370 793 1333
1303 958 876
1265 587 1238
1664 69 112
1377 66 75
1521 65 70
1292 71 76
1353 570 848
1280 67 75
1209 871 660
1217 720 929
1507 1406 778
1408 939 71
1228 348 1143
1256 869 922
1290 522 483
1317 827 617
1450 142 72
1318 187 173
1319 673 923
1230 278 787
1276 433 595
1356 653 506
1286 365 1089
1208 66 83
1347 1000 514
1267 491 817
1249 68 242
1456 84 90
1145 67 76
1108 733 730
1235 1199 1131
1199 555 988
1319 482 451
1225 411 1647
1483 1070 196
1314 440 542
1145 67 73
1387 1930 534
1367 1418 944
1348 806 907
1317 460 759
1109 64 88
1358 760 1174
1349 390 596
1243 291 411
1685 101 69
1225 324 925
1166 82 109
1318 537 870
1290 355 876
1271 62 71
1318 667 1202
1307 486 555
1318 442 210
1305 75 80
1248 458 682
1426 876 1076
1315 582 897
1304 518 680
1455 640 399
1412 586 351
1018 98 93
1206 652 941
1108 663 1019
1230 64 1208
1354 367 441
1259 107 103
1414 379 69
1235 301 935
872 100 172
1234 188 674
1295 490 714
1303 557 1146
1412 805 566
1309 1154 507
1232 592 1235
1403 1604 905
1350 264 463
1284 279 607
1243 627 758
1357 271 375
1298 627 786
1250 525 838
1216 68 107
1166 64 75
1400 140 70
1181 494 841
1321 632 796
1285 455 491
1390 261 78
1074 112 1067
1295 506 463
1235 412 769
1068 621 1422
1159 88 73
1328 580 766
1271 67 140
1418 694 144
1242 347 759
1046 64 179
1262 134 73
1311 604 743
1749 70 70
1254 456 906
1506 80 68
1288 65 81
1327 1222 632
1032 64 93
1545 64 71
1386 396 377
1405 1929 73
1319 763 911
1231 1025 158
1297 479 736
1380 1839 223
1184 64 622
1317 342 753
1264 359 652
1363 406 111
1272 65 1539
1631 350 68
1426 468 69
1291 66 273
1397 940 216
1223 411 553
1315 492 570
1195 373 908
1125 487 1520
1302 319 280
1382 759 514
1244 148 624
1320 500 770
1347 545 489
1173 533 177
1340 493 861
1616 185 109
1393 481 532
962 107 128
1280 542 801
1288 84 81
1255 349 579
1234 425 545
1255 299 990
1336 294 547
1334 744 785
1343 492 913
1247 576 655
1260 222 883
1372 340 688
1210 813 1192
1099 64 204
997 59 264
1394 967 619
1317 577 843
1294 80 117
1311 809 919
1111 66 121
1382 551 339
1214 637 778
1124 71 325
1195 790 1794
1517 64 69
1212 538 1736
1278 468 953
1319 486 379
1307 552 432
1325 617 647
1272 658 898
1458 658 367
1298 726 944
1293 420 503
1353 70 119
1319 451 763
1745 178 75
1399 738 1053
1341 79 141
1239 990 1054
1342 946 732
1415 412 193
1292 446 565
1369 154 213
1522 405 70
1540 84 69
1408 330 548
1370 654 545
1342 68 132
1503 64 71
1447 63 68
1208 447 1404
1311 334 584
1315 694 845
1382 1003 1554
1326 599 603
1299 729 773
1277 494 1322
1380 74 148
1207 476 1070
1356 100 96
1198 191 115
1176 63 185
1402 187 69
1326 749 950
1286 706 1025
1320 556 702
1254 272 743
1363 507 637
1645 74 69
1376 489 579
1321 459 359
1415 352 497
1290 92 70
1438 156 69
1298 123 102
1384 424 477
1214 531 1157
1070 198 532
1067 99 316
1250 61 70
1263 65 80
1400 532 710
1289 1005 816
1344 488 619
1258 503 460
1049 67 84
1097 68 99
1259 376 439
561 153 348
1227 230 84
1349 477 490
1180 436 1929
1403 66 78
1328 554 717
1170 440 973
1195 516 1606
1275 65 275
1238 596 440
1404 149 86
1195 197 653
1295 64 97
852 101 341
1294 73 69
1330 520 431
1391 640 686
1293 468 691
1353 595 506
1482 364 73
1215 475 661
1317 652 799
1362 244 1255
1366 306 488
1341 674 1221
1288 427 920
1287 468 687
1323 217 423
1371 162 114
1221 287 721
1185 693 726
1340 307 551
1173 69 73
1274 65 212
1293 289 522
1690 144 87
1233 770 761
1364 700 860
1249 519 480
1364 166 162
1271 66 70
1269 277 817
1511 112 70
1381 489 448
1473 146 71
1240 641 784
1248 450 942
1297 82 260
1201 79 88
1259 77 82
1236 301 713
1294 566 566
931 80 455
1316 665 837
1211 310 544
1420 768 161
1309 108 93
1270 464 827
1272 220 703
1500 92 86
1571 138 71
1220 118 386
1085 65 87
1366 559 364
1064 76 80
1195 508 1655
1313 194 345
1375 134 69
1343 369 89
1251 541 1347
1246 171 96
991 65 460
1226 836 1008
1377 292 298
1256 861 1132
1526 66 69
1237 612 1134
1752 71 68
1229 424 688
1318 352 525
1190 171 752
1328 340 704
1300 398 1185
1322 582 506
1265 657 1048
1591 64 69
1356 107 130
1306 71 221
1359 108 112
1749 223 99
1272 379 498
1314 424 585
997 104 98
1382 278 523
1242 422 1305
1226 67 280
1177 255 9
1268 666 664
1473 65 69
1250 937 1007
1305 962 780
1320 229 77
612 130 516
1142 389 1509
1343 67 80
1348 559 657
1236 749 819
1175 323 761
1196 77 319
1218 1023 1083
1425 65 78
1232 64 197
1206 85 101
245 134 585
1538 147 83
1513 1487 1456
1281 527 653
1196 637 992
1265 70 94
1508 64 73
1238 778 481
1188 679 1717
1582 102 68
1164 357 1387
1199 678 1719
1128 647 302
1281 296 881
1266 469 755
1360 64 69
1340 626 578
865 67 1406
1302 323 811
1217 1929 83
1382 64 70
1323 259 387
1230 506 772
1312 448 27
1559 82 69
1405 67 69
1335 560 318
1235 67 100
699 118 496
1449 65 121
1098 175 145
1275 70 158
1348 63 70
1276 65 73
1380 797 701
1305 334 72
1413 81 69
1519 118 69
1516 258 68
1419 219 72
1186 302 902
1306 332 681
1309 271 575
1437 1054 1364
874 92 165
1243 604 1114
1326 93 70
1124 72 135
1367 65 70
884 112 465
1176 333 1091
1349 660 1231
1464 64 129
1389 159 101
1279 417 738
1304 95 287
1129 326 1681
1217 65 99
1208 360 1186
1242 269 724
1320 380 834
1269 576 587
1024 66 88
1335 1096 1374
1246 129 208
1297 858 810
814 102 269
1526 311 73
1356 635 688
1744 288 68
1164 252 772
1749 278 68
1282 258 694
1302 733 915
1320 643 949
1228 82 76
1248 173 242
1284 478 619
1322 487 737
1236 309 823
1247 421 693
1299 585 887
1224 300 421
1409 756 384
1292 560 1239
1753 174 74
1403 65 160
1197 142 73
1228 314 773
1300 175 620
1347 479 607
1258 520 679
1256 575 798
1210 622 1090
1258 857 96
1179 103 182
1424 1593 1824
1299 690 687
1328 648 1021
1268 579 729
1271 555 751
1348 71 209
917 65 357
1195 483 975
1425 605 712
1235 584 1053
1254 880 642
1458 67 69
1222 85 68
1411 730 831
1424 76 120
1302 65 68
1743 79 68
1325 85 124
1191 65 86
1238 85 317
1493 1219 627
1372 97 76
1290 66 85
1360 474 612
1479 64 69
1022 544 1881
1489 230 69
1239 98 116
1336 356 658
1752 87 68
1384 522 865
1173 65 410
1380 638 675
1256 64 72
1298 65 120
1298 621 890
1437 544 290
1281 368 960
1072 97 118
1242 751 1142
1383 485 443
1511 220 68
1233 926 1318
1278 430 756
1294 661 903
1319 403 621
1679 96 69
1192 696 988
1317 529 556
1351 397 1171
1298 66 172
1269 603 1178
1241 506 1101
1280 546 1506
1374 319 301
1342 1181 857
1105 64 130
1231 187 519
1323 83 291
1147 66 92
1260 382 1217
1390 665 649
862 71 154
1215 386 1071
1304 611 543
1089 95 290
1331 800 775
1233 341 1075
1352 74 145
1235 594 1236
1279 408 650
1600 74 69
1251 378 1022
1743 67 70
1368 553 641
1749 262 68
1178 71 361
1349 1202 1293
1065 69 217
1246 53 73
1353 581 357
1457 322 383
1298 351 477
1215 440 940
1336 501 759
1296 1000 619
1297 305 798
1282 404 767
1405 113 69
1347 506 719
1338 605 865
1316 501 1158
1280 509 891
1399 96 70
1392 353 488
1201 176 557
1260 356 801
1294 406 571
1269 88 172
1355 325 485
1160 64 402
1053 68 89
1194 201 399
1277 523 759
1229 532 640
1315 668 1297
1342 550 800
1313 400 531
1247 100 787
1335 405 658
1402 213 238
1397 70 77
1320 646 815
1310 117 229
1225 427 802
1311 223 370
1238 977 1391
1749 152 69
1368 71 105
874 97 376
1205 64 195
1751 123 120
1359 316 270
1309 247 407
1165 93 74
1368 472 315
1384 89 72
1251 452 1006
1349 64 108
679 135 499
1139 72 1517
1223 97 250
1240 1126 1802
1305 704 1411
1256 73 100
1253 282 844
1262 393 875
1367 589 1204
1228 250 1324
1361 429 828
1266 482 656
1155 292 728
1277 531 988
1214 109 899
1144 66 298
1545 1929 79
1041 66 226
1179 224 1850
1050 64 289
1379 67 76
1180 64 230
1294 316 598
1294 715 1197
1453 1929 445
1290 413 691
1294 65 69
1422 655 75
1327 425 706
1458 64 68
1356 548 408
1237 587 1871
1433 1103 139
1170 631 1044
1394 64 69
1289 740 78
1311 331 283
1335 427 773
1348 361 442
1328 563 575
1159 372 1929
1350 757 668
1447 1929 501
838 125 137
1307 65 96
1288 394 639
1313 407 729
1255 506 676
1337 717 209
882 89 319
1412 658 908
1264 1125 815
1326 65 74
1172 85 71
1147 566 1652
859 113 402
1140 672 1263
1475 317 134
1360 675 980
1253 529 1198
1403 535 669
1455 249 77
1440 67 71
1301 446 847
1675 212 69
1268 253 176
1284 422 828
1298 510 626
1309 355 526
1322 663 519
1214 82 220
1546 593 73
1107 68 195
1397 646 781
727 104 839
1206 907 1198
1345 294 425
1225 331 926
1249 250 593
1222 1009 1089
1219 449 867
1276 153 73
1360 139 70
1742 128 69
1243 674 1472
1274 1783 650
1217 66 127
1256 857 1776
1219 111 239
335 109 130
1230 1120 1929
584 167 192
1271 426 880
1252 97 296
1386 173 68
1376 573 941
1303 334 560
1262 117 70
1306 65 99
1307 64 240
1085 165 1930
1660 1929 83
1319 320 602
1314 549 397
1417 1104 593
1040 117 83
1270 682 81
1352 412 677
1305 31 506
1246 82 455
553 161 909
1425 101 75
1334 686 467
1245 498 1099
1281 671 1021
1284 423 1039
1313 486 387
1387 842 71
1223 91 362
1216 500 1319
1314 485 236
1131 99 1886
1385 635 891
1213 221 731
983 66 121
1341 80 163
1346 256 602
1362 144 507
1299 480 1235
1412 64 154
1318 378 546
1298 337 480
1182 65 107
1751 162 76
993 75 154
1356 506 743
1029 193 865
1285 97 80
1406 1065 1002
1104 586 771
1207 68 72
1283 300 510
1264 268 864
1364 732 1545
1430 76 117
1236 71 69
1361 733 572
1342 531 475
1144 171 1929
1026 116 1192
1261 325 812
1240 109 171
1438 232 103
1375 268 342
1444 931 619
1306 477 563
1442 922 374
1322 536 624
1250 230 1062
1312 893 914
1180 64 470
1300 154 806
1040 132 142
1346 146 88
1279 754 949
1296 1040 1706
1451 87 69
1360 756 1756
1259 1013 517
1326 731 876
1202 543 795
1389 92 78
1335 1242 1258
1436 224 294
1387 79 70
1278 86 97
1298 449 838
1274 65 107
1007 91 123
1353 64 68
1253 1149 1261
1452 74 69
1310 1021 1012
1612 211 68
1144 864 1651
1346 66 69
1163 376 689
1268 197 541
1249 408 792
1513 66 77
1345 383 890
1317 439 813
1348 453 417
1324 64 72
1118 105 306
1290 559 818
1300 458 645
1274 308 576
1234 528 619
1207 408 1148
1368 69 72
1274 75 76
1378 439 342
1268 757 1094
1133 66 139
1327 350 69
1147 806 1315
1282 850 1267
1311 261 551
1229 348 648
1063 66 270
1752 106 72
1091 64 76
1656 1930 110
1291 487 1126
1660 92 80
1319 367 659
1492 69 74
1321 109 94
1310 292 604
1225 660 1225
1071 75 1906
1030 96 91
1365 642 421
1368 531 464
1278 69 83
1273 302 1418
1417 237 80
1278 379 526
1291 773 1336
1268 695 1553
1234 389 938
1675 66 76
1272 543 1050
1171 125 856
1102 102 1929
999 105 942
1124 89 88
1321 591 300
1348 514 593
1263 238 848
1330 278 743
1243 66 95
1299 637 1904
965 93 1914
1334 417 462
1751 74 68
1208 65 376
1227 76 132
1158 65 105
1199 475 1282
1152 361 1150
1187 444 1547
1367 345 760
1455 123 162
1751 124 69
789 110 750
1364 462 326
1380 125 136
1319 381 736
1061 75 224
1176 257 1863
1164 543 1674
1300 68 76
1236 115 195
1241 532 786
1632 158 69
1326 1030 1530
1442 1453 616
1262 291 813
1749 79 68
1598 260 77
1351 366 710
1323 361 569
1197 734 1221
1449 1440 70
1750 84 89
1523 120 149
1249 76 511
1242 442 827
1382 98 69
1386 65 83
1342 1247 381
1656 671 69
1748 217 68
1601 180 69
1337 545 610
1286 348 573
1448 783 1311
1392 1324 428
1239 736 854
1283 1028 307
1336 1420 823
1254 497 355
1250 477 699
1376 366 376
1195 69 74
1304 416 865
1336 373 647
1747 147 69
1071 65 81
1255 224 505
1253 467 470
1268 64 269
1317 679 701
1322 420 967
1328 391 845
1521 208 69
808 75 169
1020 68 1223
1218 405 821
1054 65 657
1197 483 823
1256 415 707
1245 352 847
1214 300 1254
1299 464 905
1158 321 1048
1234 267 881
1348 499 461
1255 557 655
1286 628 607
1314 67 97
1749 109 69
1151 85 443
1329 312 874
1257 399 657
920 74 232
1090 67 1067
1221 1378 1013
1271 582 1284
1192 64 368
1367 802 1775
1038 66 154
1253 762 1195
1403 257 433
1279 64 69
1078 347 1931
725 94 595
1330 812 1021
1257 358 428
1144 373 1541
1557 1930 298
1398 66 69
1315 454 651
1287 562 69
1302 196 469
1744 64 69
1463 971 94
1258 408 479
1179 196 117
1257 606 935
1290 621 1272
1170 287 1473
1405 64 132
1237 321 719
1699 83 77
1491 1929 72
1574 65 69
1361 545 588
1298 309 733
1372 584 619
1597 486 80
1188 287 723
1259 210 71
1750 188 135
1259 496 389
1178 68 234
1211 90 434
1262 503 908
1301 302 577
1183 70 155
1331 131 183
1173 359 1356
1286 71 197
1236 288 1320
1193 78 265
1158 693 893
1286 64 70
1468 79 80
1208 502 1247
1232 1445 1479
1221 72 286
1360 961 469
1251 112 75
1307 433 183
1366 393 809
1180 1270 1929
1375 727 841
1749 138 70
1323 420 598
1409 1147 107
1182 358 663
1371 411 432
1344 675 309
1280 369 425
1359 86 83
1020 65 242
1306 1355 738
1284 516 748
1305 428 384
1315 67 76
1238 386 1544
1348 487 723
1327 421 297
1373 1146 472
1445 1047 334
1147 73 138
1345 689 900
1315 687 692
1280 1929 1806
1750 69 69
1317 174 69
1382 470 118
1358 770 634
1345 540 346
1428 92 168
1250 325 1047
1402 467 81
1385 434 756
1356 161 112
1339 524 587
1305 79 111
1193 411 1786
1339 692 515
1214 676 958
1421 69 87
1370 136 72
1326 450 714
1334 378 858
1279 65 183
1158 64 110
1296 71 69
1402 143 513
1407 66 102
1254 168 929
1278 332 885
1259 481 341
1573 75 69
1375 73 205
1027 66 322
1054 64 442
1746 83 81
1394 742 555
1327 534 583
1308 343 489
1317 722 632
1317 762 710
1405 201 338
1221 64 184
1531 174 69
1425 546 429
1353 816 387
1291 496 771
1241 461 98
1180 81 163
1294 333 111
1320 467 683
1217 598 753
1348 528 589
1259 445 345
1250 846 551
1166 66 265
1229 404 849
1331 560 863
1210 66 326
1356 930 1580
1239 380 599
1267 1040 1584
1182 402 923
1313 417 525
1186 66 72
1495 113 111
1216 437 1041
1295 355 70
973 64 124
1247 286 695
1320 521 665
1213 262 869
1242 190 105
1233 95 106
1181 1462 647
1389 405 552
1748 126 91
1356 760 897
1230 66 147
1296 538 484
1101 69 142
1561 66 75
1315 64 115
1045 65 369
1262 498 788
1189 704 1210
1270 68 413
1335 64 78
1364 483 678
1404 64 79
1318 73 291
1325 157 71
1213 84 190
1307 843 1509
1307 279 421
1305 940 1501
1226 349 768
1461 1929 138
1238 649 933
1279 549 1346
1275 387 806
1279 96 73
1302 478 774
1123 66 156
1196 64 284
1373 1166 1802
1005 73 1833
1351 883 472
1386 880 423
1143 88 179
1080 95 634
1218 549 834
1314 647 572
1435 361 516
1301 247 201
1095 66 132
1356 504 340
1250 158 606
1358 1085 927
1143 1104 1734
1602 85 81
1297 499 878
1750 191 70
1305 126 178
1294 158 133
1511 176 77
1748 83 69
1281 443 830
1349 551 235
1255 161 454
1310 302 559
1216 305 1209
1364 377 445
1011 68 123
1042 334 1226
1210 197 821
1299 553 806
1373 501 970
1284 65 75
1261 459 874
1168 66 215
1223 785 1741
1229 535 1118
1259 427 696
1302 385 472
1228 108 81
1373 261 456
1397 623 719
976 65 217
1424 288 234
1191 314 612
1293 581 572
1376 626 990
1210 450 1833
1297 569 725
1196 1001 1607
1367 545 842
1195 69 321
1095 122 538
1265 344 472
1282 146 419
1285 471 655
1364 808 206
1287 1526 1299
1290 1647 1404
1168 79 364
1303 432 735
1166 68 302
1513 514 80
1359 395 258
1372 629 139
1221 697 1136
1082 253 732
1323 302 861
1318 71 70
1293 1928 1928
1343 986 930
1442 95 69
1289 421 853
1424 206 77
1255 732 923
1373 1137 1033
1257 974 1007
1278 446 612
1284 532 909
1382 853 367
1338 68 100
1608 66 69
1292 251 631
1393 620 488
1356 346 452
1292 904 924
1654 65 68
1267 135 597
1243 593 558
1323 64 86
1679 217 69
1332 219 360
1298 64 208
1313 580 1087
1306 1015 1251
1271 380 494
1210 74 461
1087 68 214
1312 118 72
1293 120 510
1249 453 852
1385 64 75
1495 64 77
1301 492 820
1694 79 70
1241 477 1068
1307 213 117
814 136 229
1312 1211 1563
1017 101 145
1223 285 1276
1162 461 1428
1338 305 273
1249 322 648
1398 659 234
1181 70 84
1281 587 979
1225 313 498
1295 300 655
1179 787 934
1269 543 737
1343 790 1163
1176 89 75
1357 580 290
1336 431 414
1337 802 616
1272 682 766
1231 804 767
1207 507 1181
1245 726 983
1351 964 704
1197 1475 1304
1192 97 262
1301 98 68
1224 233 781
1285 482 611
1306 419 744
1283 64 600
1355 65 74
903 74 148
1283 366 70
1258 864 623
1718 90 70
1241 824 1213
1338 918 1239
1212 575 714
1139 79 263
1334 285 76
1750 224 69
1261 478 806
1592 68 69
1129 65 85
1233 1903 1776
1158 64 258
1153 435 1576
1231 447 1264
1451 67 85
1269 66 118
1482 1886 441
1243 1007 754
1220 439 512
1273 458 1199
224 107 245
1169 516 815
1270 321 1073
1317 65 87
1323 166 131
1269 596 874
1749 89 76
1285 68 71
1129 63 102
1327 117 473
1338 437 593
1253 993 1399
1752 86 90
1204 297 1730
1183 615 1026
1381 694 868
1119 578 1054
1335 799 381
1570 118 70
1201 233 426
1752 159 75
1297 1254 1299
1547 268 92
1298 283 304
978 65 142
1208 442 1764
1208 293 520
1285 72 69
1226 1162 583
1177 82 222
1216 553 781
1284 86 147
1275 397 993
1344 717 1553
1261 443 529
1304 145 374
1217 430 882
1137 67 370
1294 87 69
1569 755 76
1316 188 317
1058 92 115
1216 347 618
1299 89 179
1393 68 84
1104 76 109
1214 67 178
1385 341 85
1219 127 88
1650 69 69
1286 698 1592
1255 463 926
1292 670 673
1711 82 77
1350 896 1296
1239 858 864
1301 302 257
1751 137 80
1309 360 300
1223 65 116
1183 436 1929
1294 491 877
1386 488 411
1167 67 176
1231 612 477
1301 388 606
1301 873 547
1119 348 1259
1684 65 71
1323 614 868
1639 299 80
1373 326 266
1061 74 113
1289 586 572
1110 82 152
1350 1146 232
1391 706 640
1273 375 751
1409 888 91
1250 645 664
1548 64 68
1401 491 731
1187 112 84
1237 79 71
1280 65 342
1310 139 184
1325 428 769
1194 375 1553
1365 170 88
1264 543 565
1495 123 70
1238 562 586
1271 320 81
1306 566 657
1358 875 941
1380 515 301
1312 586 648
1371 519 277
1743 66 74
1178 381 1930
1284 128 450
1178 452 1342
1160 472 1316
1338 335 453
1257 577 761
1330 538 597
1328 530 1065
1241 695 580
1159 64 347
1003 70 119
1695 69 72
1279 299 77
1372 64 68
1243 448 1024
1167 70 214
1552 164 69
1426 123 71
1315 290 1456
1392 99 99
1381 618 1711
1392 721 718
1230 97 220
1230 527 796
1197 64 248
1298 460 567
1308 1054 1054
1346 451 555
1267 778 1929
1232 730 487
1451 789 530
1197 378 485
1203 678 1007
1228 599 893
1278 1893 1045
1295 531 368
1377 156 122
1356 669 1130
1248 65 131
1374 409 570
1346 93 71
1308 634 783
1241 80 260
1333 496 478
1307 235 696
1244 1093 1755
1277 825 893
1157 78 455
1517 67 69
1250 95 260
1292 119 81
1480 72 300
1128 604 946
1237 368 850
1339 740 453
1462 1929 69
1381 385 550
1300 401 838
1294 706 71
1137 88 104
1379 668 533
1229 70 177
1245 346 485
1370 212 647
1412 65 75
1191 364 1024
EOM 95608 145902 2218 0 0 0 0 0 0 0 0 0
1282 798 1011
1380 671 610
1351 500 494
1173 136 236
1229 118 304
1255 848 431
1289 581 612
1221 523 901
1313 544 1038
1399 918 1004
1433 542 114
1216 326 1205
1321 328 585
1516 64 72
1357 422 712
1563 91 100
1492 66 69
1214 74 884
1250 336 735
1705 121 68
1216 610 1188
1747 118 69
1214 130 369
1457 107 75
1272 539 638
1340 524 670
1745 140 79
1240 386 707
1306 450 511
1612 229 69
1236 747 509
1276 714 1082
1214 115 279
1441 1174 251
986 86 1049
1224 63 163
1174 745 826
1290 272 438
1207 220 99
1234 399 948
1748 67 69
1293 300 578
1146 65 377
1187 223 88
1303 83 61
1396 95 71
1228 354 656
1308 456 419
1305 837 632
1241 695 886
1389 589 665
1372 735 750
1122 692 982
1366 374 533
1170 472 826
1257 618 754
1383 67 71
1173 642 1255
1323 113 76
1424 1224 1106
1259 243 842
1313 609 1116
1233 364 828
1300 495 709
1261 554 855
1314 998 352
1743 65 69
1292 67 76
1009 95 98
1255 335 977
1209 66 82
1376 186 79
1284 627 874
982 65 365
1176 546 1207
1747 69 68
1276 648 206
1330 308 774
1443 1458 202
1187 65 70
1076 66 520
1224 403 336
1254 774 1012
1287 629 1495
1296 239 76
1742 1929 69
1206 170 791
1364 1057 1021
1366 697 507
1457 598 70
1308 777 1147
1303 537 565
1173 359 1918
1294 66 70
973 95 112
1266 626 994
1236 66 286
1344 657 586
1304 685 833
1408 191 69
1420 1929 686
1420 848 86
1253 505 565
1281 646 534
1315 375 381
1194 711 926
1212 1293 1276
1244 652 975
1347 64 69
1440 1396 235
1304 107 78
1422 449 650
1161 204 564
1251 601 765
1240 138 633
1317 1001 925
1355 469 506
1360 368 912
1305 506 727
1268 335 445
1365 856 911
1318 301 539
1286 529 673
1750 125 77
1256 278 529
1317 941 997
1750 179 103
1289 64 76
1270 69 89
1748 271 69
1361 500 587
1225 518 1200
1212 565 1539
1254 74 69
1395 1810 126
1593 63 68
1387 368 590
1318 65 69
1313 584 554
1297 492 1206
1305 362 485
1257 64 131
1297 691 656
1432 351 69
1343 707 1290
1298 75 331
1291 157 213
1416 611 1050
1281 362 881
1296 371 493
1258 440 584
1324 215 69
1183 313 779
1268 512 1300
1089 756 1453
1178 63 247
1161 504 973
1362 760 105
1285 312 636
1354 249 608
1544 126 85
1301 210 356
1369 369 631
1248 710 336
1311 518 502
1332 493 691
1398 765 957
1339 418 471
1305 968 1145
1301 411 931
1365 715 1130
1302 432 1096
1279 583 1187
1565 376 69
1255 351 577
1280 239 214
1247 427 564
1240 68 94
1173 79 74
1280 602 834
1327 878 859
1155 63 223
1269 151 305
1186 950 1215
1323 677 694
1150 300 935
1235 552 974
1206 587 835
1275 463 790
1166 76 138
1455 1255 74
1258 79 71
1612 84 71
1264 662 589
1338 408 825
1433 887 795
1274 823 1205
1226 63 190
1498 751 73
1039 71 347
1224 307 973
1388 458 400
1310 749 661
1242 387 1550
1327 359 806
1270 71 95
1130 65 88
1289 748 324
1359 474 282
1416 696 519
1289 252 596
1364 490 514
1180 1201 576
1193 294 643
1364 610 572
965 70 155
1382 67 266
1014 79 127
1309 92 203
1298 631 634
1286 69 138
1588 118 74
1137 590 1247
1280 385 955
1214 511 1929
1400 844 1174
1310 723 748
1289 385 1057
1407 467 282
1103 947 1614
1200 443 866
901 116 455
1360 115 196
1266 376 584
1313 96 135
1191 349 1331
1311 168 71
1487 67 69
1171 64 114
1584 78 68
1308 512 561
1275 261 122
1295 129 249
1286 558 1119
1249 654 1068
1137 67 203
1334 372 637
1285 90 208
1381 597 749
1283 196 190
1373 632 762
1234 690 962
1451 626 606
1258 72 294
1466 99 69
1748 132 73
1368 297 653
1327 73 83
1231 375 638
1406 188 80
1418 74 69
1382 66 69
1299 206 375
1357 111 99
1383 608 700
1259 569 675
866 87 216
1384 1463 219
1305 64 69
1205 63 280
501 110 288
1353 1644 1623
1369 85 139
1408 839 324
1376 77 94
1226 442 862
1359 369 617
1258 386 736
1154 102 143
1271 807 1164
1294 596 554
1240 64 71
1214 574 869
1364 576 641
1260 64 159
992 68 1149
1299 554 477
1232 65 69
1192 916 1234
1598 211 68
894 88 311
1181 1341 1202
1627 758 70
1346 438 544
1202 106 1831
1306 485 830
1143 64 209
1228 455 1483
1236 399 865
1154 73 97
1193 299 1020
1287 369 914
1267 256 740
1266 210 1041
1250 66 118
1386 71 102
1419 320 542
1386 764 783
1358 84 70
1358 107 109
1362 66 69
1085 187 1495
1382 821 1198
1482 251 84
1345 526 272
1216 824 1129
1460 125 71
1072 310 1498
1279 315 772
1375 162 127
1260 277 592
1227 65 166
1273 427 1319
1312 216 699
1471 837 185
1307 510 521
1247 485 648
1349 969 522
1457 110 69
1271 560 693
1497 64 68
1273 406 430
1275 113 77
1092 78 496
1224 425 751
1454 69 71
1291 496 1155
1744 243 107
1261 308 987
1749 173 76
1251 66 229
1369 153 71
1229 356 441
1163 100 302
1294 444 849
1328 1011 1285
1334 372 733
1263 331 331
1316 1135 857
1214 562 915
1350 302 156
1370 544 686
1357 220 70
1270 604 894
1366 641 1545
1277 64 77
1176 603 870
1351 638 739
1331 561 792
1510 96 69
1563 78 70
1247 71 227
1042 70 380
1282 131 76
1345 374 491
1406 1196 490
1430 101 69
1359 614 215
1250 744 625
1221 166 170
1244 1093 1687
1473 179 82
1271 405 752
1189 655 872
1575 485 69
1320 587 1231
1333 106 96
1150 465 1526
1239 178 404
1276 557 671
1263 311 860
1190 417 890
1395 483 309
1281 726 905
1347 155 73
1270 774 686
1285 385 679
1350 480 502
1340 387 566
1121 1116 1158
1373 69 86
1328 1167 755
1378 243 169
1292 470 662
1208 1319 1702
1306 587 882
1207 353 1831
1258 80 546
1615 71 79
1196 1230 1640
1281 157 82
1201 78 416
1261 67 185
1174 72 223
1598 183 69
1185 673 1282
1342 550 477
1424 603 514
1304 71 132
1222 65 116
1323 850 1300
1291 375 560
1292 788 544
1458 1929 100
1249 432 1630
1280 470 323
1164 292 581
1232 416 938
1227 952 1102
1164 289 977
1291 390 832
1104 66 79
1356 588 631
1280 278 773
1341 400 761
1234 705 1167
1137 66 77
1130 87 370
1668 101 72
1365 64 69
1357 72 70
1271 527 783
1291 612 1267
1291 123 207
1238 487 941
1212 335 616
1410 621 1064
1192 68 520
1251 533 915
1266 984 1886
1257 97 1474
1372 537 781
1259 412 817
1748 181 70
1318 68 71
1438 734 203
1314 422 424
1744 65 72
1327 498 665
1392 70 95
1241 524 874
1288 338 623
1618 64 89
1200 678 386
1285 149 379
1131 75 90
1265 64 317
1456 1086 402
1213 635 825
1013 67 1929
1440 155 79
1234 664 643
1369 1929 921
1280 106 83
1377 91 205
1168 70 94
1281 161 81
1315 731 889
1096 99 113
1385 1044 647
1397 990 382
1552 128 75
1284 317 644
1339 851 1109
1418 1040 184
1284 431 503
1259 734 799
671 117 607
1384 704 960
1349 405 554
1258 343 1308
1205 736 823
1197 786 1265
1409 65 69
1379 652 679
1196 735 890
1350 250 750
1312 874 254
1391 523 584
1218 392 1042
1236 87 81
1340 452 70
1451 1918 70
1319 688 634
1354 248 299
1288 109 175
1293 379 829
1191 1098 147
1321 348 430
1402 41 770
1051 86 1911
1319 145 259
1353 609 626
1273 66 110
1411 110 69
1312 371 627
1179 65 513
1118 71 81
1221 239 124
1260 336 656
1528 79 70
1441 904 1378
1301 342 674
1249 433 846
1326 831 1114
1136 65 76
1250 66 73
1327 865 580
1283 91 158
1252 429 604
1243 489 1070
1153 399 823
1478 154 72
1296 418 1063
1749 92 68
1456 83 272
1236 628 1036
1310 638 1082
1198 552 912
1411 1047 214
1037 72 1673
1448 72 72
1317 657 1211
1312 795 1119
1285 112 275
1302 542 829
1350 393 709
1295 326 1252
1393 583 91
1392 196 75
1205 950 1804
1294 518 995
1337 1165 681
1465 1342 636
1321 461 506
1412 124 69
1162 85 76
1358 1036 804
1288 287 439
1277 782 776
1249 618 773
1265 813 1087
1347 535 439
941 89 231
1124 81 1231
1268 589 774
1165 673 214
1540 281 72
1133 193 1891
1457 173 92
1363 84 206
1286 609 69
1188 432 1195
1486 167 72
1319 403 735
1302 719 539
1375 526 290
1381 279 364
1261 88 312
1228 578 969
1199 67 93
1057 97 103
1183 122 880
1304 551 1165
1170 64 247
1264 268 728
1233 866 1020
1322 1928 1928
1517 80 88
888 111 173
1533 1178 218
1263 247 606
1366 65 76
1282 827 957
1194 423 812
1364 617 970
1147 1025 1632
1236 484 1239
1378 807 1068
1247 455 542
1231 302 1180
1006 75 199
1283 66 236
1322 802 412
1380 76 169
1344 1066 1363
1079 154 309
1748 626 85
1186 279 806
1306 710 1051
1367 662 719
1208 1104 845
1273 218 70
1248 988 1537
1349 563 862
1430 123 94
1357 739 1448
1190 781 1622
1361 411 106
1321 330 513
1119 470 1644
1358 65 69
1274 741 395
1263 125 107
1289 744 1301
1323 690 789
1355 470 938
1060 82 666
1257 11 936
1363 218 294
1324 64 73
1221 672 908
1342 617 664
1301 79 69
1149 73 374
1277 285 840
1351 478 421
1284 377 276
1329 421 485
707 117 447
1329 350 559
1244 519 1117
1211 64 362
1312 427 84
1469 277 108
1263 502 1052
1143 140 732
1360 955 707
1399 607 704
1268 797 919
1343 648 422
1256 431 820
1289 149 72
1272 64 208
1250 947 769
1346 1049 664
1190 458 1323
1155 332 1682
1377 919 1094
1246 378 434
1357 397 405
1276 380 1079
1234 414 1368
1237 378 1197
1147 66 76
1402 104 71
1191 386 747
1084 78 142
1370 593 697
1219 345 856
1227 1102 1086
1231 867 1565
1320 361 248
1250 883 880
1449 83 69
1394 484 261
1342 901 1127
1218 586 1574
1391 65 71
1460 144 92
1183 719 1224
1273 417 421
1448 858 1143
1306 314 851
1275 984 1255
1349 389 395
1320 175 80
1314 1036 1210
1137 78 110
1588 66 69
1136 716 948
1335 70 75
801 131 186
1228 717 929
1339 151 524
1370 535 702
1328 1868 576
1321 322 631
1275 66 128
1456 73 73
1315 236 670
1307 206 123
1301 66 69
1254 110 129
1367 665 134
1288 147 77
1254 554 1489
1206 152 175
1294 426 778
1377 67 79
1314 337 511
1274 547 322
1273 76 75
1368 64 73
1166 69 295
1325 409 714
1209 458 1056
1223 313 770
1256 330 555
1179 525 373
1272 64 159
1136 64 104
1349 508 975
1331 225 100
1533 68 83
1047 65 290
1216 1285 989
1395 825 639
1023 74 172
1327 396 475
1153 86 200
1381 464 561
1233 110 143
1370 610 453
943 110 246
1294 356 684
1062 68 323
1596 552 95
1182 64 182
1228 72 369
1277 453 550
1209 98 324
1245 55 816
889 79 191
1127 79 798
1414 92 72
1286 360 621
1227 106 134
1250 456 770
1185 69 114
1443 743 211
1067 76 1364
1243 354 556
1147 127 1209
1361 741 671
1299 64 237
1277 105 87
1395 92 70
1311 302 333
1275 637 964
1424 526 511
1387 77 69
1067 64 84
1325 955 674
1244 402 1233
1182 65 481
1115 239 1578
1352 550 1038
1217 950 904
1373 1119 820
1162 423 1244
1342 508 467
1389 149 86
1395 117 70
1279 1929 1718
1262 514 749
1369 64 169
1389 1195 96
1379 431 761
1592 146 70
1273 622 1452
1248 1253 1102
1341 415 527
1226 70 363
1384 1659 762
1358 726 416
1408 425 493
1129 489 1236
836 88 198
1309 259 539
1317 361 253
1434 352 70
1342 101 75
1526 75 70
1455 83 68
1190 654 1509
1325 208 1457
1119 64 251
1750 69 93
1239 428 512
1359 689 706
1262 511 736
1296 651 1069
1345 136 184
1278 469 747
1298 449 648
1273 88 175
1207 387 822
1150 404 957
1360 505 837
1281 69 127
1313 125 111
1313 648 477
1408 67 97
1275 70 134
1312 107 220
1115 73 116
1256 302 511
1358 362 125
1386 76 117
1303 309 373
1312 1191 1030
1379 357 457
990 83 1928
1338 413 536
1468 1530 107
1236 131 76
1749 255 68
1188 102 257
1298 190 72
1211 357 920
1250 1017 1822
1173 692 1192
1029 94 403
1088 1795 1929
387 99 211
1435 193 75
1245 597 1213
1333 559 843
1190 149 1089
1536 509 89
1536 1642 124
1236 744 1046
1212 503 712
1246 285 789
1394 301 264
1279 630 810
1335 338 629
1386 137 70
1213 568 841
1223 701 1197
1557 73 69
1187 69 79
1207 148 267
1235 525 1118
1187 594 726
1288 513 1056
1290 449 492
1334 66 72
1242 71 146
846 77 642
1300 298 409
1272 351 1642
1430 64 68
1230 506 853
1294 64 262
1230 909 1614
1357 751 317
1290 761 699
1346 154 70
1227 537 994
1261 157 98
1495 65 68
1198 507 747
1281 479 759
1222 454 1175
1224 69 621
1178 340 643
1686 81 69
1344 1790 682
1171 67 344
1393 388 147
1430 632 391
1327 1832 1802
1257 309 88
1248 335 662
1356 549 739
1197 425 1475
1411 65 69
1400 70 80
1215 424 110
1299 420 395
1431 913 914
1478 333 77
1402 157 93
996 72 247
1251 67 76
1040 64 89
1261 803 992
1246 820 1891
1376 251 525
1100 64 84
1273 360 546
1168 921 807
1359 227 85
1153 253 1930
1260 358 1150
1214 446 1005
1440 204 103
1349 485 521
1244 448 1312
1426 300 1586
1149 66 817
1488 211 69
1199 64 157
1133 653 778
1217 68 93
1224 83 411
1251 420 1133
1263 92 965
1281 726 1034
1339 435 459
1370 311 70
1302 327 537
1417 602 629
1307 300 647
1361 798 882
1157 63 92
1102 66 1234
1336 245 724
1301 681 945
1576 78 70
1199 64 418
1256 518 1040
1210 267 1374
1112 1727 1401
1275 625 1035
1271 706 28
1305 471 872
1303 582 1709
1343 616 601
1396 1929 661
995 77 158
1367 275 129
1197 64 108
1248 1264 203
1257 355 765
1188 404 863
1385 469 375
1401 1264 214
1204 267 726
1529 80 127
1187 307 1211
1309 1150 878
1300 272 411
1268 466 1188
1167 714 941
1265 442 553
1351 543 600
1392 1193 628
1509 204 71
1315 743 751
1127 111 78
1346 478 853
1286 69 83
1267 255 900
1353 105 73
1174 64 139
1113 79 74
1208 456 626
1555 1929 71
1262 137 254
1235 285 472
1268 619 785
1214 879 879
1187 66 95
1283 235 878
1394 114 72
1295 66 157
1182 65 1108
1351 167 412
1174 69 463
1304 1157 1930
1259 1257 1059
1235 167 114
1381 304 632
1215 65 605
1354 271 402
1324 367 443
1172 69 72
1451 63 69
1220 64 154
1305 275 614
1452 76 69
1279 77 275
1283 533 696
1262 163 93
988 79 278
1331 402 674
1282 78 115
1241 753 740
1309 638 689
1589 215 71
1411 573 227
1280 513 645
1272 638 583
1259 426 603
1326 422 722
1217 68 216
1396 233 70
1246 72 133
1204 71 77
1190 386 1570
1228 66 174
1119 95 111
1182 353 1075
1111 74 284
1087 71 212
1062 745 1460
1439 755 457
1272 339 951
1208 66 85
1328 563 417
1206 583 1100
1265 769 781
1159 588 1235
1124 555 854
1371 368 519
1326 418 938
1225 450 691
1241 548 1196
1038 68 168
1277 342 1363
1162 67 212
1095 73 83
1227 323 1083
1247 773 1265
1235 391 1000
1389 491 502
1383 383 408
1454 1657 84
1299 447 691
1062 66 293
1277 177 88
1234 360 1028
1360 70 95
1325 1583 1286
1258 480 391
1265 512 705
1100 622 1112
1359 920 1802
1181 437 1027
1313 199 341
1192 284 783
1451 557 351
1289 509 490
1072 67 865
1404 1222 1576
1273 538 913
1141 199 1913
1193 103 139
1023 95 111
1301 668 428
1238 935 1120
1337 906 452
1482 629 72
1155 111 667
1359 360 535
1343 554 751
1220 706 944
1275 750 1923
1362 327 481
1413 527 810
1312 342 70
1228 644 900
1274 488 633
1267 867 955
1188 80 114
1237 66 539
1074 64 136
1201 64 78
1277 307 527
1387 68 74
1160 75 82
1529 68 71
1161 777 1620
1747 85 71
1160 594 729
991 130 117
1279 306 469
1373 1125 774
1387 697 681
1292 1347 420
1101 117 1043
1198 621 968
1212 65 375
1399 82 90
1233 718 836
1359 1807 1332
1266 158 532
1547 72 75
1115 66 84
1281 225 207
1233 586 1314
1325 348 723
1272 682 1305
1260 362 961
1324 833 862
1248 317 986
1277 873 715
1057 100 575
1270 670 69
1150 68 97
1240 589 1036
1347 492 498
1283 1930 1882
1333 311 613
1204 64 1011
1323 833 908
1290 396 687
1357 573 725
1198 386 1187
1369 709 422
1331 690 649
1541 226 70
1184 76 296
1601 63 68
1232 473 710
1225 378 322
1272 335 642
1255 501 580
1186 384 882
1539 100 69
1266 66 95
1275 326 121
1254 108 468
1264 691 964
1017 65 163
1363 605 806
1202 213 387
1745 678 69
1242 585 1121
1272 1204 1642
474 89 445
1381 69 181
1226 329 955
1457 115 91
1334 861 1538
1735 95 73
1289 260 387
1511 63 69
1425 566 452
1459 1832 1837
1388 260 128
1356 169 77
1352 516 498
1297 584 651
1193 555 608
1255 258 321
1217 753 1057
1342 425 544
929 71 163
1417 151 69
1358 375 885
1271 370 585
1242 1351 898
1295 192 425
1112 179 1785
1543 1881 69
1291 437 853
1213 76 395
1350 1071 633
1319 359 545
1325 189 1446
1322 446 569
1183 546 923
1478 569 136
1304 603 774
1306 292 434
1318 437 690
1319 730 582
1246 335 498
1353 64 70
1289 6 674
1202 314 714
1420 65 69
1346 589 774
1366 202 462
1285 467 960
1366 342 613
1259 597 1454
1164 67 423
1403 309 303
1412 504 334
1318 905 1481
1327 720 1615
1231 93 429
1348 516 829
944 75 241
1269 698 638
1403 459 513
1291 103 134
1402 1057 226
1362 1124 886
1285 621 1192
1157 80 111
1435 77 150
1351 438 634
927 79 114
1335 260 841
1396 1929 321
1288 68 174
1154 242 1457
1408 591 741
1243 404 542
1292 129 124
1454 63 659
1292 66 166
1249 68 74
1259 719 259
1146 73 597
1324 1135 1502
1398 840 835
1258 404 1460
1227 475 924
1432 837 140
1233 489 673
1118 771 895
1473 64 70
1318 327 405
1379 796 668
1356 1641 1158
1177 492 830
1330 327 719
1303 68 260
1069 73 186
1337 64 97
1365 725 493
1317 442 708
1349 179 133
1506 130 69
1376 71 73
1252 318 318
1271 312 432
1515 80 83
1184 67 73
1321 600 675
1274 1369 1404
1489 77 68
1460 406 76
1366 698 1033
1402 487 351
1276 170 1899
1132 423 1073
1749 94 88
1298 233 711
1274 803 1178
1292 81 70
1312 66 103
1378 932 1646
1517 102 127
1321 535 875
1341 260 70
1606 1207 71
1137 95 401
1300 127 262
1396 793 845
1246 67 256
1324 466 1074
1176 414 1187
1357 293 519
1269 625 515
1622 357 68
1354 257 609
1082 98 1683
1306 220 134
1226 67 147
1250 115 182
1299 102 323
1340 516 1122
1292 182 112
1248 465 805
1295 987 794
1205 373 874
1219 643 1047
1168 510 1049
1245 312 853
1361 68 86
1189 221 172
1420 1632 604
1286 245 442
1174 356 1039
1220 437 738
1304 94 335
1483 108 68
1186 484 1078
1286 362 652
1620 1115 72
1295 648 785
1284 368 524
1138 172 438
1640 144 69
1323 624 735
1299 410 308
1319 390 640
1168 314 610
1417 92 73
1286 107 68
1347 488 429
1296 246 404
1271 509 897
1287 292 529
1138 64 130
1265 501 328
1399 868 512
1350 71 82
1330 547 791
1264 222 567
1280 67 170
1590 177 71
1305 393 144
1237 348 1055
1364 430 586
1224 370 731
1465 97 230
1285 485 788
1236 810 1310
1749 361 68
1201 267 1336
1748 111 84
1251 547 418
1632 67 69
1665 220 69
1276 111 86
1320 126 71
1306 785 932
1241 454 1242
1096 610 1327
1311 727 392
1249 463 704
1141 64 242
1277 389 722
1335 72 79
1263 66 268
1678 91 69
1300 64 75
1230 739 1588
1242 532 1062
1381 740 580
1643 64 69
1253 710 741
1331 840 1308
1344 345 410
1324 335 522
1062 64 365
1311 717 916
1347 514 651
1127 85 228
1085 67 830
1366 64 75
1006 65 636
1543 222 76
1190 211 1929
1232 86 191
1504 75 68
1244 545 782
1283 64 155
1246 975 1072
1446 156 68
1208 70 127
1240 449 515
1421 735 534
1749 77 68
1204 707 1435
1237 393 431
1115 65 242
1254 65 152
1502 164 88
1271 649 1158
1340 144 857
1349 86 80
1392 723 674
1160 463 828
1326 442 456
1021 69 127
1218 354 604
1327 346 329
1263 234 690
1463 69 74
1304 380 750
1706 810 106
1345 550 342
1330 326 596
1480 73 192
1318 748 753
1344 474 1051
1263 437 681
1230 801 1248
1266 536 978
1212 435 1170
1281 465 646
1149 71 746
1684 93 70
1391 64 69
1323 318 241
1320 541 641
1195 273 426
1751 1530 69
1354 68 74
1084 469 1453
1232 65 828
859 75 1929
1054 631 1301
1307 81 171
1379 357 679
1195 387 672
1545 65 71
1220 230 605
1184 1013 137
1253 363 358
630 102 259
1142 230 1469
1535 69 75
1134 64 83
1262 73 116
1296 70 69
1289 118 167
1240 920 1433
1253 66 392
892 72 558
1639 65 83
1400 467 465
1363 432 458
1320 402 935
1556 939 86
1343 133 74
1335 66 292
1749 119 68
1359 615 353
1274 493 1746
1447 1322 696
1278 430 556
1311 372 610
1182 523 870
1303 115 147
1280 478 896
1339 183 106
1750 187 68
1230 320 672
1730 822 79
1209 64 78
933 67 1881
1359 1662 734
1745 342 72
1162 134 291
1146 450 714
1245 67 80
1275 77 79
1220 260 275
1222 449 755
1353 921 319
1300 103 70
1252 473 893
1123 68 516
1351 274 735
1457 214 69
1401 68 111
1278 745 1519
1179 562 1543
1554 64 82
1221 405 709
453 66 69
1099 947 1411
1124 77 121
1005 96 126
1194 491 1046
1265 500 731
1372 706 664
1048 148 144
1281 496 431
1391 531 69
1200 1037 993
1289 146 303
1274 1051 1056
1201 538 1452
1235 717 1160
1267 483 938
994 66 666
1334 503 661
1135 109 771
1123 65 146
1283 65 116
1033 66 185
1558 66 72
1245 1665 1321
1366 874 485
1222 64 184
1029 65 402
1382 985 545
1354 813 441
1341 524 612
1235 143 268
1311 408 877
1081 65 204
1269 493 782
1380 449 414
1164 64 423
1302 529 628
1326 1081 972
1357 489 580
1287 408 1061
1310 64 69
1382 621 703
1204 281 1116
1273 280 569
1240 1039 881
1347 669 525
1475 67 69
1742 90 70
1294 681 75
1234 152 304
1525 388 72
1347 83 71
1319 75 77
1347 293 78
1387 1044 877
1489 215 69
1308 327 286
1283 113 69
1260 511 523
1077 76 180
1301 444 542
1181 68 134
1464 67 69
744 93 328
1244 485 1761
1750 88 68
1242 700 995
1376 888 592
1179 758 1041
1266 683 445
1236 65 69
1059 64 303
1534 67 69
1068 1029 1471
1186 284 1929
1315 546 199
1260 409 617
1311 534 633
1270 335 1174
1100 449 1459
1338 588 585
1219 91 79
1108 452 1518
1249 720 738
1342 520 426
1749 971 75
1256 596 1286
1340 72 74
1280 833 1097
1186 418 790
1269 415 578
1350 1072 839
1382 86 69
1300 76 69
1371 85 172
1240 64 88
1326 69 404
1368 374 514
1386 195 77
1545 255 70
1357 133 68
1386 1929 222
1546 74 70
1745 80 68
1340 201 69
1358 520 554
1244 78 77
1323 358 541
1370 125 192
1509 162 69
1012 227 1929
1298 525 644
1320 586 668
1157 93 1563
1348 529 530
1321 115 129
1241 65 399
1360 245 146
1714 153 73
1458 65 69
1422 126 193
1194 67 362
1269 624 960
1393 340 74
1232 383 686
1318 64 68
1470 112 71
1493 1311 1645
1218 296 480
1352 635 702
1174 566 1160
1135 64 252
1244 99 70
1400 513 639
1235 520 779
1412 1782 1037
1336 617 924
1573 318 69
1239 104 70
977 70 130
1376 580 668
1749 91 69
1302 350 703
1635 403 69
1046 865 1682
1338 663 688
1303 617 514
1196 388 811
1227 65 122
1289 390 546
1247 368 1059
1213 64 118
1246 649 1718
1166 491 1019
1242 638 734
1323 368 636
1236 64 73
1115 669 1366
1315 377 555
1389 1058 579
1260 393 1004
1326 420 1017
1173 496 1083
1526 71 70
1559 121 228
1287 479 779
1337 978 826
1274 445 469
1378 716 163
1261 481 997
1230 597 708
1217 346 111
1234 994 1641
1298 469 1039
1572 110 82
1291 692 480
1362 438 1822
1308 68 96
1159 66 119
1315 347 509
1308 945 70
1333 432 356
1109 65 75
1349 193 68
1262 778 1058
1232 214 930
1227 485 798
1148 111 171
1240 777 1027
1171 64 117
1281 488 1165
1290 1352 1128
1382 990 295
1395 690 459
1229 67 125
1749 91 74
1186 65 170
1353 366 455
1284 134 79
1361 538 504
1318 64 71
1387 443 341
1266 694 392
1356 104 428
1374 65 84
1284 707 568
1333 801 563
1269 656 1106
1322 335 282
1552 132 69
1310 87 208
1249 267 1206
1244 78 171
1661 1168 69
1255 167 249
1341 804 794
1540 263 71
1320 564 763
1705 64 69
1747 64 109
596 141 229
1277 329 608
1750 127 69
1381 1048 1175
1209 284 1734
1319 569 934
1255 850 433
1303 274 757
1186 453 814
1214 264 210
1193 67 267
1413 83 71
1646 65 114
1266 509 827
1380 432 538
1345 66 71
1222 129 130
1331 449 327
1119 65 84
1266 635 609
1266 153 261
1749 153 144
1433 252 74
1258 439 778
1388 535 766
1591 162 69
1241 66 72
1417 86 106
1152 1929 1747
1263 243 1062
1258 63 138
1231 825 1179
1201 750 918
1098 250 1705
1346 195 78
1355 627 515
1207 516 1049
1361 65 85
962 75 106
1383 67 72
1181 866 1155
1247 889 1069
1246 1097 1280
1304 83 1130
1308 858 882
1333 69 72
1377 299 614
1197 91 448
1240 470 1085
1153 66 81
1309 559 518
1350 331 777
1406 396 380
1089 67 103
1378 630 471
1219 452 1583
1092 80 396
1289 64 76
1275 552 720
1283 294 558
1366 540 559
1340 327 442
1229 717 1906
1259 405 829
677 127 279
937 91 292
1442 142 68
1251 448 991
1290 519 893
1303 460 694
1208 75 277
1187 333 1673
1250 69 70
1357 426 598
1203 282 765
1279 393 417
1206 141 565
1287 87 72
1174 601 1055
1137 69 164
1289 444 904
1281 660 1226
1356 643 739
1192 91 998
1328 501 609
1288 284 826
1303 531 766
1307 1417 1347
1266 272 802
1342 560 716
1421 181 69
1386 464 317
238 148 748
1317 267 726
1324 543 697
1190 445 699
1274 520 671
1293 499 762
1730 70 77
1278 567 1066
1260 66 96
1296 512 215
1393 494 559
1292 70 116
1271 404 735
1259 435 692
1370 64 96
1591 882 153
1312 345 407
1330 542 575
1600 170 68
1271 64 80
1268 862 696
1749 270 69
1270 70 134
1237 70 95
1225 1003 1885
1320 517 469
1241 637 828
1229 379 825
1212 139 187
1095 173 1930
1296 300 451
1165 69 98
1452 1188 278
1750 65 67
1171 73 97
1338 425 452
1307 689 478
1332 140 74
1486 1027 74
1239 783 1279
1094 65 355
1289 66 359
1156 65 186
1311 446 866
1311 378 949
1201 358 933
1326 545 528
1572 803 74
1276 856 70
1309 537 661
1240 451 622
1365 455 468
1391 544 583
1073 443 1239
1184 283 734
1431 70 76
1296 579 710
1302 564 762
1305 99 199
1142 65 307
1296 449 594
1306 149 105
1252 474 697
1155 66 1539
1336 134 87
1357 544 440
1311 635 713
1211 76 196
1402 1199 635
1353 679 603
1240 546 841
1361 582 514
1230 347 1361
1344 455 745
1310 1215 1129
1323 765 717
1345 732 1600
1229 380 1451
1208 66 328
971 71 105
1353 136 109
1165 439 756
1389 895 71
1388 64 75
1314 483 964
1102 64 615
1292 65 71
1320 228 90
1270 68 160
1214 488 671
1072 906 1578
1350 530 343
898 98 126
1366 442 375
1251 297 294
1298 766 838
1246 702 1742
1358 1265 365
1297 402 984
1223 67 85
1402 729 1226
1352 1561 768
1750 101 69
1258 373 262
914 80 123
1319 141 965
1240 348 888
1291 535 1325
1191 809 1900
1318 778 771
1312 528 243
1335 105 233
1296 452 463
1429 230 95
1303 380 640
1271 250 759
1229 283 595
1331 354 552
1333 737 957
1411 718 675
1516 73 69
1166 597 855
1308 621 555
1221 75 156
1123 99 401
1315 860 853
1386 266 427
1619 83 78
1364 439 213
1323 430 501
1324 552 981
1515 979 95
1299 147 75
1318 357 666
1301 450 1037
1751 142 69
1287 265 151
1747 66 68
1357 607 765
1357 310 93
1232 173 74
1263 129 133
1192 365 1226
1319 828 998
1354 1237 898
1261 545 1229
1352 67 111
1179 363 903
1311 556 509
1380 731 668
1228 849 1844
1241 923 924
1382 882 1643
1259 447 947
1372 1496 1533
1264 242 755
1307 761 2
1626 66 84
1328 1157 366
1142 267 1800
1668 130 71
1261 498 1279
1138 523 756
1311 1014 1003
1201 65 1391
1264 64 226
1165 309 1161
1265 136 345
1334 466 433
1202 246 793
1254 236 138
1319 591 501
1750 82 82
1294 72 74
1118 370 1064
1503 675 70
1371 101 70
1292 474 417
1379 669 123
1114 633 1781
1170 65 110
1263 348 467
1195 177 636
1451 131 72
1337 64 159
1079 78 226
1272 299 608
1358 285 551
1218 952 921
1376 378 115
1256 917 1517
1290 111 394
1309 424 1517
1315 519 379
1292 394 743
1233 447 381
1232 386 733
1231 64 71
1101 66 109
1296 391 966
1334 450 686
1277 336 798
1236 67 123
1313 224 502
1172 522 1326
1409 770 343
1145 96 153
1327 399 616
1202 775 959
1345 414 995
1296 479 496
1358 339 537
1554 138 70
1284 85 222
1287 473 566
1289 402 678
1253 65 69
1219 158 102
1159 70 78
1273 571 823
1275 955 1258
1220 446 1557
1356 254 241
1341 444 841
1236 354 554
1336 399 1068
1431 63 71
1267 241 468
1359 801 503
1241 64 70
1229 415 746
1279 438 710
1278 581 716
1164 66 194
1152 64 473
1288 1249 101
1189 65 254
1288 432 571
1542 66 72
1228 66 269
1504 960 70
1407 76 68
1297 354 739
1289 366 540
1357 356 556
1276 648 1180
1282 192 910
1365 82 1395
1300 582 724
1553 1370 69
1723 133 69
1341 365 949
1374 64 378
1159 64 162
1318 352 853
1179 66 347
1690 250 69
787 102 206
1388 64 119
1281 501 1032
1631 81 68
1711 65 68
1315 406 745
1236 516 788
1340 412 813
1386 511 1019
1298 250 728
1285 64 258
1336 742 691
1751 328 89
1278 349 815
1254 157 246
1294 409 548
1268 1276 1585
1278 67 70
1376 782 69
1444 130 124
1188 605 818
1469 118 68
1309 526 738
1180 500 1807
1227 116 73
854 97 213
1379 698 621
1218 467 1389
1321 399 1218
1302 64 78
1311 219 79
1252 444 873
1301 663 836
1237 570 1740
1401 793 591
1287 437 501
1342 586 1016
1248 86 150
1243 64 176
1302 154 93
1354 696 764
1739 112 83
1239 472 826
1266 482 600
1302 127 375
1303 362 676
1305 321 748
1342 513 762
1256 374 569
1351 447 422
1693 669 109
1284 310 381
1293 413 997
1289 1061 131
1403 987 828
1287 319 673
1279 416 750
1362 136 72
1322 524 476
1262 123 130
1273 610 1058
1338 302 743
1087 68 76
1744 160 68
1291 343 545
1176 68 89
1742 90 69
1275 627 675
1353 449 447
1360 1454 219
1275 92 117
1300 891 980
1091 92 717
1324 64 156
1288 377 873
1286 104 93
1115 418 1126
1092 67 106
1322 380 591
1354 395 500
1100 65 97
1252 348 936
1385 65 79
981 65 114
1162 532 1082
1294 499 665
1351 454 389
1750 106 70
1193 373 466
1309 157 72
1261 82 73
1234 824 1019
1233 520 878
1389 972 843
1303 675 1025
1379 811 751
1364 844 849
1233 526 967
1304 423 746
1202 490 799
1242 550 689
1357 913 567
1361 582 933
926 70 186
1352 773 655
1749 1818 69
1215 68 86
1317 323 465
1370 1388 511
1392 524 420
1441 446 478
1253 685 1488
1466 66 69
1352 65 69
1174 82 154
1391 69 77
1319 485 716
1269 746 978
1369 205 353
1300 64 68
1293 382 741
1675 64 74
1485 65 69
1219 611 977
1314 530 438
1298 380 759
1243 228 860
1491 64 69
1245 521 513
1264 851 1105
1340 471 495
1242 782 778
1753 106 115
1151 82 227
1342 422 864
1234 499 844
1373 695 627
1335 689 549
1364 399 497
1210 386 1890
1229 713 1336
1216 579 920
1235 317 1080
1188 259 901
1386 69 68
1308 352 905
1157 461 717
1344 514 324
1354 69 78
1488 65 68
1362 484 100
1370 935 1085
1246 973 1142
1392 69 68
1382 548 168
1318 121 93
1229 705 1439
1353 858 735
1260 686 880
1328 1017 760
1715 65 68
1395 482 359
982 94 301
1279 285 580
1173 64 1499
1356 69 104
1383 65 69
1454 67 102
1328 846 415
1417 69 89
1254 72 70
1245 471 1133
1253 1336 1873
1312 564 818
1321 277 591
EOM 96940 147544 2288 0 0 0 0 0 0 0 0 0
