1219 509 863
1387 582 271
1231 834 1440
1364 431 725
1137 962 1722
1145 438 782
1329 994 1194
1252 72 412
1112 896 966
1718 217 69
1347 74 69
1305 64 90
1288 1371 272
941 94 145
1150 66 72
1197 64 203
1212 552 532
1298 399 529
1221 242 528
1246 91 106
1365 708 743
1244 436 943
1221 577 1015
1406 96 80
1263 506 536
1139 160 439
1377 175 71
1464 204 69
1179 68 320
1339 502 206
1323 98 402
1247 649 1667
1207 443 1368
1200 328 393
1278 66 335
1368 884 512
1139 69 234
1350 288 464
1237 1409 1882
1458 83 70
1317 439 1254
1259 477 665
1357 867 951
1304 509 480
1246 132 190
899 93 131
1125 744 770
1232 373 1172
1225 388 556
1304 502 630
1230 311 798
1225 579 988
991 64 269
1246 580 541
1297 328 543
1169 308 580
1243 338 707
1078 70 516
1179 320 774
1212 504 900
1615 147 68
1256 341 699
1230 469 948
1278 139 73
1729 91 69
1726 552 70
1252 1698 877
1286 268 173
1303 388 745
1262 90 69
1269 177 78
838 111 155
1577 127 69
1266 293 661
1602 153 81
1188 463 883
1298 571 543
1177 541 1138
1164 72 71
1388 1174 1046
1206 63 200
1133 67 1222
1727 65 68
1237 409 1554
1275 399 421
1333 346 429
1338 361 595
1498 1694 87
1267 72 1892
1664 86 75
1191 326 1008
1332 729 471
1325 1637 1041
1268 672 1828
1293 379 299
1279 77 74
1303 421 414
1339 1146 307
1286 248 637
1370 88 75
1283 327 587
1625 74 69
1113 79 88
1318 509 1049
1192 731 617
1459 366 69
1196 390 511
1213 392 615
1456 699 944
1334 431 392
1385 178 213
1332 89 190
1429 190 69
1372 65 80
1731 124 97
1249 390 310
1205 477 619
1165 291 650
1733 84 74
1360 96 547
1283 318 638
1238 683 359
1220 71 208
1248 396 489
1421 63 77
1726 66 69
1251 1601 427
1296 327 466
1276 541 671
1387 957 773
1237 107 71
1732 90 71
1235 498 709
1276 149 162
1450 66 97
1247 698 1836
1375 76 69
1124 680 824
1237 388 772
1168 64 207
1242 75 133
1038 80 456
1223 358 562
1384 656 1213
1351 686 668
1350 1218 95
1307 390 894
1258 1210 461
1328 64 69
1172 64 124
1238 201 69
1188 1399 918
1262 404 637
1185 105 295
1214 119 734
1202 942 1522
1305 201 551
1408 95 121
1182 1377 1750
1241 335 773
1216 580 601
1354 151 69
1289 1099 159
1378 1200 1609
1233 503 628
1230 335 1218
1302 236 940
1167 936 1239
1223 347 1379
1219 405 336
1231 734 499
1227 73 201
1089 71 220
1318 379 545
1287 703 469
1259 556 479
1366 103 69
1216 327 762
1197 342 763
1273 466 704
1180 1035 845
1666 64 70
569 96 619
1023 194 1921
1235 525 686
1210 63 663
1058 68 214
1274 364 543
1249 1368 1120
1323 65 685
1575 137 69
1250 876 500
1241 630 424
1202 321 1922
1348 366 580
1053 79 205
1456 70 72
1179 112 844
1337 953 748
1101 187 122
1340 124 105
1206 65 113
1271 584 590
1426 488 248
1270 128 70
1194 155 122
626 124 223
1229 567 910
1239 472 588
1231 473 687
1555 148 69
1260 564 991
1319 189 111
1262 330 593
1213 588 603
839 66 287
1532 97 70
1062 277 1565
1257 451 764
1262 499 737
1265 227 88
1054 209 1921
1258 301 846
1400 64 136
1432 67 93
1571 69 69
1214 81 75
1379 106 72
1095 686 1510
1113 834 1119
940 78 1921
1266 462 383
1271 468 762
1354 120 69
1729 437 104
1284 69 185
1206 342 962
1193 423 662
1283 405 737
1254 434 483
1207 536 890
1719 65 73
1220 68 369
1554 294 70
1381 192 175
1327 361 843
1211 63 182
1362 381 418
1229 248 921
1279 420 502
1353 157 139
1510 1866 72
1391 850 566
1209 308 808
1204 349 581
1349 86 69
1291 64 69
1306 63 95
1242 416 135
1212 557 926
1267 366 708
1340 75 181
1285 67 74
1156 81 1921
1557 87 71
1335 101 68
1281 146 137
1144 88 184
1142 67 243
1144 69 182
1408 79 81
1732 102 69
1328 292 523
1151 357 823
1189 370 549
1298 542 759
1273 421 510
1252 227 446
1254 519 764
1169 672 1701
1520 127 69
1274 449 1249
1329 752 839
1252 78 130
1345 415 714
926 66 165
1173 63 82
1321 64 87
1395 66 136
900 64 233
1302 347 614
1236 584 675
1203 929 1039
1273 426 769
1381 567 833
1164 64 163
1289 171 136
1210 548 676
1220 128 144
1530 456 69
1209 551 969
1176 63 214
1389 333 105
1324 579 431
1470 215 121
1276 63 100
1301 67 242
1267 609 641
1418 137 135
1123 63 77
1117 75 184
1189 65 79
1201 943 1034
1246 251 82
1294 97 116
1368 896 568
1184 67 816
1222 63 101
1315 543 515
1207 215 1682
831 74 348
1294 198 70
1177 67 186
1485 145 79
1303 397 603
1282 66 153
1257 92 77
1189 243 1647
1147 527 851
1150 240 773
1317 111 133
1736 368 99
1732 91 69
594 84 294
1484 64 70
1145 71 95
1268 90 76
1324 702 698
1156 66 105
1580 64 77
1242 246 711
1348 664 847
1307 93 158
1468 153 69
1301 591 948
1308 697 898
1516 284 178
1193 195 873
1293 193 452
1713 131 96
1333 617 1058
1317 425 949
1210 533 1200
1193 220 994
1257 436 992
1730 63 70
1311 284 282
1150 71 90
1729 239 68
1458 81 69
1297 455 456
1245 326 914
1258 514 978
1263 435 684
1159 67 26
1054 69 958
1267 615 1007
1292 396 723
1228 72 82
941 88 152
1300 467 462
1014 73 138
1528 77 94
1271 746 770
1303 141 127
1476 87 69
1227 789 604
1232 73 184
1211 518 1079
1240 361 534
1203 119 384
1342 832 522
1224 1015 713
1224 1231 1822
1280 643 1491
1258 970 1427
1206 72 113
1400 799 81
1285 515 603
1206 307 687
1317 1922 1109
1272 621 568
1171 84 1770
1282 65 70
1175 317 961
1313 516 686
1345 753 987
1214 370 1195
1341 369 372
1304 70 254
1201 531 691
1236 557 751
1254 495 537
1030 754 1563
951 67 115
1291 64 873
1196 376 732
1286 334 594
1165 363 805
1322 407 899
1200 380 1773
1236 171 149
1305 334 605
1247 143 260
1333 476 781
1377 1468 1431
1379 65 74
1479 863 88
1243 967 622
1295 435 159
1309 483 603
1132 539 1922
1286 950 491
1050 66 116
1274 325 320
1295 624 677
1261 415 733
1158 514 827
1730 1437 81
1261 692 1173
1094 850 1128
1140 68 119
1301 419 76
1247 164 75
1461 130 83
1154 394 1105
1253 184 70
1162 65 149
1377 118 72
1253 377 614
1319 483 928
1049 66 226
1401 63 69
1323 632 947
1272 781 1080
1336 107 72
1333 63 276
1194 597 1067
1257 474 422
1683 72 5
1114 1162 1210
1472 280 69
1675 125 70
1327 434 527
1232 485 830
1168 436 883
1273 188 506
766 129 309
1255 395 999
1281 129 150
1103 442 1605
1240 115 229
1392 909 1125
1417 77 71
1286 502 489
1353 507 1005
1281 659 339
1238 810 1280
1353 72 185
1249 328 774
1571 67 111
1210 242 1155
110 140 178
1294 455 550
1506 274 68
1216 63 206
1325 426 207
1723 69 69
1278 627 826
1213 564 922
1309 1653 642
1216 213 464
1256 285 792
1256 339 243
1147 768 1467
1192 880 1028
1207 313 965
1149 130 89
1267 112 73
1367 412 666
1247 409 774
1630 401 69
1355 563 74
1242 849 1085
1381 70 69
1225 119 221
1293 1705 654
1233 63 77
827 89 740
1206 450 573
1319 1018 679
1228 66 106
1136 66 337
1728 469 69
1248 551 677
1262 212 102
1265 449 565
1187 64 189
1246 65 213
1358 570 637
1122 550 952
1268 961 1316
1259 312 504
1286 358 589
1187 64 155
1207 335 630
1369 365 582
1215 666 740
1373 683 1136
1245 85 70
1426 319 70
1397 88 70
1237 513 954
1227 1308 1815
1299 93 102
1229 510 719
1127 1043 944
1344 64 102
1268 804 287
1262 366 563
1729 65 71
1239 467 717
1629 65 68
1726 67 72
1207 391 1360
1732 124 69
1728 64 69
1230 665 1081
1174 897 767
1452 92 69
1281 280 369
1439 63 71
1219 550 376
1356 403 860
1311 440 452
1122 68 209
1266 583 352
1095 63 183
1423 64 70
1162 98 143
1029 66 204
1225 1538 1874
1279 544 137
1339 657 852
1284 165 648
1242 119 342
1269 421 589
1255 482 988
1357 65 83
1302 71 70
1213 236 744
1365 458 581
1196 125 76
1280 79 71
1420 63 69
1174 508 889
1259 147 1264
1142 128 971
1202 563 1827
1208 65 71
1299 599 625
1326 161 722
1605 92 69
1259 70 90
1290 364 690
1168 63 196
1231 755 621
1286 681 691
1303 394 783
1270 332 859
1646 64 68
1370 69 72
1371 65 71
1351 251 69
1333 593 771
1320 508 405
814 95 1922
1148 868 1495
1716 69 68
1250 433 538
1263 703 857
1543 63 69
1151 416 1892
1218 107 74
1429 91 184
1491 147 69
1271 480 1072
1358 855 790
1258 393 604
1278 444 927
1268 408 677
1248 492 754
1385 236 137
1088 1286 1177
1345 641 570
1195 404 682
1463 65 69
1294 71 255
1347 542 410
1524 172 73
1238 65 180
1219 74 76
1213 65 71
1224 372 1002
1339 181 82
1436 68 70
1081 119 1660
1727 229 69
1161 128 1373
1222 304 138
1243 582 773
1240 383 792
1275 112 180
1226 443 808
1726 821 83
1358 283 74
1217 69 214
1406 66 69
1200 66 72
1338 1219 229
1265 1653 1302
1076 75 416
1281 712 656
1231 53 232
1241 75 79
1301 570 785
1184 122 74
1342 541 379
1546 119 69
736 116 230
1457 325 69
1180 66 202
1223 362 572
1239 778 783
1138 66 232
1245 555 568
1224 292 957
1238 375 894
1289 360 484
1070 65 116
1142 84 204
1219 479 831
1294 88 229
1106 74 89
1053 1176 1716
1310 523 329
1034 67 1409
1230 727 903
1289 478 677
865 90 246
1046 65 467
1275 524 738
1289 216 72
1205 341 232
1240 351 1209
1259 583 1003
1253 62 76
1368 774 805
1155 249 763
1384 101 88
1253 628 1075
1182 351 765
1199 524 1246
1545 65 69
1414 106 69
1667 148 69
1079 74 136
1222 63 141
1185 499 554
1310 688 313
1277 678 1117
1398 64 70
1183 63 105
1284 177 106
1319 315 532
1335 294 966
1256 96 103
1296 565 773
1294 64 322
1294 544 685
1264 294 557
1385 1923 200
1244 63 77
1279 380 382
1220 332 834
1247 68 177
1333 118 145
1427 357 289
1185 422 1566
1425 576 205
1205 1780 915
1214 69 74
931 67 163
1221 73 161
1182 64 101
1273 65 70
1641 1057 70
1263 63 183
1264 276 649
1304 89 105
1279 199 257
1728 69 69
1271 404 511
1211 326 728
807 75 248
1269 64 198
1393 97 69
1487 63 68
1353 545 428
1342 66 74
1311 655 846
1158 663 1268
1024 64 90
1198 489 800
1235 74 100
1221 64 191
1267 455 574
1125 94 103
1200 704 1819
918 81 943
1151 521 945
1582 141 69
1183 719 904
1276 112 138
1344 496 350
1372 627 481
1261 1474 151
1150 114 682
1205 84 156
1364 480 665
1723 137 69
1228 63 113
1090 65 243
1080 283 1922
727 112 260
1264 433 1729
1162 1009 661
1246 754 815
1129 227 1158
1282 564 846
1689 235 70
1133 63 573
1347 354 241
1296 151 93
1266 479 750
1726 79 69
800 91 420
1102 701 990
1352 542 896
1268 435 851
1279 204 74
1289 1085 1510
1153 243 372
1212 63 193
1303 88 74
1217 69 254
1205 66 280
1360 770 702
1271 74 281
1187 534 1080
1364 460 225
1389 63 75
1487 113 70
1312 412 607
1180 329 1812
898 94 143
1163 64 166
1691 79 69
1229 63 331
1265 64 109
1293 67 206
1217 521 1069
1199 317 383
1298 650 875
1093 888 1431
1161 65 156
1177 95 171
1284 362 107
1154 128 1844
1731 76 78
1243 454 937
1443 63 71
1254 564 541
1333 1041 1532
1219 411 742
1330 380 877
1381 654 531
1239 547 742
1209 63 114
1260 370 469
1149 153 829
1072 253 576
1098 64 958
1265 253 885
1233 456 654
1334 372 493
1225 310 426
1094 65 375
1217 812 563
1237 356 805
1566 122 213
1142 658 1206
1299 562 1179
1275 408 816
1313 129 694
1284 530 606
913 68 547
1378 966 464
1457 157 69
1305 687 1423
1277 461 644
1462 63 84
1259 75 70
1265 67 121
1731 125 69
1662 74 69
1290 754 758
1242 336 496
1323 75 129
1030 63 111
1281 63 69
1700 68 72
1399 405 435
1139 63 104
1342 77 71
1212 537 1180
1087 63 159
932 68 818
1195 425 747
1328 467 323
1255 520 440
1438 191 69
1727 90 88
1270 641 337
1019 170 1923
1231 732 1140
1538 1923 107
1236 64 170
1731 120 86
1226 384 91
1272 501 346
1277 517 492
1231 436 801
1210 574 524
1281 965 1246
1230 64 339
943 65 577
1227 536 364
1255 235 402
1197 337 661
1239 374 655
1236 182 104
1209 563 847
1175 393 530
1225 63 110
1245 400 789
1329 913 1394
1435 1008 695
1201 64 71
1064 71 132
1378 87 82
1341 384 475
1299 382 719
943 67 114
1317 379 342
1240 436 1059
1344 440 740
1397 240 69
1200 547 647
1572 990 208
1195 419 518
1372 209 566
1228 66 114
1165 345 700
1103 314 1791
1265 64 84
1359 168 209
1338 885 94
1568 87 80
1267 64 184
1312 585 835
1206 81 211
1416 227 72
1330 517 460
1425 299 101
1154 498 789
1403 139 133
1574 67 68
1297 83 356
963 191 413
1343 313 579
1297 107 893
975 72 126
1312 810 1297
1204 483 1015
1250 475 628
1213 487 791
1340 1797 670
1293 385 650
1156 678 1115
1253 498 921
1718 1923 68
1521 134 77
1292 859 868
1217 503 584
1231 514 873
1272 80 71
1324 78 462
1209 678 96
1005 72 223
1316 65 70
1142 652 1141
1201 65 202
1024 64 436
1219 420 613
1508 65 72
1291 410 918
1439 1923 110
1377 1013 333
1140 1786 1491
1349 238 106
1146 524 798
1217 378 604
1338 64 76
1258 355 386
1689 152 71
1169 435 574
1327 330 1018
1218 270 1001
1324 1191 630
1269 427 1300
1174 67 131
1226 64 355
1325 1196 1333
1261 596 633
1727 177 69
1729 293 98
1256 360 786
1273 410 1184
1304 496 717
1373 576 390
1318 64 660
1323 870 1742
1303 607 1186
1302 465 826
974 70 173
1299 543 501
1362 71 74
1360 1056 158
1364 961 149
1512 203 75
1218 521 688
1351 196 96
1198 815 561
1730 138 105
1279 388 477
1351 738 651
1204 439 759
1222 381 1768
1218 504 1236
1284 598 621
1232 274 503
1181 456 212
1188 385 852
1199 801 860
1472 78 69
1279 1923 388
1551 124 68
1497 64 95
1266 324 434
1355 555 497
1301 466 626
1317 416 849
1492 65 69
1318 655 1186
1261 634 604
1269 64 313
1116 448 1026
1281 66 113
1248 476 817
1295 435 796
1056 198 1923
1255 510 672
1302 415 596
1487 1901 227
1204 70 313
1423 62 68
1336 110 78
1375 66 69
1356 507 1218
1393 211 75
1323 344 571
1245 1015 1235
1272 64 119
942 67 829
1334 96 134
1099 610 1923
1582 1048 124
1247 63 73
1288 327 972
1188 220 567
1669 63 70
1251 222 831
1318 7 1022
1261 260 131
1266 115 143
1188 64 77
1308 63 232
1307 737 1149
1527 65 74
1273 1558 1784
837 103 207
1115 65 1560
1175 526 273
1221 744 1507
1383 64 179
1222 225 74
1225 999 1491
1231 65 172
1303 540 634
1241 612 804
1282 94 366
1229 342 479
1310 324 354
1293 588 668
949 100 375
1296 236 579
1249 403 432
1301 741 746
1549 128 79
1048 64 1160
1261 1033 1506
1207 65 242
1401 1021 1002
1221 372 647
1294 629 1291
1159 398 463
1236 502 848
1169 66 162
1238 236 1148
905 65 312
1249 748 973
1307 636 1134
1276 285 717
1255 368 870
1040 68 332
1411 419 620
1266 63 69
1299 401 894
1244 110 323
1727 270 69
1061 234 1629
1288 1922 1023
929 79 191
1243 880 529
1120 63 256
1281 174 512
1339 460 462
1008 67 210
1386 610 1161
1365 203 429
1454 110 77
1379 198 176
1183 642 979
1171 67 74
1328 1149 667
1050 91 107
1489 152 73
1299 113 79
1188 309 596
1247 64 81
1174 666 847
1203 491 592
1261 572 579
1325 646 719
1288 710 909
1311 490 591
1048 81 86
1073 64 349
1350 444 472
1233 341 534
1470 160 78
1427 727 854
995 73 1923
1261 195 220
1239 409 575
1336 567 1281
1295 736 605
1636 503 69
1254 714 1166
1223 109 181
1289 584 1041
1217 554 780
1354 1722 593
1231 161 91
1184 426 674
1329 415 471
1195 75 84
1423 65 73
1289 162 71
1275 515 528
1331 889 510
1329 171 516
1274 459 871
1199 416 1057
1359 63 69
1399 64 76
1726 261 72
1193 337 580
1728 431 75
1277 700 676
1321 1007 683
1002 76 236
1620 86 69
1329 429 73
1387 1156 718
1185 63 70
1220 460 762
1255 450 654
1290 402 655
1197 153 895
1358 1088 550
1351 70 71
1305 443 850
1169 530 739
1623 106 75
1285 353 772
1009 67 229
1307 382 602
905 82 213
1256 360 587
1433 1596 257
1113 77 516
1228 337 793
1019 69 87
1249 684 662
1220 434 797
1270 64 76
1247 466 598
1242 319 676
1275 646 1877
1213 769 1171
1726 65 69
1294 212 111
1199 274 1437
884 68 165
1211 258 620
1300 110 80
1297 649 424
1338 217 83
1164 356 936
1355 139 151
1729 70 69
1393 63 69
1345 634 104
1346 580 1341
1729 89 69
1215 68 88
1732 135 71
1222 1137 1485
1179 239 792
1332 436 874
1253 616 351
1324 95 156
1017 96 1657
1271 662 844
1295 474 636
1235 1146 1209
1315 75 70
1283 632 691
1430 80 72
1313 739 576
1301 217 986
1328 853 716
1525 66 77
957 71 215
1379 953 211
1393 1088 1283
1282 90 101
1427 178 72
1192 581 1003
1212 248 505
1321 412 321
110 100 407
1310 864 1219
1446 245 69
1258 374 419
1731 82 71
1182 66 72
1280 81 217
1348 674 779
1237 573 774
1231 325 823
1256 697 1115
1299 589 70
1474 65 105
1256 490 1103
1635 64 68
1231 1922 1467
1432 1923 473
1208 932 1175
1470 78 75
1301 724 496
1180 90 77
1250 594 1186
1283 1535 1331
1596 387 68
1326 1055 1588
1163 78 1333
1724 82 69
1139 41 1049
1238 162 192
1221 88 77
1162 122 321
1068 67 472
1302 362 803
1262 353 97
1484 75 95
1218 63 154
1325 370 924
1345 305 533
1368 88 71
1247 367 903
1366 169 71
1304 1336 772
1200 206 184
1335 969 553
1149 66 167
1407 248 165
1224 453 551
1240 696 1137
1373 882 747
1312 200 923
1251 345 752
1229 537 595
1307 993 990
1362 425 786
1264 1535 790
1246 535 1013
1300 64 104
1112 645 853
1299 63 229
1379 576 558
1265 64 75
1726 66 80
1184 286 487
1166 331 551
1189 402 900
1345 1216 604
1304 423 494
1415 63 196
1324 481 556
1457 63 69
1429 1655 524
1299 346 568
1138 63 378
1644 81 77
1299 355 581
1236 184 196
1302 148 86
1205 269 272
1541 63 72
1252 74 193
1325 711 265
1151 492 645
1197 247 380
1634 64 69
1408 73 75
1504 64 75
1181 118 688
1263 576 348
1171 153 661
1165 70 308
1510 63 70
1174 63 74
1318 192 91
1288 64 74
1276 453 657
1268 470 596
1244 92 73
1198 114 476
1408 918 1435
1365 185 139
1280 84 201
1315 71 460
1301 915 951
1315 63 89
1262 269 1348
1367 175 69
1292 67 194
1256 330 389
1252 63 69
1060 81 939
1334 412 871
1242 108 130
1205 1054 1335
1249 64 281
1352 143 98
1397 791 813
1518 66 71
1287 661 501
1326 360 525
1277 847 563
1307 705 705
1281 602 589
1117 244 1921
1191 324 503
1274 97 98
1255 1757 1922
1114 67 90
1201 98 160
1334 637 399
1156 412 940
1261 320 459
1363 67 134
1156 65 81
1365 472 898
1239 728 803
1380 63 78
1266 276 292
1144 326 698
1227 277 456
1504 155 72
1258 73 74
1329 78 147
1242 698 730
1227 870 1166
1356 564 703
1210 1236 1151
1319 983 233
1371 63 105
1171 65 195
1237 105 175
1452 170 71
1231 510 700
1226 63 277
1275 491 780
1313 487 859
1298 1270 716
1278 145 699
1386 103 139
1188 65 351
1196 64 147
1242 433 1061
1382 252 69
1262 1071 1685
1137 273 1343
1220 342 1006
736 92 407
727 153 245
1023 63 105
1302 578 743
1217 186 731
1226 478 91
1245 65 192
1379 224 161
1387 421 652
1221 740 732
1365 66 75
1323 393 538
1329 396 448
1310 455 627
1591 65 69
1118 481 1478
1336 356 637
1345 598 1081
1055 64 295
1288 423 828
1265 914 1175
1177 319 1347
1256 478 617
1436 64 69
1487 65 70
1442 89 69
1366 70 70
1302 636 199
1218 566 126
1252 380 498
1279 166 82
1250 475 976
1206 284 1111
946 101 199
1308 484 792
1350 122 79
1258 64 74
1176 648 899
1347 654 298
1509 154 69
1425 450 76
1333 256 73
1229 319 708
1405 82 349
1303 573 567
1275 423 439
1285 615 511
1732 378 68
1296 72 272
1726 64 69
1219 636 260
1647 1341 69
1733 697 72
1292 377 463
1209 249 1135
1294 570 870
939 70 598
1613 241 79
1116 70 25
1297 317 575
1145 67 222
1218 149 73
1258 480 940
1137 96 84
1349 1184 1553
952 84 104
1269 69 209
1314 411 138
1305 352 490
1268 639 670
1293 504 1207
1213 447 1023
1289 546 738
1151 482 652
1341 240 72
1176 402 995
1346 1922 533
1256 463 634
1136 504 695
1286 985 833
1311 434 816
1290 64 106
1320 372 554
1376 123 91
1354 101 69
1222 458 621
1158 719 1227
1174 91 100
1366 157 109
1243 135 212
1177 727 1239
1157 158 1801
1231 204 426
1186 74 90
1224 81 1095
1294 721 409
1422 1221 929
1514 95 117
1296 620 472
1268 495 889
1281 526 898
1232 995 366
1229 427 856
1318 269 868
1160 63 189
1111 66 602
1293 267 290
1346 163 71
1327 392 413
1380 63 69
1350 544 512
1392 160 75
1240 564 745
1335 91 121
1173 64 126
1347 70 79
1079 80 265
1292 536 659
1571 74 71
1203 66 96
1253 443 529
1120 75 74
1200 637 1004
1191 336 544
1254 233 909
1176 595 1441
1170 64 194
1665 1923 72
1344 119 94
1098 63 339
1360 79 73
1288 65 229
1334 397 517
1388 519 467
1233 64 213
1364 515 317
1327 391 412
1264 272 754
1731 135 163
1348 829 168
1264 125 203
1380 651 95
1403 1178 835
1334 64 114
1269 415 887
1235 686 714
1371 149 78
1227 849 978
1321 270 798
1288 285 544
1253 399 365
1274 429 636
1197 544 930
1172 203 1560
1363 257 624
1124 79 282
1373 1210 90
1160 625 1026
1187 65 241
1187 68 76
1175 117 110
1181 572 752
1200 573 759
1192 69 72
1243 100 199
1297 395 499
1247 636 634
1077 62 177
1669 66 69
1082 65 202
1305 891 629
1274 658 903
1299 197 72
1240 985 1599
1260 525 915
1327 520 645
1337 175 79
1180 66 88
1229 406 812
1274 64 69
1261 635 895
1244 465 399
1727 1923 69
1136 64 122
1304 793 1330
1228 250 583
1212 527 1073
1320 180 139
1322 672 584
1083 64 189
1260 423 476
972 64 193
1143 252 565
1196 492 998
1335 67 69
1160 404 348
1325 88 170
1251 430 549
1333 770 651
1271 652 498
1174 1103 1459
1248 324 711
1175 801 669
1465 78 94
1161 313 821
1297 698 597
1197 474 1212
1309 981 1692
1183 73 324
1223 398 962
1198 65 564
1730 363 124
1169 724 665
1184 67 105
1549 154 74
1252 65 163
1369 1529 621
1292 1922 1703
1326 70 579
1257 315 531
1242 644 978
1104 252 1923
1234 719 260
1400 686 256
1132 341 787
1159 394 473
1271 381 487
1182 327 535
1277 360 489
1448 66 92
1235 368 572
1287 72 186
1301 498 937
1300 894 1176
1235 353 1341
1366 473 301
1246 654 1164
1264 85 78
1307 580 641
1731 134 80
1237 70 251
1268 101 1425
1290 400 881
1278 896 945
1182 693 923
1327 356 624
1288 157 157
962 89 131
1605 126 70
1730 102 69
1383 79 69
1344 370 727
1339 196 604
1238 431 655
1097 66 441
1339 971 1566
1174 380 1197
1310 246 842
1208 696 1435
1224 784 718
1170 493 610
1216 613 122
1188 222 591
1726 79 81
1369 1215 654
1238 498 881
1178 81 100
1505 149 69
1275 572 991
1310 646 534
1041 75 284
1329 812 230
1215 534 1259
1244 871 873
1565 63 79
1189 81 90
1041 67 187
1218 518 1786
1085 95 1357
1239 320 829
1254 104 71
1354 408 558
1307 756 438
1286 157 772
1235 298 624
1248 66 72
1225 519 789
1283 321 569
1334 1021 431
1375 66 68
1243 267 390
1579 1923 107
1310 930 214
1248 261 1632
1313 92 71
1340 1184 1278
1157 79 167
1266 64 79
1332 599 1182
1275 70 81
1212 484 687
1272 928 1192
1273 63 130
1326 462 697
1341 500 643
1020 63 296
1507 150 70
1066 102 993
1305 313 497
1357 189 102
1244 390 518
1188 442 661
1140 1343 1922
1424 671 511
1247 178 485
1126 69 134
1285 539 736
1257 441 869
1315 435 634
1302 129 98
981 103 331
1204 848 1118
1369 87 70
1475 67 75
1302 429 931
1305 411 727
1279 227 460
1370 615 70
1355 73 177
1235 520 379
1545 942 69
1523 73 68
1305 263 444
1368 1717 1838
1209 218 1013
1574 100 69
1111 69 89
1725 64 68
1214 356 696
1292 65 98
1204 63 71
1680 93 70
1195 69 576
1254 422 618
1321 306 632
1184 474 756
1278 123 77
1312 855 778
1215 336 455
1339 64 70
1244 452 558
1191 1584 1813
1223 490 1835
1235 852 71
1078 86 722
1084 68 262
1478 138 77
1120 70 225
1029 464 444
1568 421 151
1333 610 496
1325 331 596
1266 343 283
1338 354 344
1733 215 71
1724 66 72
1075 64 396
1252 76 549
1287 443 77
1285 375 640
1077 65 130
1338 63 118
1681 70 68
1245 222 81
1346 77 178
1210 129 425
1157 619 823
1272 330 630
1269 896 892
810 78 1923
1213 63 1737
1258 348 588
967 75 454
1283 68 114
1185 66 1751
1376 95 75
1199 76 107
1296 273 69
1272 71 337
1300 365 798
1277 153 239
1293 551 451
1113 362 816
1365 78 163
1128 63 242
1315 455 591
1548 101 109
1186 336 606
1359 64 135
1450 1922 271
1309 918 766
1348 65 428
1291 706 417
1323 429 74
1281 64 72
1028 128 95
1199 750 1486
1390 1462 650
1361 1081 142
1326 490 350
1171 62 164
1613 79 107
1245 365 571
1218 317 588
1249 63 667
1127 65 564
1336 64 75
1584 97 81
1327 442 663
1239 872 1675
1242 63 123
1302 361 1087
1094 63 123
1322 159 646
1325 422 522
1550 75 70
1372 288 91
1242 64 70
1326 485 180
1165 357 622
1199 515 712
1270 226 379
1104 685 1256
1492 745 187
1355 137 238
1227 459 801
1726 342 71
1316 475 577
1306 688 885
1312 65 74
1646 110 69
1148 64 81
1275 1092 85
1335 654 509
1354 1210 567
1284 886 840
1272 693 697
1245 313 340
1191 231 1779
1276 553 365
1011 111 1488
1218 133 71
1315 499 715
1449 535 77
1170 205 505
1265 4 1032
1318 64 73
1244 422 650
1155 338 533
1205 64 82
1148 766 988
1304 63 76
1200 746 1334
843 100 142
1240 544 468
1441 62 69
1313 526 615
1362 64 69
1304 485 1255
974 64 164
1365 556 729
1215 729 834
1230 460 752
1201 467 735
1281 65 77
1386 425 490
1237 275 466
1236 417 723
1355 64 249
1235 462 606
941 66 634
1584 66 72
1363 438 735
1400 67 70
1617 100 79
1258 190 602
1165 74 78
1226 298 504
1257 239 88
1424 130 75
1386 536 850
1517 94 68
1724 352 26
1108 63 94
1195 360 568
1204 64 160
1206 959 853
1290 457 365
1270 94 213
1298 410 343
1285 386 580
1300 510 546
1214 447 1101
1198 262 787
1203 359 807
1329 1137 830
1180 270 1520
1244 412 680
1558 113 175
1294 537 843
1280 531 742
1185 543 664
1311 530 784
1377 557 797
1246 296 520
1294 325 482
1220 236 519
1236 70 71
1218 414 883
1174 64 181
1299 81 381
562 126 314
1175 441 935
1244 793 1483
1146 542 1206
1292 571 667
1293 482 486
1132 66 190
1285 236 581
1140 338 615
1457 63 69
1302 237 646
1333 740 542
1094 165 750
1307 393 671
1248 68 244
1729 128 76
1378 147 92
1216 115 855
1140 147 376
1264 156 117
1213 628 1122
1373 80 170
1170 150 316
1163 64 76
1300 656 1145
1349 350 1923
1240 489 697
1273 305 654
1237 343 478
1203 306 632
1328 534 457
1176 562 716
1295 92 256
1221 509 710
1259 342 516
1329 789 387
1132 136 957
1168 656 1249
1070 68 96
1623 87 70
1218 489 963
1725 177 69
1142 612 999
1506 107 69
1294 64 70
1330 526 1165
1205 576 1425
1394 77 69
1339 165 177
1309 65 73
1260 316 692
1258 466 630
1164 878 937
1243 316 607
1664 64 69
1156 114 251
1653 140 137
1261 495 624
1184 563 1236
1250 334 508
843 88 643
1211 299 1092
1280 65 99
1253 215 147
1145 102 275
1728 305 133
1406 901 536
1377 816 237
1390 89 69
1725 93 70
1311 827 155
1201 331 589
1169 80 122
1171 550 837
1292 224 202
1212 478 1035
1435 612 183
1730 225 73
1269 86 70
1250 66 77
1305 635 620
1300 361 891
1011 66 273
973 84 108
1576 63 95
1725 113 71
1730 413 69
1365 125 69
1296 526 539
1204 518 611
1298 453 85
954 68 126
1214 436 1086
1108 64 95
1110 875 967
1261 596 493
1319 457 548
1307 551 740
1194 80 158
1253 64 282
1206 400 1453
1139 473 1139
1283 430 690
1239 72 117
1197 64 222
1227 142 585
1337 1227 669
1299 413 481
1180 683 725
1405 344 100
1162 271 674
1232 99 81
1304 317 437
1309 169 561
1294 152 78
1018 108 141
1626 256 69
879 69 132
1452 63 76
1215 78 164
1500 122 68
1237 690 408
1400 72 79
1481 304 83
1664 165 69
1324 705 302
1190 243 908
1293 799 581
1253 63 89
1268 66 102
1044 66 170
1303 287 661
1264 65 70
1231 546 483
1302 497 771
1288 244 477
1244 569 433
1251 358 775
EOM 97461 139164 2104 0 0 0 0 0 0 0 0 0
983 72 150
1725 414 72
1385 70 71
1187 63 191
1432 1593 112
1221 305 138
1290 792 1132
943 87 170
1278 175 70
1190 315 888
1236 496 1037
1213 563 1699
1182 543 892
1350 499 826
1244 134 86
1213 347 416
1294 589 542
1503 169 1644
1312 78 155
1194 287 1084
1318 477 501
1323 322 654
1305 625 549
1629 810 69
1344 65 109
1290 205 522
1298 1661 1654
1618 626 69
1524 231 61
1429 87 69
1217 151 730
1098 63 106
1348 531 891
1285 493 320
1404 133 72
1240 533 711
1228 264 979
1415 198 86
1264 738 69
1195 515 924
1292 67 77
1158 90 78
1300 525 655
1271 406 806
1299 65 134
1319 500 1137
1204 72 111
1246 335 578
1460 64 71
1731 122 69
1512 63 69
1245 561 591
1376 111 107
1320 595 1175
1272 248 384
1260 71 255
1316 432 1025
1447 125 69
1302 221 135
1359 66 151
1241 394 470
1289 72 128
1262 366 670
1350 591 877
1237 269 883
1238 365 479
1259 266 598
1295 308 622
860 77 271
1169 68 222
1206 553 1047
1159 70 608
1260 70 73
1353 66 69
1228 554 788
1731 221 80
1097 93 92
1261 368 833
1230 990 1124
1179 69 73
1135 676 596
1411 939 233
1265 474 495
1267 430 324
1422 110 126
1316 74 73
1233 210 472
1155 243 141
1275 63 69
1431 1862 72
1270 377 659
1403 532 577
1176 441 1344
1233 363 615
1284 614 897
1730 142 69
954 67 1921
1335 209 179
1728 272 69
1258 388 577
1452 1922 568
1273 284 490
1296 365 733
1221 107 732
1350 63 135
1266 1016 916
1371 70 73
1167 111 97
1292 717 768
1327 796 586
1256 1474 1396
1150 70 101
1264 66 72
1111 651 1922
1394 66 104
1261 586 872
1287 496 890
1144 63 277
1592 97 69
1217 884 798
1197 341 486
1337 702 632
1729 258 69
1535 351 90
1276 501 898
1199 558 670
1244 68 88
1243 518 869
1305 348 771
1245 64 314
1290 445 176
119 119 372
1216 574 868
1341 422 89
857 64 213
1272 140 111
1281 487 718
1451 83 68
1250 253 1084
1337 269 1101
1246 67 70
1259 258 586
1369 559 535
1271 332 600
1222 140 275
1220 64 82
1723 277 68
1727 177 70
1258 765 710
1265 84 88
1252 474 686
1311 636 751
1220 677 624
1324 701 437
1194 346 631
1259 63 175
1220 69 712
1274 741 492
1376 814 162
1275 639 591
1238 448 688
1393 232 69
1310 325 871
1340 535 737
1219 338 796
1296 663 706
1231 100 382
1325 791 958
1121 63 353
1136 698 934
1460 82 70
1678 136 69
1236 719 590
1377 1072 725
1534 126 73
1264 1019 822
1312 290 818
1635 774 637
1293 260 503
1363 741 939
1286 351 380
1183 123 71
1324 265 800
1284 974 766
1231 444 627
1282 757 78
1277 88 136
1143 572 1621
953 66 159
1243 939 815
1136 123 380
1328 409 563
1370 64 76
1300 65 108
1182 792 848
1153 67 359
461 127 235
1017 71 98
1414 526 313
1265 425 670
1200 755 1219
1245 193 454
1212 369 884
1150 68 958
874 93 593
1324 407 857
1724 156 71
1452 144 69
1235 642 1131
1345 881 405
1395 457 71
1292 437 805
1262 557 536
1418 732 211
1192 275 549
1209 66 439
1306 286 754
1234 333 902
1412 65 80
1301 189 346
1360 939 496
1214 92 101
1220 610 1391
1312 384 685
1530 89 77
1314 451 605
1296 405 816
1231 293 688
1239 592 654
1184 356 539
1270 407 599
1328 640 280
1234 598 819
1381 705 741
1316 447 794
1431 126 69
1248 105 272
960 67 201
1302 437 913
1307 209 511
1606 1104 424
1303 405 297
1307 823 599
1282 65 72
1253 439 690
1433 536 139
1205 121 237
1148 640 902
1238 620 711
1233 420 509
1306 432 714
1509 65 70
1270 391 707
1064 82 624
1232 308 565
1463 232 72
1435 85 123
1197 332 892
1282 1922 1303
1332 158 75
1354 715 1177
1226 338 291
1069 82 429
1115 66 88
1280 169 82
1300 730 978
1384 83 69
1232 141 1914
1370 63 106
1261 64 134
1298 299 651
1151 1519 1861
1310 502 558
1393 1602 646
1202 63 157
1322 428 745
1300 920 744
1277 119 88
1285 823 475
1301 266 449
1365 740 889
1471 77 69
1337 330 316
1145 95 79
1227 135 84
1299 226 456
1039 106 201
1331 65 71
1194 70 169
1159 67 272
1410 91 87
1200 456 714
1496 80 69
1217 1035 1584
1197 860 962
1287 707 425
1114 372 841
1179 503 881
1299 137 582
1424 217 76
1227 354 448
1273 1143 725
1282 598 1211
1220 385 737
1730 239 96
1305 973 767
1470 65 68
1300 358 619
1090 65 86
1313 68 260
1240 76 129
1203 64 101
1284 849 667
1193 335 324
1276 177 559
1289 468 810
1087 64 79
1119 67 88
1239 68 69
1230 64 282
1170 283 70
1167 452 1303
1192 306 1301
1276 509 387
1244 507 958
1184 147 96
1496 253 72
1725 65 69
1194 91 190
1299 332 528
1000 76 171
1045 65 119
1223 370 645
1244 346 595
1279 245 873
1415 63 92
1325 397 554
1141 74 143
1332 549 422
1265 487 433
1267 313 663
1293 168 417
1212 163 125
1727 236 69
1291 537 549
1305 794 542
1186 195 672
1309 674 334
1266 276 333
1282 119 71
1253 288 584
1136 92 1196
1264 242 549
1539 149 70
1238 439 688
1205 119 80
1422 174 85
1257 1082 931
1285 808 254
1353 504 831
1242 322 785
1313 632 1000
1143 63 218
1117 81 117
1268 743 749
1489 146 70
898 78 191
1329 1069 704
1245 97 483
1354 1034 492
1219 77 215
1168 426 693
1138 76 645
1361 366 776
1268 70 118
1300 716 443
1096 70 1921
1727 67 69
1261 205 1048
1247 125 1014
1642 235 69
1378 621 543
1460 925 1391
1363 770 1309
1298 614 566
1145 152 1425
1188 226 786
1253 610 1204
1183 287 115
1131 95 917
1237 363 558
1042 71 131
1236 512 641
1293 336 549
1283 537 485
1360 92 69
1180 417 975
1726 92 69
1298 592 376
1187 376 607
1368 686 1035
1317 385 703
1220 605 989
1316 667 444
1259 72 71
1365 672 778
1327 199 133
1180 67 161
1157 79 256
1152 508 1333
1207 861 1895
1725 65 69
1140 65 490
1031 64 294
1192 783 968
1347 79 69
1357 378 418
1181 63 232
1297 702 402
1333 257 113
1342 68 69
1427 124 89
1293 443 828
1230 553 1645
1304 622 752
1282 87 231
1233 262 623
1274 603 631
1259 598 848
1391 143 69
1123 80 245
1230 357 1840
1150 1227 1821
1217 750 512
1287 809 1005
1497 1038 269
1413 67 70
1173 345 427
1263 69 73
1373 547 464
1300 620 1168
1345 986 70
1221 584 1011
1345 368 598
1298 372 481
1317 240 741
1232 943 810
1247 870 746
1300 118 95
1657 63 70
1299 189 173
1182 635 860
1084 565 1684
1236 63 193
1222 498 759
1399 422 247
1306 79 257
1269 64 116
1264 547 552
1257 437 558
1125 73 483
1289 64 71
1523 105 69
1418 155 70
1230 63 77
1287 598 532
1731 82 73
1304 513 1071
1167 89 402
1341 1317 167
1355 85 85
1327 108 78
1278 343 114
1097 67 503
1191 386 673
1297 801 1016
1253 437 599
1295 272 848
1234 93 462
1271 462 507
1332 319 596
1161 348 496
1088 76 157
1257 386 603
1046 67 109
1292 145 133
1246 181 1074
1159 160 237
1129 87 1803
1261 416 548
1292 64 74
1272 312 820
1398 327 216
1267 283 656
1177 186 1775
1363 787 755
1320 70 70
1383 595 223
1233 683 861
1227 787 844
1259 361 704
1105 638 1025
1262 63 94
1125 64 163
1144 66 141
1329 1110 536
1216 242 469
1293 463 910
1245 643 743
1386 943 931
899 65 212
1725 78 78
1046 64 113
1611 63 70
1177 138 425
1196 451 701
1336 80 103
793 65 201
1184 556 1088
1330 76 149
1218 775 664
1254 227 646
1250 458 565
1283 401 840
924 94 160
1247 65 278
1236 726 1131
1257 389 1118
1340 459 557
905 74 134
1520 63 75
1085 214 1410
1398 275 90
1297 77 70
1233 64 81
1265 85 106
1251 585 1000
1197 271 614
1322 434 508
1196 65 122
1369 1458 948
961 73 122
1222 293 746
1279 458 460
1249 128 71
1265 401 619
1303 68 68
1353 323 522
1160 64 321
1487 1168 126
1264 477 499
1247 78 318
1348 321 964
1279 1079 1065
1325 639 742
1338 312 503
1425 285 103
1235 276 466
1218 293 1016
1728 269 98
1266 472 603
959 131 833
1242 647 473
1282 393 966
1662 351 69
1243 525 1086
1234 88 90
1715 334 80
1325 64 69
1646 679 71
1332 942 921
1112 433 1306
1286 1168 816
1633 726 70
1730 172 251
1067 97 1923
1174 117 977
1351 420 101
1378 67 70
1319 836 1123
1189 227 215
1251 862 1493
1207 183 140
1191 65 267
1123 514 910
1180 515 973
1216 69 71
938 124 895
1539 205 81
1115 74 102
1319 64 81
1290 789 458
1259 336 1387
1366 1822 438
1196 427 627
1495 1923 274
1191 351 1380
1261 425 1106
1123 96 1074
1278 499 440
1258 1034 390
1292 381 605
1385 98 430
1296 253 522
1255 573 727
1151 63 100
1140 569 635
1732 109 73
1236 476 660
1213 64 250
1187 1378 1515
1299 383 714
1336 392 454
1118 64 96
1147 556 879
1729 116 69
1316 263 619
1251 574 1696
1288 895 820
1272 529 839
1481 1905 79
893 74 175
1213 453 548
1215 697 1892
1227 612 602
1375 497 734
1095 64 329
1199 63 204
1198 227 114
1282 63 69
1730 167 150
1270 311 579
1338 588 986
1193 545 1299
1220 65 239
1194 492 726
1238 546 1083
1261 544 637
1150 674 1175
1305 66 70
1170 67 72
1194 306 961
1326 63 76
1339 125 134
1035 80 373
1297 569 621
1220 64 201
1303 468 676
1340 436 300
1253 219 452
1256 451 836
1131 67 150
1241 460 641
1222 66 73
1286 63 189
1404 789 800
1382 1683 208
1182 387 806
1259 561 542
1179 120 1144
887 65 116
1179 63 166
1353 678 607
1051 1660 1751
1198 639 468
1297 68 70
1270 282 794
1337 962 1673
1372 553 599
1289 109 280
1280 67 112
1312 441 838
1204 311 659
1185 477 1602
1546 866 71
1505 68 68
1238 455 819
1086 842 1857
1087 66 634
1325 64 131
668 124 227
1293 199 636
1224 67 82
1443 63 71
1489 60 71
1326 65 400
1216 79 168
1239 1346 1232
1261 519 433
1335 64 73
1402 65 82
1066 66 378
1208 378 542
1367 586 384
754 118 197
1303 501 535
1562 64 69
1270 458 888
1268 133 476
1726 88 71
1238 382 1201
991 67 105
1304 551 754
1706 306 69
1160 827 1323
1176 64 227
1240 64 1013
1378 664 1252
1731 125 92
1188 482 1041
1218 64 170
1253 588 1722
1291 134 108
1378 945 683
1339 66 70
1177 528 948
1400 95 75
1193 608 748
1559 109 68
1267 390 563
1082 688 1923
1166 148 741
1345 64 145
1351 931 234
1630 66 70
1275 940 755
1274 209 173
1193 110 359
1232 64 73
1639 126 69
1149 63 268
1278 730 1173
1478 65 74
1241 64 73
1396 612 166
1111 693 1910
1246 506 978
1203 63 235
1324 77 72
1270 1079 1601
1183 72 70
1406 1311 125
1292 236 709
1311 412 451
1258 519 754
1333 279 1202
1109 64 302
1289 219 130
1437 71 69
1161 1050 1564
1372 71 70
1323 211 320
1157 414 829
1401 1111 705
1237 324 613
1365 235 72
1164 131 474
1196 213 405
1577 1062 77
1235 534 832
1569 63 73
1619 267 77
1224 921 1225
1268 694 429
1248 313 507
1251 842 414
1312 551 502
1372 931 484
1373 84 71
1163 299 1076
1018 64 125
1149 93 227
1258 340 651
1290 667 872
1223 515 1923
1335 406 405
1138 68 130
1070 122 1758
1271 598 368
1043 70 133
1550 460 97
1146 166 973
1477 161 202
1267 209 680
1284 96 96
1149 425 1291
1360 168 75
1321 365 334
1250 240 450
1252 242 349
1234 120 136
1188 257 657
1248 63 236
1295 351 73
1287 66 72
1187 282 799
1697 72 100
1433 728 69
657 65 188
1321 95 71
832 74 208
1621 63 68
1332 471 479
1407 64 68
1360 751 726
1336 76 73
1336 368 636
1271 91 201
1303 513 1061
1273 425 647
1167 77 320
1249 137 78
1188 449 952
1298 517 1429
1252 506 1117
1211 215 131
1150 433 1244
932 65 189
1266 903 792
1544 621 84
1204 72 108
1224 609 854
1351 132 69
1335 250 523
1386 979 931
1261 351 765
277 154 355
1127 69 144
1516 66 75
856 78 550
1265 467 949
1248 274 638
1304 862 382
1203 850 1561
1222 477 679
1421 195 71
1335 78 69
1363 578 475
1257 303 362
1246 337 338
1291 73 95
1195 337 636
1226 361 1321
1477 158 70
1184 72 366
1163 68 80
1274 291 498
1508 145 74
1322 465 587
1297 549 636
1271 348 620
1486 99 70
1350 66 115
1191 582 526
1213 435 785
1297 571 255
1220 178 657
1263 802 126
1434 174 69
1217 605 871
1142 632 1623
1338 1096 392
1245 507 676
1176 83 118
1575 218 71
1368 1921 226
1265 529 407
1163 696 1384
1270 59 650
1283 118 85
1500 681 73
1405 82 70
1186 71 365
1191 606 1128
1217 385 487
1373 64 69
1303 496 217
1264 691 603
1222 94 347
1293 402 265
1235 63 77
1165 64 507
1409 65 140
1295 104 432
1230 463 548
1729 1923 73
1344 284 75
1249 505 807
1270 454 605
1723 68 70
1034 68 221
1228 420 709
1099 64 182
1283 444 492
1312 630 699
1727 99 69
1133 66 983
1133 620 1087
1244 769 791
1260 1490 596
1729 87 69
1225 63 931
1266 724 486
1337 438 489
1212 1232 1531
1157 72 170
1381 397 811
1324 719 1018
1250 276 580
1278 497 609
1338 902 575
1151 379 1921
1444 108 69
1225 145 420
1230 522 306
1305 508 628
1330 76 79
1301 68 106
1304 449 643
1279 68 84
1190 64 176
1273 120 212
1205 829 1537
1235 560 1000
1325 377 681
1435 383 69
1274 233 185
1343 264 332
1227 80 129
1261 64 79
1213 409 1092
1239 283 327
1347 66 100
1486 158 73
1288 92 70
1422 364 70
1722 66 70
1729 64 76
1416 909 665
1231 355 707
1213 130 699
1312 1922 1012
1190 500 109
1259 706 773
1283 959 1371
1056 64 136
1350 685 851
1162 445 1077
1340 996 420
1311 865 930
1276 346 607
1243 76 228
1060 89 444
1347 162 70
788 100 150
1724 166 70
1188 417 545
973 64 331
1292 454 383
1345 129 83
1197 66 72
1215 436 307
1362 943 178
1305 515 619
1252 313 437
1369 68 71
1254 164 99
1427 340 387
1346 802 949
1273 74 69
1240 649 1138
1161 64 413
1264 342 535
1325 524 878
1032 82 125
1146 81 1880
1226 520 710
1305 65 84
1307 1720 1424
1140 240 1870
1727 187 69
1330 521 536
1393 199 106
1150 432 615
1296 69 195
1422 71 83
1192 163 425
1349 302 567
836 107 635
1717 64 69
1254 1499 1273
1336 536 876
1308 864 842
1259 355 1587
1276 460 747
1216 455 1019
1347 716 656
1326 63 69
841 66 1525
1331 557 535
1221 400 949
1223 356 675
1027 71 250
1287 259 621
1066 64 179
1393 120 99
1293 542 814
1024 178 1836
1229 234 313
1015 71 91
1121 71 106
1107 64 77
1302 675 661
1491 826 69
1157 288 1330
1399 64 69
1257 890 910
1153 324 732
1302 221 264
1248 466 1016
1191 65 70
1145 64 380
1262 436 686
959 69 229
1354 799 1146
1269 845 122
1150 749 1062
1076 75 86
1113 534 1091
1306 145 261
1284 611 463
1311 63 94
1337 89 81
1235 65 176
1403 472 284
1270 674 425
1240 428 1083
1229 438 1163
1415 231 69
1202 973 1331
1246 650 960
1301 795 717
1314 935 1105
1271 765 39
1240 710 1875
1216 64 80
1241 64 1028
1361 562 561
1254 522 567
1362 599 848
1336 487 903
1476 339 806
1203 121 72
1205 302 542
1187 65 188
1317 67 86
1278 370 1211
1275 482 694
1323 695 377
1725 68 69
1275 773 1172
1319 145 318
1391 73 69
1253 516 530
1354 420 918
1496 213 68
1340 440 497
1559 92 69
1074 270 1388
1255 70 70
1186 931 1038
1339 140 76
1399 153 158
1357 139 69
1294 99 83
1321 273 69
1322 720 905
1341 64 155
1145 1165 975
1281 332 607
1168 1266 805
1169 83 840
1340 483 527
1203 483 565
1262 340 450
1197 778 1191
1168 1449 1739
1333 117 86
1296 199 122
1259 389 538
1277 428 567
1287 464 1390
1253 604 966
1265 84 261
1304 600 997
1723 69 69
1322 382 767
1345 948 696
1286 501 672
1240 68 339
1362 660 438
971 68 1801
1272 359 744
1591 72 72
1262 464 683
1256 126 797
1292 488 783
1188 351 742
1338 111 180
1301 722 507
1280 359 739
1231 618 1149
1306 537 733
1511 64 69
1236 441 418
1256 437 518
1460 87 90
1266 328 378
1327 548 907
1148 76 448
1485 174 84
1305 172 117
1220 484 1462
1207 580 851
1425 63 70
1378 711 313
1468 65 76
1504 160 70
1285 485 730
1277 505 715
1291 244 144
1295 671 829
1224 908 1166
1136 63 79
1209 89 140
1301 126 117
1266 722 618
1731 188 72
1000 97 926
1282 851 69
1299 297 351
1368 302 1206
1174 71 1064
1499 1059 171
1274 210 81
1240 454 1542
1477 68 90
1227 445 821
1221 333 292
1567 64 70
1185 482 1047
1571 113 157
1330 1562 1604
1242 1133 1497
1464 597 69
1329 105 104
1414 923 115
1214 102 382
1196 64 257
1229 460 1398
1322 524 672
1241 293 778
1213 77 86
1730 139 69
1160 198 171
1359 875 1290
1346 675 119
1241 545 417
1203 295 1035
1295 85 72
1361 501 678
1191 274 1153
1375 723 235
1276 1006 1272
1434 796 738
1340 660 260
1342 1850 576
1021 77 147
1313 736 616
1295 444 534
1231 226 508
908 76 130
1073 37 76
1177 523 14
1194 63 94
1351 431 1269
1219 592 832
1247 75 533
1441 94 69
1166 220 541
1313 1382 875
1533 73 74
1166 325 977
1349 96 69
1126 72 400
1340 450 765
1329 441 421
1727 317 86
1440 160 71
1381 387 508
1380 455 449
1245 216 535
1320 626 495
1300 88 716
1328 63 292
1335 65 162
1104 75 196
1123 65 156
1319 274 944
1227 64 375
1209 82 74
1225 415 746
1152 399 97
1167 431 499
1368 1066 919
1337 1686 70
927 79 125
1234 68 76
1368 97 139
1063 66 137
1198 68 71
1186 216 655
1294 1323 826
1243 1460 892
1235 901 822
1661 247 105
1093 110 98
1188 307 828
1240 75 78
1686 81 68
1243 66 230
1259 63 70
1200 1021 761
1285 240 340
1275 359 731
1323 202 96
1289 438 652
1229 303 1331
1040 66 190
1213 632 419
1258 665 1683
1375 97 73
1377 83 69
1258 193 141
1219 775 1098
1285 263 149
1359 536 777
1273 512 656
1148 67 135
1219 386 683
1625 238 84
1183 275 1772
1297 461 427
1440 79 109
1304 350 509
1127 65 87
1142 75 1440
1722 85 69
1249 460 693
1271 122 123
934 70 323
1163 441 292
1225 631 883
1264 934 821
1232 339 715
1481 126 102
1224 314 613
1437 147 73
1280 386 646
1181 731 406
1358 312 339
1241 120 139
1522 1023 86
1281 566 927
1201 1084 1728
1273 88 71
1416 114 69
1269 534 542
1206 601 1086
1259 124 72
1225 517 775
1177 76 276
1273 75 171
1183 279 628
1729 185 69
1273 568 469
1194 237 782
1179 65 484
1677 90 69
1729 73 79
1336 177 154
1204 837 377
1417 1337 559
1279 73 73
947 86 977
1435 475 69
1496 1746 118
1280 560 1230
1238 465 1181
1125 607 951
1235 312 941
1169 722 1716
1353 259 555
1224 502 752
1147 257 123
1286 584 597
1336 518 102
1465 1922 1339
1314 346 708
1301 641 633
1161 671 953
1461 159 70
1122 63 196
1303 1182 869
1158 876 860
1211 446 1040
1268 65 72
1138 64 121
988 167 983
1366 65 121
1234 279 695
1258 459 929
1302 865 326
1285 295 391
1583 70 78
1254 565 607
1196 21 416
1313 1320 460
1351 263 70
1265 63 331
1250 300 701
1231 64 70
1053 129 1159
1165 63 270
1198 956 1922
1022 82 1184
1210 524 891
1134 411 970
1240 430 1201
1499 63 68
1268 65 77
881 86 484
1258 506 524
1203 64 79
1106 186 936
1033 65 234
1416 773 251
1307 680 386
1223 480 678
1549 226 69
1192 347 479
1299 841 1249
1301 483 642
1343 984 736
1346 122 559
1409 63 70
876 73 186
1097 64 102
1220 63 93
1237 73 269
1430 864 69
1216 315 782
1324 451 648
1119 352 1267
1360 66 73
1516 66 70
1480 71 72
1327 485 576
1445 215 70
1221 65 169
1236 786 1633
1444 75 69
1250 241 1380
1338 75 71
1240 244 694
1198 380 834
1404 87 116
1341 353 950
1394 160 79
1297 874 1861
1288 353 551
1248 1265 925
1416 596 720
1280 504 596
1062 66 979
1193 500 758
1196 545 1055
1291 531 548
1269 171 112
1290 516 527
1580 144 69
1236 276 127
1298 563 718
1383 77 72
1300 126 226
1234 64 212
1182 537 743
1204 423 1137
1482 104 68
1280 63 81
1243 65 70
1282 537 596
1224 88 126
1347 696 609
1327 278 496
1191 74 163
1247 93 401
1252 182 765
1322 320 750
1265 558 877
1262 1921 1921
1272 381 620
1359 1309 1512
1447 400 441
1107 1921 1921
1263 527 486
829 70 934
1281 106 261
1286 547 284
1200 404 311
1220 729 1140
1552 76 76
1268 86 108
1307 298 420
1204 572 1215
1381 264 167
1390 90 83
1235 634 1184
1192 76 179
1384 755 1001
1155 65 343
1195 651 697
1310 608 837
1209 508 1043
1594 1921 88
1176 1279 246
1294 82 174
1085 88 102
1253 262 1051
1182 380 730
1213 65 84
1297 569 510
1219 69 95
1156 308 1921
1492 1047 726
805 75 252
1192 432 707
1374 1268 874
1111 384 1630
1239 309 718
1331 348 247
1313 225 370
1495 1923 72
1304 380 372
1236 546 646
1141 65 91
1320 590 878
1167 91 348
1536 128 72
1258 541 382
1472 82 69
1214 431 1014
1160 740 776
1171 194 197
1619 1921 140
1121 70 118
1186 80 198
1108 68 158
1483 99 69
1255 471 868
1409 63 183
1104 87 142
1446 1297 1141
1223 73 293
1361 326 496
1383 151 81
1287 1125 486
1034 114 1541
1138 165 845
1255 424 151
1252 271 586
1228 390 459
1164 724 1227
1342 427 448
1166 295 74
1229 815 883
1267 687 1218
1331 170 187
1498 83 68
1240 85 78
1729 175 72
889 92 351
1179 280 593
1128 71 193
1256 543 666
1727 87 70
1334 511 580
1199 79 562
1343 667 753
1349 1217 1482
1182 551 821
1323 345 334
1315 63 240
1265 272 1008
1243 420 692
1048 79 108
1226 446 486
1622 82 68
1186 89 130
1325 278 453
1305 340 596
1317 278 623
1274 539 723
1359 631 438
1367 835 588
1344 63 69
1725 591 70
1139 759 907
1207 274 596
1225 198 515
1091 64 263
1287 389 801
1188 80 75
1343 617 462
1280 366 447
1246 355 554
1158 63 72
1149 64 95
1334 826 662
1302 967 990
1172 493 319
1240 123 73
1203 100 139
1382 215 69
1212 865 1359
837 72 181
1226 577 707
1261 554 879
1036 92 136
1255 518 638
1254 67 69
1341 519 676
1270 765 526
1171 134 82
1073 75 1661
1065 64 151
1132 737 875
1434 79 69
1280 613 786
1296 438 673
1228 410 411
1407 114 102
1646 300 69
1143 694 728
1289 623 751
1280 71 82
1267 945 1391
1730 174 136
1368 84 102
1324 320 523
1290 369 455
1260 749 1887
1508 76 70
1329 368 218
1222 333 346
1506 189 80
1397 1118 749
1343 138 84
1630 142 70
1329 444 554
1263 588 1218
1272 454 743
1488 80 134
1564 197 75
1298 373 250
1283 456 925
1277 263 434
1183 63 199
1313 498 675
1409 218 162
1266 419 682
1290 298 427
1172 1080 1339
1327 439 788
1417 72 130
1305 769 137
1390 886 887
1255 452 426
1226 517 1050
1242 1296 1262
1178 203 167
1339 775 1150
1240 76 783
1570 64 70
1198 489 1241
1573 628 81
1534 224 89
1300 499 621
1412 882 1055
1253 481 409
902 123 143
1691 71 74
1317 76 76
1170 351 1053
1204 298 658
1501 153 97
1313 704 555
1175 784 837
1280 917 773
1283 78 88
1217 440 437
1175 604 1276
1071 69 177
1393 898 529
1225 284 561
1265 112 78
1156 719 944
1247 518 904
1245 72 69
1228 65 1052
1163 67 282
1729 84 69
1342 68 69
1243 126 405
1141 63 386
1265 543 845
1354 621 645
1355 396 195
1379 114 241
1209 67 97
1189 1922 1561
1268 570 716
1390 65 72
813 74 156
1259 96 69
1227 65 87
1258 1922 684
1407 65 71
1584 900 84
1132 67 379
1568 1923 70
1404 66 69
1295 440 831
1254 705 864
1214 226 480
1349 63 89
865 86 591
1161 64 396
1442 99 75
1442 66 68
1220 64 214
1327 653 430
1241 64 110
1316 107 78
1235 698 800
1193 561 981
1239 455 330
1393 66 75
1292 467 548
853 99 221
1110 64 114
1283 583 381
1731 92 71
1266 1068 1004
1232 363 785
1299 1921 1921
1210 427 611
1061 73 1091
1222 491 869
1300 375 380
1271 537 551
1255 388 496
1420 63 81
1310 118 152
1381 451 70
1182 523 608
1318 74 152
1453 67 69
1194 84 72
1285 481 793
1213 713 1798
963 1226 1631
1350 381 581
1171 605 858
1060 66 117
1270 167 142
1344 580 672
1297 643 693
968 75 163
1413 328 204
1266 632 1149
1164 75 113
1107 63 1923
1105 68 77
1094 70 103
1323 64 128
1202 618 795
1246 701 1054
1198 576 639
1183 322 742
1269 648 215
929 72 293
1241 64 375
1004 76 140
1186 415 1333
1261 362 432
1725 111 69
1031 74 107
1274 473 407
1167 781 1757
1346 644 885
1137 67 381
1062 234 1632
1237 113 1448
1271 567 1558
1212 673 732
1721 74 69
1731 1348 70
960 65 229
1432 591 333
1323 426 636
1170 66 590
1730 123 71
1359 88 69
1342 64 92
1281 437 624
1274 462 827
1237 349 626
1310 705 775
1066 110 114
1228 242 202
1269 988 627
1442 143 82
1213 368 599
1260 380 720
1214 92 222
1300 63 901
1250 269 650
1229 392 1116
1296 1015 815
1170 80 146
1174 161 185
1527 99 70
1083 258 1923
1607 70 71
1188 190 212
1278 408 545
1195 830 891
1444 1593 677
1286 153 88
1259 738 722
1270 134 354
1518 418 236
1215 613 561
1185 378 660
1293 68 70
1178 205 527
1244 99 80
1492 91 80
1564 1923 69
1150 63 339
1295 392 596
1224 79 70
1342 253 701
1230 64 146
1041 98 94
1124 66 305
1222 614 570
1246 67 72
1237 475 344
1324 90 71
1206 73 73
1190 64 367
1266 80 180
1438 77 73
1254 63 96
1340 69 139
1316 1591 511
1729 230 69
1371 1113 505
1278 461 624
1027 892 1655
1342 352 853
1275 386 459
1261 89 123
1128 65 624
1077 189 1244
1355 1716 543
1346 355 97
1169 302 611
1176 66 83
1331 90 93
1301 455 927
1273 69 152
1348 265 167
1248 548 420
1185 543 842
1200 391 793
1241 503 605
1651 104 70
1282 339 399
1038 64 89
1375 83 69
1008 1857 1821
1294 264 80
1194 1086 841
1387 178 90
1289 378 364
1274 179 74
1252 547 1200
1304 110 146
1287 475 423
860 90 1188
1245 96 72
1266 480 579
931 77 119
1335 628 656
1229 826 1229
1518 352 78
1244 64 70
1302 308 490
1719 341 79
1294 751 915
1199 711 1060
1418 226 97
1251 2 1542
1292 948 876
1180 133 158
1268 491 634
1286 280 503
1288 72 70
1291 337 499
1088 63 372
1177 255 785
1384 403 471
1229 855 1067
1192 374 825
1317 780 1078
1479 369 69
1210 436 686
1520 65 86
1365 631 69
1730 207 69
1343 68 77
1243 1058 534
1213 524 794
1219 574 770
1283 785 1175
1732 91 69
1379 714 323
930 90 1694
1207 300 752
1532 65 131
1188 215 693
1216 64 331
1436 64 92
1528 105 170
1657 180 70
1269 405 772
1155 267 832
1135 558 1008
1255 734 1338
1044 70 97
1203 377 552
1271 292 459
1241 121 476
1322 349 714
1375 477 420
1326 1022 423
1275 362 588
1288 1030 538
1319 600 332
1115 65 1265
1197 442 659
1240 63 92
1370 63 97
1358 841 817
1217 64 77
1196 1212 1711
1558 641 264
1373 761 891
1099 64 317
1252 63 94
1646 112 76
1734 102 82
1283 87 142
970 524 1754
1305 396 677
1197 68 71
1226 474 135
1227 154 404
1499 171 90
1238 238 457
1237 66 73
1353 879 611
1190 262 1055
1405 365 71
867 75 275
1240 389 498
1223 383 684
1253 75 70
1114 64 102
1294 397 542
1230 244 517
1263 733 772
1379 65 68
1176 483 1548
1298 313 969
1186 64 89
1001 78 103
1238 329 512
1285 1788 724
1303 893 538
1325 1278 705
1215 70 83
1208 736 1300
1266 754 961
1399 82 70
1281 539 7
1277 178 665
1373 621 619
1649 448 70
1224 603 1160
1248 1921 1921
1257 70 78
1609 64 70
1305 608 900
1285 404 716
1391 1574 513
EOM 94919 137910 1999 0 0 0 0 0 0 0 0 0
1250 387 678
1548 104 69
1111 82 709
1277 63 70
1285 470 565
1521 138 75
1219 287 666
1268 343 1365
1129 229 678
1263 422 995
1286 610 683
1344 422 299
1625 896 69
1376 459 637
1499 400 101
1375 164 69
1091 63 307
1240 383 77
1301 310 702
1633 82 74
1535 307 68
1240 783 1129
1359 69 73
1203 74 323
1311 659 498
1328 209 734
1267 627 900
1200 64 194
1504 65 112
1276 932 849
1232 435 759
1682 63 69
1533 63 67
1342 77 69
1729 163 70
1237 611 812
1213 512 400
1040 101 88
1354 106 132
1094 69 436
1109 74 227
1076 64 318
1162 324 623
1383 118 80
1319 544 907
1555 119 69
1177 258 1100
1295 64 119
1162 63 415
1174 354 761
1234 68 70
1234 1477 805
1385 115 70
1271 614 943
1164 65 100
848 77 163
1186 414 588
1214 492 525
1255 330 757
1287 343 461
1214 455 1014
1244 696 1155
1205 64 71
1246 282 514
1212 702 975
1282 673 1123
1194 267 1075
1274 67 141
1250 520 1121
1560 65 68
1127 244 1509
1306 493 783
1233 519 806
1091 180 111
1229 622 1372
1217 93 72
1241 239 424
1648 140 69
1215 83 86
1409 64 82
1338 66 126
1538 1923 111
1321 165 70
938 74 421
1374 580 1055
1218 320 138
1235 687 707
1298 258 468
1398 848 206
1594 175 69
1209 321 665
1212 298 475
1221 466 603
1380 409 227
1230 364 597
1258 1098 958
1342 157 596
1274 435 773
1177 373 1585
1728 825 68
1203 1605 703
1183 360 729
1477 77 718
1308 684 830
1240 80 72
1328 459 319
1164 102 279
1036 68 107
1234 462 415
1220 430 550
1242 448 900
1173 64 99
1729 261 69
1308 403 492
1292 269 794
1206 543 494
1257 442 474
1246 695 888
1307 65 83
1390 192 80
1309 77 74
1346 868 879
1089 64 89
1211 755 1427
1533 195 70
1724 64 84
1339 536 837
1186 64 95
1387 814 1080
1169 533 491
1159 445 866
1174 245 798
1217 293 626
1188 119 249
1259 64 282
1274 443 647
1373 121 233
1250 385 724
1288 325 437
1163 69 617
1253 421 855
1449 64 76
1148 714 1149
1237 415 537
1553 1324 69
1203 423 791
1335 526 438
1383 1831 269
1365 68 69
1228 336 831
1147 103 963
1170 318 909
1111 363 920
1278 324 696
1432 1531 387
1302 493 789
1681 97 84
1100 66 165
1310 606 661
1046 71 783
1309 331 320
1386 97 80
1237 373 1052
1179 736 1317
1481 64 119
1323 894 231
1241 230 226
1167 429 1242
1205 89 115
1214 65 199
1583 64 69
1217 405 819
1281 73 75
1338 65 37
1259 535 828
1512 203 69
1278 63 417
1240 504 1079
1353 883 665
1364 1283 107
1363 526 561
1256 665 655
1255 252 75
1286 342 356
1081 663 1353
962 86 893
1250 389 879
1201 75 368
1283 722 1083
1300 594 834
1171 423 1088
1309 379 579
1297 90 70
1298 76 105
1302 635 703
1299 280 834
1210 440 538
1224 416 639
1209 231 128
1301 64 76
1301 187 69
1242 373 588
1187 378 463
1310 865 1525
1461 259 69
919 76 211
1294 63 70
1086 63 81
1353 527 505
664 109 607
1379 186 69
1222 494 628
1270 331 567
1297 522 889
1277 224 624
1418 656 570
1114 64 208
961 82 189
1194 639 1248
1245 493 761
1616 795 70
1202 64 83
1185 85 97
954 84 431
1305 264 307
1264 324 431
1275 662 776
1238 329 578
1136 648 899
1408 190 69
1307 402 509
973 80 311
1226 97 102
1317 100 100
1236 388 709
1134 66 103
1696 1191 77
1409 67 84
1318 674 426
1262 365 566
1029 71 189
1273 604 1122
1271 127 45
1041 111 97
993 72 218
1280 271 693
1733 132 90
1283 495 1005
1265 501 1107
881 86 181
1330 210 437
1502 91 69
1318 587 278
1274 64 77
1249 147 759
1186 1067 1193
1218 222 83
1334 188 715
1223 192 586
1310 125 433
1502 78 69
1588 86 68
1200 532 962
1341 475 282
1331 76 101
1411 685 830
1158 336 730
1178 379 648
1729 490 69
1210 260 651
1230 835 819
1170 105 156
1323 555 485
1348 1508 510
1292 1127 1789
1103 63 544
1163 404 1909
1237 349 390
1108 393 936
1235 393 594
835 119 189
1182 64 387
1127 618 1011
1305 750 1468
1230 313 795
1241 353 800
1198 696 913
1279 786 1779
1422 1061 1234
1188 566 420
1146 336 1564
1293 304 529
1395 119 69
1102 85 332
1264 455 207
1325 1544 707
1331 725 735
1316 518 421
1107 88 123
1246 312 542
1699 108 72
1322 519 527
939 112 213
1602 277 82
1359 135 95
1285 912 69
1307 75 92
1168 90 212
1727 85 113
1144 64 450
1215 535 750
1249 349 1089
1162 351 827
1325 617 362
1616 65 69
1302 707 613
1307 779 1345
865 64 281
1304 625 428
1354 290 412
1212 416 574
1195 954 717
1315 522 470
1236 1461 1878
998 65 135
1328 72 77
1354 398 638
1294 408 412
1191 1053 1759
1330 557 552
1311 63 68
1282 90 178
1266 1504 946
1492 515 106
1286 389 744
1250 105 125
1150 298 952
1174 537 518
1357 232 70
1211 66 625
1245 702 697
1265 270 851
1323 75 231
1348 86 201
1178 528 1111
1216 689 1041
1124 588 598
1020 121 1352
1183 1328 1688
1310 553 768
1337 242 544
1350 462 264
1360 224 468
1301 229 69
1215 63 230
1246 467 569
1695 64 68
1292 750 754
980 63 460
1242 705 734
1398 76 69
1441 344 208
1215 581 464
1323 679 644
1227 1280 1485
1213 179 305
1333 73 230
1340 104 99
1169 65 87
1262 562 597
1294 599 801
1220 498 825
1459 84 70
1315 69 86
1636 68 69
1263 791 1182
1203 333 1055
1368 584 686
1317 63 72
1354 65 71
1216 409 422
1032 65 342
1058 65 85
1330 780 85
1025 69 220
1156 287 1332
1116 417 1067
1481 63 189
1202 65 128
1201 1199 1000
1242 265 383
1131 599 955
1179 65 502
1208 545 1610
1353 84 69
1438 852 303
1311 687 552
1104 147 982
1153 492 1045
1292 479 1044
1242 213 127
1291 758 1248
1287 548 1166
1481 85 76
1209 213 490
1433 69 71
1437 198 74
1442 78 69
1165 63 137
1326 220 70
1202 485 873
1122 78 156
1307 445 595
1360 932 144
846 65 193
1442 176 70
1227 351 697
1300 542 739
1296 187 339
1186 118 149
1319 878 622
1244 468 818
1439 72 162
1283 527 832
1207 662 640
1309 285 661
1120 472 795
1235 63 75
1183 938 1466
1431 555 401
1189 104 74
1128 67 125
1187 581 1006
1044 55 1114
1277 708 610
1290 292 901
1727 191 80
914 108 112
1238 74 342
964 74 218
1303 339 781
1288 536 658
1117 84 254
1224 441 552
1609 68 207
1328 168 73
1200 252 623
1240 1056 626
1043 142 1923
1728 98 71
1207 434 1520
1202 407 714
1337 622 797
1281 79 91
1327 394 619
1282 471 877
1305 593 929
1161 434 742
1264 303 700
1318 519 666
1335 143 69
1291 69 86
1233 205 478
1212 97 75
1229 414 653
1117 63 216
1344 1214 261
1250 86 108
1197 492 713
1206 158 835
1255 474 1354
1176 689 778
1731 298 102
1662 64 70
1087 63 82
1318 405 662
1301 357 683
1168 64 201
1313 1072 700
1371 146 69
1363 98 70
1251 516 542
1298 766 611
1132 74 277
1281 191 423
1247 297 846
1103 63 187
888 79 363
1185 330 866
1149 1420 1005
1261 342 694
1370 84 75
872 68 182
1657 624 92
1257 238 677
1082 65 93
1109 63 574
1276 1598 860
1322 87 71
1122 84 1921
1289 113 130
1354 574 474
1235 592 426
1254 496 1022
1272 372 461
1502 66 69
1355 536 189
1275 420 799
1261 339 93
1188 209 73
1223 423 891
1384 936 452
1393 94 258
1206 432 681
1235 63 953
936 76 1569
1160 73 167
1422 349 70
1116 169 742
1167 456 1356
1227 107 735
1270 532 925
1231 409 388
1298 782 768
1472 846 167
1380 103 160
1177 64 80
1312 307 684
1252 587 1167
1427 96 73
1338 557 372
1289 1054 274
1228 783 407
437 159 662
1174 194 1921
1197 191 273
817 72 374
1098 891 1922
1305 385 522
1163 87 173
1357 1659 1906
1174 76 126
1369 545 70
1247 297 355
1189 73 78
1028 900 1633
1228 311 575
1259 322 540
1253 638 271
1245 153 557
1446 99 69
1290 478 1051
1209 533 1275
1256 78 174
1435 66 69
1256 257 696
1217 544 850
1294 1104 937
1166 671 744
1267 284 439
1177 69 135
1357 308 71
1201 509 1245
1008 67 557
1118 107 124
1326 473 761
1173 360 659
1150 66 97
1354 648 550
1291 419 639
1253 290 598
1306 464 464
1597 120 68
827 104 162
1156 113 467
1238 65 75
1357 70 80
1542 1921 1921
1191 98 93
1090 74 97
1248 443 643
1256 421 844
1189 110 412
1081 64 161
1280 321 342
1140 63 169
926 97 162
1392 318 545
1165 348 1411
1328 110 69
1239 365 761
1249 478 997
1265 376 428
1154 63 343
1231 349 807
1330 474 333
1270 238 605
1483 112 138
1428 791 359
1109 79 92
1279 419 615
1216 984 474
1348 108 188
1298 548 558
1207 68 74
1727 158 68
1329 169 71
1264 341 457
1176 292 519
1242 397 437
1374 228 996
1214 77 203
1236 94 275
908 67 387
1251 422 548
1321 280 222
1346 735 528
1184 379 822
1311 879 1224
1243 65 70
1421 102 69
1200 344 449
1207 312 622
1254 394 277
1129 64 393
1176 506 593
1271 394 470
1183 64 247
1266 365 1049
1340 444 652
1729 121 69
1149 329 670
1414 586 112
992 73 209
1584 87 73
1185 79 355
1141 949 870
1192 298 251
1299 817 294
1195 173 792
1167 69 236
1149 70 156
1219 165 211
1318 72 68
1164 344 673
1320 641 621
1233 443 418
1212 747 1202
1252 357 516
1218 567 1923
1264 532 854
950 85 112
1215 382 837
1119 78 1781
1197 304 616
1286 180 568
1161 72 325
1489 1043 78
1589 92 151
1326 75 75
1417 593 929
1236 64 107
1305 652 721
1282 64 71
1162 429 1107
1196 340 765
1703 75 69
1241 619 628
1297 230 405
1247 69 557
1025 86 1020
1442 538 132
1294 627 963
1212 612 1047
1294 294 435
1354 1922 585
1331 368 769
1196 65 304
1313 65 114
1224 410 351
1237 349 765
1244 552 949
1124 63 128
1230 158 408
1066 65 79
861 82 140
1239 597 904
1200 64 72
1287 74 73
1272 69 82
1074 66 524
1348 1628 1805
1244 474 495
1247 104 344
1433 7 69
1264 66 72
1458 63 70
1257 591 912
1191 332 906
1246 1289 1684
1535 65 69
1164 441 1052
1246 469 872
1167 357 829
1153 460 1923
1437 536 215
1302 636 840
1724 237 69
1261 115 140
1730 725 71
1309 111 133
1125 406 802
1209 116 177
1385 788 1395
1320 275 78
1415 72 69
1326 490 385
1232 293 549
1243 921 860
1156 435 580
1272 398 947
1694 286 71
1244 63 69
1204 606 477
1212 100 145
1354 557 817
1158 72 71
1266 349 753
1347 423 584
1256 906 107
1286 409 906
1181 677 487
1312 825 761
1311 735 789
1175 258 560
1148 636 1526
1183 356 1921
1231 74 418
1319 524 784
1271 271 462
895 74 141
1240 734 961
1292 504 840
1267 436 693
1205 66 380
1227 1094 1392
1540 126 69
1292 63 581
1273 64 117
1194 79 110
1281 420 701
1278 332 362
1302 487 617
1602 141 235
1386 221 116
1115 64 103
1132 66 139
1072 355 1921
1317 566 1204
1294 88 324
1547 66 69
1250 82 76
1319 642 574
1154 401 766
1294 682 993
1565 116 86
1314 385 1207
1114 63 331
1735 124 80
1351 63 69
1215 84 115
1357 260 72
1239 386 623
1146 564 1791
1364 72 192
1240 378 547
1236 64 102
852 71 223
1197 409 775
1274 1848 1896
1191 424 671
1305 353 698
1284 371 498
1240 488 774
1149 7 651
1356 103 94
1405 1099 421
1354 785 1285
1289 426 748
860 84 169
1361 115 74
1253 694 1203
1319 439 697
1236 41 371
1244 128 73
1247 810 1346
1476 223 72
930 89 315
1142 421 1117
1255 63 177
1211 431 979
1260 476 494
932 72 1923
1438 68 70
1157 215 1084
1160 94 1010
1285 93 102
1229 63 93
1733 159 102
1258 754 564
1728 78 73
1242 66 70
1275 567 481
1235 322 101
1251 65 74
1236 563 903
1182 532 1373
1153 130 1193
1209 72 72
1154 488 956
1282 282 70
1336 1030 971
1313 519 560
1404 64 74
1449 64 133
1180 104 138
1389 101 70
1726 329 69
1423 631 75
1190 167 718
1225 139 315
1245 483 833
1297 568 866
1209 736 963
1218 380 1252
1163 184 975
1527 76 71
1442 77 70
1248 471 669
1276 467 764
1265 530 688
1285 802 1104
1140 176 808
1198 88 620
1385 117 70
1344 1320 474
1341 200 90
1248 413 659
1242 1168 1871
1215 383 887
1233 795 1922
1192 542 158
1233 630 979
1116 62 74
1261 104 997
1238 929 1923
1247 413 516
1217 372 658
1197 755 933
1193 76 383
1199 100 1736
111 70 173
1277 415 297
1183 1922 906
1317 63 110
1342 726 520
1228 1135 1310
1283 331 518
1341 189 96
1520 410 97
1273 426 676
1256 742 912
764 66 278
1376 88 72
1338 577 792
1152 66 1103
1306 393 631
1280 387 369
1293 358 724
1242 383 928
1286 184 178
1301 558 573
1141 585 947
1380 65 128
1169 637 808
1112 65 192
1279 589 618
1070 65 108
1273 77 70
1206 429 883
1239 581 743
1341 647 891
1272 409 686
668 118 429
1242 84 100
1224 141 88
1315 609 845
1303 405 524
1213 526 541
1199 80 518
1197 80 55
1581 140 86
1357 88 70
1232 64 493
1222 77 137
1239 113 234
1047 63 150
1205 410 782
1293 283 91
224 93 340
1299 391 604
1145 534 437
1729 164 71
1415 64 69
1179 631 1531
685 155 337
1298 1358 1396
1117 65 200
1215 495 889
1288 504 590
1728 66 75
1279 406 591
1263 125 621
1312 1673 1833
1217 97 325
1250 403 71
825 74 325
1725 66 70
1261 1289 1170
1078 185 890
1349 169 105
1335 529 470
1240 435 649
1358 391 684
1223 531 914
1350 64 78
1247 327 288
1044 66 115
1187 503 414
1056 65 303
1095 493 1232
1164 64 175
1292 65 164
1283 461 802
1332 89 77
1304 116 77
1341 580 761
1212 566 920
1301 477 1231
1229 426 490
1355 549 505
1258 105 157
1284 486 634
1476 242 69
1276 578 504
1397 63 69
1216 353 1213
1120 104 1486
1063 64 233
1228 268 453
1316 465 294
1256 94 139
1245 652 629
1386 478 650
1061 68 743
1260 577 922
1275 431 531
1424 802 837
1169 65 115
1135 119 818
1423 1594 555
1261 656 915
1245 98 76
1424 917 969
1228 431 615
1438 562 724
1159 397 881
1290 586 889
1134 136 1192
1135 86 382
1321 102 70
1228 602 586
1171 235 611
1251 281 640
1729 407 70
1203 1089 644
1293 689 1014
1276 164 1559
1248 1923 1030
1282 391 436
1227 80 241
1239 261 573
1106 70 347
1279 295 747
1305 199 73
1247 1000 787
1317 384 344
1071 64 85
1120 683 1542
1221 549 1195
1246 110 108
1304 241 474
1451 161 92
1733 220 70
1325 683 903
1255 356 914
1086 855 1025
1231 452 1601
1373 196 88
842 119 213
1293 420 631
1351 638 570
1674 194 75
1184 301 607
1283 116 191
1427 1607 105
1359 598 684
1200 63 309
1259 540 487
1318 98 117
1211 63 184
1217 256 602
1159 64 319
1236 82 70
1242 677 1921
1231 67 463
1716 1921 69
1260 490 670
1171 64 410
1235 92 234
1277 549 498
1095 368 1780
1229 507 1596
1267 755 71
1307 708 870
1242 305 1212
1232 94 448
1248 346 708
1220 328 578
1242 575 511
1403 109 100
1272 1521 1877
1204 755 1169
1042 64 326
1239 609 983
1277 765 592
1261 390 863
1202 1511 1058
1246 337 1229
1244 621 1605
1304 67 281
1279 463 669
1215 115 132
1278 886 990
1305 64 81
1338 273 569
1166 1412 844
1124 91 75
1179 73 530
1343 532 240
1177 298 375
1724 103 72
1220 422 1081
1293 674 788
1255 799 281
1114 422 1738
1333 486 873
1218 1024 1316
1261 81 98
1268 63 79
1255 283 239
1196 97 228
1302 241 729
1236 63 1047
1260 239 77
1236 64 181
107 139 294
1412 604 500
1215 64 71
1337 547 420
1386 187 269
1296 555 656
1389 1923 791
1308 1204 496
1109 79 431
1215 104 151
1320 354 1034
1071 65 276
885 81 213
1252 362 647
1276 299 365
1530 662 68
1364 338 652
1234 354 561
1538 73 69
1195 183 890
1316 485 681
1229 582 629
1231 473 814
1686 106 70
1307 458 849
1166 314 782
1276 63 71
1294 462 1039
1515 70 69
1252 170 331
1225 596 540
1362 579 451
1203 679 794
1325 608 1056
866 66 540
1240 67 85
1272 659 944
1266 164 70
1232 801 1267
1190 273 556
1085 983 1095
1341 400 590
1092 1922 459
1065 64 267
801 125 229
1237 453 528
1384 919 312
1578 63 68
1185 74 195
1370 95 72
1508 63 69
1172 513 754
1266 67 70
1202 207 1923
1205 359 822
1008 85 153
1282 64 155
1352 1165 635
1335 386 792
1154 74 341
1663 221 69
1382 145 97
1371 676 125
1286 394 785
1123 276 1903
1305 110 75
1168 639 1835
1214 702 1104
1297 78 824
1500 87 71
1174 910 1162
1354 793 680
1213 675 1118
1458 111 72
1299 383 517
1258 411 718
1188 376 606
1216 554 763
1160 579 743
1308 150 670
1256 345 1131
1260 436 766
1183 563 1003
1179 525 704
1251 364 421
1730 143 150
1269 237 618
1242 322 436
1187 554 1437
1242 467 717
1137 188 1176
1438 65 70
1381 66 447
1343 615 228
1275 376 81
1335 63 72
1431 63 68
1228 472 879
1264 65 77
1311 479 332
1727 74 70
1673 147 69
1340 95 76
1394 146 128
1112 63 509
1197 64 300
1039 78 88
1219 615 1335
1283 862 524
1222 82 323
1321 599 379
1370 709 308
1339 826 713
1469 64 69
1196 471 791
1358 282 382
1118 151 747
1299 371 448
1322 170 71
1254 778 1000
1433 706 1130
1243 803 869
1171 582 652
1182 67 255
1731 68 70
1365 562 890
1340 534 508
1260 436 226
1306 85 75
1304 509 1055
1272 228 404
1302 889 590
1260 319 586
1105 294 1666
1208 395 779
1212 261 555
1295 246 454
1150 435 424
1381 81 79
1356 114 101
1145 468 1298
1268 71 71
1607 77 92
1220 684 1102
1321 65 75
1329 672 595
1372 917 929
1264 329 1153
1217 363 166
1131 639 941
1297 145 433
1256 65 70
1261 920 409
1304 946 1040
1231 586 539
1325 477 390
1359 1286 660
1412 128 75
1429 92 69
1376 509 394
1209 69 220
1077 487 1921
1000 84 504
1304 168 267
1453 64 69
1552 104 69
1329 763 662
1066 78 120
915 89 177
1202 624 850
1297 389 270
1496 1242 513
1355 217 344
1032 65 225
1303 1019 912
1080 88 86
1286 310 311
1204 198 70
1609 146 71
1271 501 455
1107 720 1159
1549 91 80
1443 68 92
1346 1564 613
1191 64 249
1342 198 76
1003 960 1411
1066 815 1542
1287 658 149
1196 319 798
1341 1339 559
1296 71 70
1151 436 1616
1229 64 72
1332 429 427
1346 373 736
1534 498 78
1225 404 359
1340 84 179
1212 460 481
1299 657 506
1246 1015 1571
1211 72 130
1600 64 71
513 125 791
1264 64 69
1348 415 392
1296 450 452
1207 209 196
1262 660 796
1252 277 532
855 113 170
1371 430 119
1179 586 1279
969 91 151
1382 173 80
1367 573 341
1730 209 73
1220 580 784
1194 149 1185
1216 69 299
1243 387 495
1221 375 725
1458 64 69
1201 1697 1768
1261 67 541
1346 1268 1563
1343 68 112
973 110 125
1348 585 1123
1389 138 84
1175 284 102
1311 117 70
1242 1079 1091
1359 402 67
1234 83 1371
927 94 248
1354 418 432
1267 436 658
1295 110 69
1163 534 904
1245 118 324
1187 305 542
1174 497 945
1231 462 651
1298 811 643
1291 353 548
1275 595 319
1163 46 1556
1123 301 1915
1323 91 113
1268 450 1024
1293 559 459
1181 63 309
1368 963 494
1174 145 201
1295 1076 1376
805 94 230
1257 467 342
1177 281 742
1551 65 68
1244 357 463
1342 636 923
1164 343 699
1262 66 195
1329 449 409
1077 194 1264
1320 469 998
1020 66 90
1163 96 280
1698 63 72
1188 64 90
1281 65 94
1270 664 95
1289 63 70
1207 606 1688
1282 152 74
1142 538 516
1127 719 1218
1473 723 73
1283 412 512
1532 75 68
1329 780 853
1502 139 103
1223 421 725
1285 452 871
1274 68 573
1336 937 325
1303 64 1398
1265 242 652
1253 649 397
1218 812 1691
1201 627 1050
978 76 212
1207 659 448
1271 72 70
1214 691 1050
1380 226 70
963 78 141
1370 63 137
1138 74 1325
1176 699 677
1250 91 90
1241 63 71
1224 82 72
1138 310 1865
1253 95 1754
1218 453 301
1275 287 386
1271 323 517
1089 115 1793
1150 237 1292
1121 68 691
1128 66 105
1149 535 967
1351 82 83
1319 473 721
1422 63 89
658 126 348
1258 317 418
1278 63 72
1411 884 565
1375 254 73
1167 358 775
1473 671 405
1273 180 70
1423 147 69
1326 498 1066
1191 418 801
1151 64 183
1121 238 1923
1252 1113 1627
1484 145 220
835 80 378
1345 79 69
1096 592 878
1329 263 457
1089 64 91
1195 63 463
1376 694 554
1249 72 76
1288 149 86
1439 209 69
1239 239 629
1463 1921 85
1210 550 603
1276 103 258
1235 212 99
1323 717 70
1208 1407 1621
1264 67 73
1406 62 70
1309 368 541
1620 130 70
1254 132 1099
1341 401 245
1260 418 551
1402 693 196
1379 521 444
1246 423 799
973 66 225
1372 68 72
1271 66 366
1358 787 733
1262 311 680
1272 405 805
1426 687 142
1246 63 926
1160 595 943
1348 255 667
1347 244 476
1293 650 870
1285 695 1119
1299 151 202
1641 77 68
1259 91 76
1233 65 185
1224 421 707
1109 233 93
1322 822 561
1257 456 811
1172 64 82
1347 382 789
1430 124 89
1286 417 541
1158 77 135
1724 540 72
1244 849 229
1337 78 146
1352 71 107
1269 474 337
1112 68 153
1285 1923 1796
1191 230 1520
1308 538 675
1246 419 1163
1256 627 436
1414 1911 111
1279 720 740
1230 576 618
1285 75 776
1290 119 125
1214 810 1104
1464 1754 293
1226 385 1123
1564 82 120
1317 100 138
1318 871 1264
1221 63 78
1176 154 856
1408 159 81
1024 68 1695
1127 1899 1920
1277 311 514
1199 572 1163
1394 123 377
1293 462 727
1248 65 90
1620 72 70
1206 466 815
1195 873 1454
1270 522 1076
1177 426 681
1266 64 74
1293 786 448
1501 144 73
1730 249 69
1730 173 90
1268 497 310
1120 65 136
1115 540 1395
1252 1921 1921
1143 163 1117
1449 331 68
1235 358 592
1416 77 72
1111 88 216
1336 467 795
1297 457 747
1238 151 274
1217 692 791
1244 554 1108
1266 308 646
1401 71 70
1150 1099 1653
1153 66 216
1262 732 403
1164 507 1024
1343 1016 516
1252 292 608
1338 69 71
1362 518 607
1290 117 82
1424 348 114
1301 552 839
849 87 210
1222 218 467
1529 64 109
1238 320 1004
1258 609 636
1376 64 74
1421 362 69
1273 444 1194
1239 264 1276
1273 105 144
1165 69 97
1309 87 98
1222 666 1309
1429 65 70
1088 874 1002
1345 566 354
1266 698 1686
1125 113 231
1144 542 984
1364 64 69
1156 66 122
1345 332 261
1182 244 362
1379 64 71
1292 434 391
1214 393 700
1298 762 749
1204 168 1836
1270 732 707
1031 96 1292
1191 469 1138
1383 766 815
1422 426 598
1407 503 100
1171 448 938
1206 824 1299
1330 442 419
1261 486 373
1297 431 608
1275 566 477
1176 311 457
1591 147 69
1732 144 71
1241 85 69
1303 737 478
1643 576 69
1283 314 695
1433 73 70
1168 510 201
1035 66 119
1352 448 663
1269 118 497
1276 713 654
1329 397 323
1288 68 76
1323 571 585
1023 83 377
1273 69 186
1385 451 457
1253 71 74
1286 528 1051
1185 529 1075
1244 815 1096
1327 64 111
1205 722 1075
964 87 1785
1165 604 1605
1480 701 493
1339 405 1219
1296 405 285
1257 481 434
1017 87 88
1144 202 818
1145 63 94
1145 65 81
1275 64 132
1600 1257 87
1386 1465 107
1625 78 69
1279 66 118
1300 158 74
1285 125 78
1218 364 936
1191 64 114
1325 708 592
1730 127 102
1730 136 68
1290 723 606
1318 170 71
1286 65 141
1160 89 1690
1169 284 862
1300 541 460
1038 65 370
1229 609 932
1019 66 1248
1171 605 598
1271 70 157
1168 544 724
1119 204 1450
1279 477 614
1189 80 162
1285 634 1602
1087 78 377
1303 63 154
1262 78 115
1284 565 599
1145 697 1226
1273 751 1047
1243 1921 1834
1368 85 69
1197 78 338
1420 183 69
1286 379 171
1258 179 76
1408 281 249
944 66 115
1540 67 72
1277 422 722
1254 422 902
1423 1892 1041
1308 343 639
1463 132 95
1115 661 1921
1310 220 227
1187 523 931
1238 664 128
1183 372 667
1238 739 1580
1056 225 94
1254 502 305
1213 452 1210
1242 412 606
1361 1404 1209
1634 228 70
1288 290 553
1264 82 205
1221 62 156
1312 188 92
1231 190 649
1193 98 391
1226 526 1171
1623 65 68
1241 73 225
1134 149 1108
1279 461 536
951 64 210
1186 879 555
1252 314 867
1201 1062 1922
1331 489 168
1575 123 73
1404 682 432
1221 368 701
1076 69 1532
1148 292 92
1248 288 527
1468 65 69
1290 157 322
1097 892 1671
1430 843 270
1435 64 69
1354 1068 839
1022 129 207
1469 64 73
1287 270 411
1182 64 151
1087 76 98
1720 71 90
1271 704 69
900 103 275
1253 87 85
1254 72 151
1223 370 492
1216 664 774
1299 760 1729
1270 943 663
1189 87 191
1262 65 182
1332 138 71
1250 65 249
1241 463 690
1505 126 145
1277 387 510
1434 260 248
1263 670 646
1204 380 799
1331 387 421
1080 83 80
1227 68 74
1363 731 1026
1142 585 1303
1321 65 71
1341 1593 1858
1195 546 589
1215 71 87
1201 113 91
1155 571 1316
1327 63 70
1406 825 415
1202 507 975
1103 65 103
1224 375 898
1428 88 110
1331 438 595
1175 367 542
1094 851 1810
1154 65 106
1334 448 135
1270 1094 1459
1265 319 677
1335 728 837
1287 504 77
1254 329 470
1226 399 1245
1362 200 88
1238 397 260
1577 90 69
987 69 1921
1203 63 74
1728 174 68
1197 130 198
1338 598 6
1363 751 568
1302 64 76
1279 284 612
1198 580 894
931 86 177
1415 65 71
1181 76 72
1245 114 366
1128 680 1287
1514 65 75
646 119 290
1262 423 854
1426 534 433
1394 66 71
1299 1886 1156
1364 65 69
1426 249 348
1398 1159 824
1537 104 69
1190 859 827
1278 95 76
1266 328 636
1301 665 802
1162 285 78
1255 409 797
1240 443 757
1106 74 119
1290 649 792
1107 115 84
1355 759 555
1177 550 1177
912 64 154
1240 209 325
1241 333 995
1353 350 590
1370 122 92
1247 565 1458
1350 377 450
1331 635 501
1207 560 1086
1307 148 522
1241 858 928
1260 724 786
1219 84 73
1251 501 730
1226 300 444
1175 485 1198
804 73 627
1392 70 74
1250 109 378
1357 569 493
1414 234 76
1284 391 383
1266 217 74
1265 268 611
1348 268 443
1108 71 164
1296 631 1200
1048 130 1898
1693 63 70
1263 560 618
1394 664 70
1213 767 1074
1266 577 663
995 65 227
1224 94 650
1399 142 74
1126 64 87
1700 164 70
1172 66 158
1262 442 430
1336 341 532
1173 556 1363
1239 359 502
1155 113 144
1244 404 500
1336 65 71
1301 139 69
1292 1033 870
1164 788 1631
1152 414 1057
1566 225 69
1222 493 790
1030 67 226
1168 279 673
1278 70 93
1138 196 795
1276 836 1598
1184 365 668
1249 64 88
1205 64 1191
1190 548 681
1117 82 93
1238 531 978
1201 187 581
1268 1310 847
1209 73 77
1343 596 685
1302 413 760
1578 63 69
1219 618 1051
1334 1485 305
1293 312 463
1318 320 98
1188 260 837
1254 859 129
1305 437 636
1214 329 291
1291 363 697
1302 519 1008
1190 370 598
1206 708 822
1288 149 108
1333 463 846
1177 91 137
1224 655 1614
1384 68 152
1287 695 1191
1316 715 651
1177 265 752
1383 332 73
1320 495 71
1257 196 83
1288 69 133
1454 186 70
1332 424 360
1302 496 1232
1412 461 70
1227 121 799
1327 423 523
1405 83 156
1126 360 587
1291 383 575
1280 520 441
1271 729 562
1282 335 808
1067 276 1596
1188 526 790
1350 429 493
1421 853 589
851 95 360
1184 287 870
1321 198 585
1268 426 722
1262 534 795
950 70 132
1463 63 76
1217 480 1773
1264 601 875
1165 764 769
1234 65 367
1270 806 938
1230 582 914
1339 89 72
1216 901 928
1304 268 686
1342 219 397
1268 343 698
957 94 366
1728 361 69
1359 764 724
1189 84 73
1238 90 72
1459 96 96
1207 332 400
1139 415 1171
1258 463 529
1240 368 567
1342 698 148
1303 100 108
1317 1146 1238
1306 687 771
1171 76 752
1250 389 814
1217 66 144
1712 66 69
1090 64 454
1442 134 73
1367 64 110
1366 585 537
1291 157 451
1058 65 79
1258 374 700
1386 906 248
955 71 109
883 85 650
1205 69 308
1292 443 1922
1272 312 368
1072 105 113
1229 814 766
1277 447 643
1211 74 74
1598 64 68
1261 497 764
1354 89 69
1243 73 71
1282 1923 1766
1181 632 825
1364 94 76
938 92 140
EOM 92538 137509 2036 0 0 0 0 0 0 0 0 0
